Date,Open,High,Low,Close,Adj Close,Volume
2002-08-12,62.54999923706055,64.3499984741211,62.54999923706055,63.900001525878906,51.610862731933594,19584.0
2002-08-13,64.75,67.19999694824219,64.0,66.05000305175781,53.347373962402344,28556.0
2002-08-14,67.0,68.5,65.0,65.25,52.70123291015625,22730.0
2002-08-16,66.9000015258789,67.5,65.0999984741211,66.69999694824219,53.87236404418945,6652.0
2002-08-19,67.0,67.0,64.69999694824219,64.94999694824219,52.458919525146484,24531.0
2002-08-20,64.5999984741211,65.6500015258789,64.5,64.9000015258789,52.41854476928711,5117.0
2002-08-21,66.44999694824219,66.44999694824219,63.0,63.5,51.28778839111328,15059.0
2002-08-22,63.25,63.900001525878906,60.900001525878906,62.150001525878906,50.19741439819336,5414.0
2002-08-23,61.5,62.5,60.0,61.25,49.47050476074219,7540.0
2002-08-26,61.0,62.29999923706055,60.650001525878906,61.599998474121094,49.753196716308594,5286.0
2002-08-27,61.75,61.900001525878906,61.0,61.45000076293945,49.63203430175781,2255.0
2002-08-28,60.900001525878906,61.45000076293945,60.54999923706055,61.400001525878906,49.5916633605957,2673.0
2002-08-29,61.25,61.29999923706055,58.5,59.54999923706055,48.097442626953125,4883.0
2002-08-30,59.5,59.70000076293945,59.0,59.099998474121094,47.733985900878906,1890.0
2002-09-02,60.75,60.75,59.25,59.599998474121094,48.137821197509766,3950.0
2002-09-03,59.599998474121094,60.400001525878906,58.75,59.900001525878906,48.38013458251953,1450.0
2002-09-04,59.70000076293945,60.349998474121094,59.099998474121094,60.349998474121094,48.74358367919922,2770.0
2002-09-05,62.0,62.5,60.75,62.099998474121094,50.15703201293945,4809.0
2002-09-06,60.400001525878906,62.0,59.75,60.29999923706055,48.70320129394531,5071.0
2002-09-09,60.79999923706055,60.900001525878906,60.45000076293945,60.45000076293945,48.82435989379883,300.0
2002-09-11,59.79999923706055,59.849998474121094,59.20000076293945,59.400001525878906,47.976295471191406,400.0
2002-09-12,60.25,60.25,59.04999923706055,60.25,48.66282272338867,525.0
2002-09-13,61.0,61.0,57.5,57.95000076293945,46.80514907836914,3485.0
2002-09-16,60.0,60.0,58.20000076293945,58.20000076293945,47.007076263427734,930.0
2002-09-17,58.20000076293945,59.099998474121094,58.0,58.0,46.84553909301758,1150.0
2002-09-18,57.150001525878906,58.45000076293945,56.0,58.45000076293945,47.20900344848633,150.0
2002-09-19,57.0,58.349998474121094,56.45000076293945,56.70000076293945,45.795562744140625,616.0
2002-09-20,58.0,58.0,56.25,56.54999923706055,45.674400329589844,400.0
2002-09-23,56.5,56.95000076293945,56.150001525878906,56.900001525878906,45.957088470458984,750.0
2002-09-24,56.29999923706055,56.29999923706055,56.25,56.25,45.43209457397461,300.0
2002-09-25,56.70000076293945,56.70000076293945,53.0,53.099998474121094,42.88790512084961,2575.0
2002-09-26,54.0,57.70000076293945,53.70000076293945,54.70000076293945,44.18019485473633,1310.0
2002-09-27,55.70000076293945,55.70000076293945,55.04999923706055,55.04999923706055,44.46287155151367,250.0
2002-09-30,54.599998474121094,55.599998474121094,54.25,54.599998474121094,44.099422454833984,475.0
2002-10-01,55.25,55.29999923706055,54.0,54.54999923706055,44.05903625488281,1100.0
2002-10-03,53.599998474121094,53.599998474121094,53.54999923706055,53.54999923706055,43.25135803222656,200.0
2002-10-04,54.0,54.099998474121094,54.0,54.099998474121094,43.69557189941406,170.0
2002-10-07,53.099998474121094,54.29999923706055,53.0,53.150001525878906,42.928287506103516,1675.0
2002-10-08,54.45000076293945,54.5,53.5,53.75,43.41288757324219,4300.0
2002-10-09,53.099998474121094,54.25,53.04999923706055,53.849998474121094,43.493648529052734,750.0
2002-10-10,52.54999923706055,54.45000076293945,52.0,53.900001525878906,43.5340461730957,4123.0
2002-10-11,56.45000076293945,56.45000076293945,53.599998474121094,54.849998474121094,44.30134201049805,632.0
2002-10-14,56.04999923706055,59.5,56.04999923706055,56.5,45.63401412963867,1980.0
2002-10-16,59.5,59.5,56.25,57.150001525878906,46.15900421142578,4465.0
2002-10-17,57.0,58.45000076293945,57.0,57.95000076293945,46.80514907836914,501.0
2002-10-18,58.0,58.79999923706055,58.0,58.79999923706055,47.491676330566406,896.0
2002-10-21,58.0,58.5,58.0,58.349998474121094,47.12822341918945,800.0
2002-10-22,57.04999923706055,57.95000076293945,56.5,56.650001525878906,45.75516128540039,1080.0
2002-10-23,56.349998474121094,56.349998474121094,55.349998474121094,55.849998474121094,45.1090202331543,1515.0
2002-10-24,55.0,55.0,55.0,55.0,44.42249298095703,100.0
2002-10-25,53.349998474121094,55.0,53.349998474121094,54.849998474121094,44.30134201049805,171.0
2002-10-28,57.0,57.599998474121094,56.29999923706055,56.29999923706055,45.47248077392578,689.0
2002-10-29,57.5,59.0,57.0,57.5,46.44169616699219,5783.0
2002-10-30,58.400001525878906,62.0,58.25,60.79999923706055,49.1070442199707,16900.0
2002-10-31,61.900001525878906,63.0,59.75,60.099998474121094,48.54166793823242,10100.0
2002-11-01,61.0,64.9000015258789,60.5,62.099998474121094,50.15703201293945,32443.0
2002-11-04,62.54999923706055,62.599998474121094,61.20000076293945,61.54999923706055,49.71281433105469,5435.0
2002-11-05,62.54999923706055,62.70000076293945,60.54999923706055,61.75,49.87434005737305,3702.0
2002-11-07,62.0,67.0,61.900001525878906,65.0999984741211,52.580074310302734,13620.0
2002-11-08,68.80000305175781,68.80000305175781,63.5,64.0,51.691627502441406,16771.0
2002-11-11,65.80000305175781,65.80000305175781,63.0,64.30000305175781,51.93394088745117,7273.0
2002-11-12,64.0999984741211,64.5,63.54999923706055,64.0999984741211,51.77239227294922,16900.0
2002-11-13,63.150001525878906,63.599998474121094,62.5,63.29999923706055,51.12624740600586,2702.0
2002-11-14,63.95000076293945,64.5,63.400001525878906,64.19999694824219,51.85316467285156,5836.0
2002-11-15,65.0,65.05000305175781,63.0,64.5,52.095462799072266,32100.0
2002-11-18,65.0999984741211,66.94999694824219,62.79999923706055,63.150001525878906,51.00510787963867,57545.0
2002-11-20,64.69999694824219,64.80000305175781,63.849998474121094,64.0,51.691627502441406,2900.0
2002-11-21,65.25,65.5,63.0,63.04999923706055,50.92433166503906,10250.0
2002-11-22,63.349998474121094,66.5,63.349998474121094,65.4000015258789,52.8223876953125,13105.0
2002-11-25,66.25,69.4000015258789,65.69999694824219,67.3499984741211,54.397361755371094,27884.0
2002-11-26,68.5,68.80000305175781,65.69999694824219,66.1500015258789,53.42815017700195,21418.0
2002-11-27,65.5,67.0,64.5,64.9000015258789,52.41854476928711,11819.0
2002-11-28,65.0,66.30000305175781,65.0,65.9000015258789,53.226234436035156,4186.0
2002-12-02,66.0,67.75,65.5,67.44999694824219,54.478126525878906,9932.0
2002-12-03,66.5,66.75,65.75,66.0,53.3069953918457,5404.0
2002-12-04,58.04999923706055,65.80000305175781,57.400001525878906,65.0999984741211,52.580074310302734,2828.0
2002-12-05,64.5,66.5,64.5,65.4000015258789,52.8223876953125,1709.0
2002-12-06,65.0,65.0,64.30000305175781,64.5,52.095462799072266,5180.0
2002-12-09,66.8499984741211,66.8499984741211,64.55000305175781,65.25,52.70123291015625,6269.0
2002-12-10,64.5,65.0,63.099998474121094,64.4000015258789,52.01469421386719,4770.0
2002-12-11,64.55000305175781,65.5,64.5,64.5999984741211,52.176239013671875,4539.0
2002-12-12,64.0,64.94999694824219,64.0,64.80000305175781,52.33777618408203,3820.0
2002-12-13,65.0,65.44999694824219,64.0,64.0999984741211,51.77239227294922,6176.0
2002-12-16,64.5,65.5,64.3499984741211,64.8499984741211,52.37814712524414,8350.0
2002-12-17,65.0999984741211,65.30000305175781,64.6500015258789,65.1500015258789,52.62046813964844,6615.0
2002-12-18,64.55000305175781,78.0999984741211,64.5,73.5999984741211,59.44536590576172,100712.0
2002-12-19,72.0,75.8499984741211,72.0,73.44999694824219,59.324214935302734,37396.0
2002-12-20,73.5,73.80000305175781,69.6500015258789,70.69999694824219,57.10309600830078,13611.0
2002-12-23,72.0,73.0,69.0999984741211,69.3499984741211,56.01271438598633,23257.0
2002-12-24,66.0,74.0,66.0,71.75,57.95115280151367,26836.0
2002-12-26,72.0,73.8499984741211,71.75,71.8499984741211,58.031925201416016,12721.0
2002-12-27,72.0,72.4000015258789,70.0,70.30000305175781,56.780025482177734,9021.0
2002-12-30,71.0,73.4000015258789,69.19999694824219,71.25,57.54732131958008,14183.0
2002-12-31,71.0,73.19999694824219,71.0,71.5999984741211,57.83000564575195,7745.0
2003-01-01,72.0999984741211,76.75,72.0999984741211,74.8499984741211,60.45497512817383,29235.0
2003-01-02,75.0,79.9000015258789,75.0,79.0999984741211,63.88762664794922,64351.0
2003-01-03,81.0,82.80000305175781,78.0,79.44999694824219,64.1703109741211,90566.0
2003-01-06,79.30000305175781,80.9000015258789,78.0,78.25,63.20108413696289,38864.0
2003-01-07,79.5,87.5,79.4000015258789,85.25,68.8548583984375,206170.0
2003-01-08,82.0,88.25,82.0,84.30000305175781,68.08755493164062,123893.0
2003-01-09,84.55000305175781,85.9000015258789,82.1500015258789,83.19999694824219,67.1991195678711,70136.0
2003-01-10,82.05000305175781,84.0,82.0,82.1500015258789,66.3510513305664,46141.0
2003-01-13,83.0,83.5,81.05000305175781,82.0,66.22989654541016,19778.0
2003-01-14,82.55000305175781,82.94999694824219,80.0,82.05000305175781,66.2702865600586,17595.0
2003-01-15,85.0,85.0,81.25,81.80000305175781,66.0683822631836,19548.0
2003-01-16,82.75,83.0,82.0,82.44999694824219,66.5933609008789,13383.0
2003-01-17,82.3499984741211,86.4000015258789,82.3499984741211,85.19999694824219,68.81448364257812,52479.0
2003-01-20,85.80000305175781,85.80000305175781,80.0999984741211,81.05000305175781,65.46261596679688,14714.0
2003-01-21,81.25,81.75,79.5999984741211,79.94999694824219,64.57414245605469,11351.0
2003-01-22,80.19999694824219,80.9000015258789,79.19999694824219,79.5999984741211,64.29145812988281,12676.0
2003-01-23,79.94999694824219,79.94999694824219,77.0,78.1500015258789,63.120330810546875,12205.0
2003-01-24,78.0,80.0,75.5,77.0,62.191490173339844,19323.0
2003-01-27,77.5,77.5,74.0,74.30000305175781,60.01074981689453,9656.0
2003-01-28,79.0,79.0,73.05000305175781,74.8499984741211,60.45497512817383,4203.0
2003-01-29,73.5,75.5,73.5,74.5,60.17228698730469,3600.0
2003-01-30,74.0,74.5,73.0,73.30000305175781,59.20306396484375,2176.0
2003-01-31,72.5,73.5,71.5999984741211,72.3499984741211,58.43577575683594,5608.0
2003-02-03,73.0,74.8499984741211,73.0,73.5,59.364601135253906,3930.0
2003-02-04,70.0,75.0,70.0,73.4000015258789,59.283836364746094,3480.0
2003-02-05,74.0,74.0,71.25,71.80000305175781,57.99155044555664,3808.0
2003-02-06,71.69999694824219,72.94999694824219,71.5999984741211,72.75,58.75885772705078,1237.0
2003-02-07,72.55000305175781,73.75,71.75,72.30000305175781,58.3953857421875,4110.0
2003-02-10,72.80000305175781,72.80000305175781,70.0,70.0999984741211,56.61848831176758,7055.0
2003-02-11,70.5999984741211,71.25,70.0,70.55000305175781,56.9819450378418,2373.0
2003-02-12,70.19999694824219,70.19999694824219,69.25,69.4000015258789,56.0531120300293,2742.0
2003-02-14,67.0,69.94999694824219,66.75,68.05000305175781,54.962730407714844,5416.0
2003-02-17,73.80000305175781,73.9000015258789,71.0,72.6500015258789,58.67807388305664,3893.0
2003-02-18,76.69999694824219,76.69999694824219,71.0,71.3499984741211,57.628082275390625,6185.0
2003-02-19,71.6500015258789,72.69999694824219,70.3499984741211,70.6500015258789,57.062713623046875,8599.0
2003-02-20,71.0,72.5,71.0,71.0,57.345394134521484,6526.0
2003-02-21,66.0,73.4000015258789,63.5,70.5999984741211,57.0223274230957,2885.0
2003-02-24,72.4000015258789,72.5,70.0999984741211,70.9000015258789,57.26464080810547,4310.0
2003-02-25,70.0999984741211,71.0,69.05000305175781,70.19999694824219,56.69924545288086,1090.0
2003-02-26,70.0,70.0,68.5999984741211,69.3499984741211,56.01271438598633,4190.0
2003-02-27,70.19999694824219,70.55000305175781,69.44999694824219,69.8499984741211,56.416568756103516,10238.0
2003-02-28,70.0,71.0,69.0999984741211,69.80000305175781,56.37619400024414,4046.0
2003-03-03,71.5,78.3499984741211,70.5,73.5,59.364601135253906,37267.0
2003-03-04,73.94999694824219,77.3499984741211,73.94999694824219,74.80000305175781,60.41458511352539,34052.0
2003-03-05,74.69999694824219,75.0,73.0,73.69999694824219,59.52613830566406,9350.0
2003-03-06,73.5,74.75,72.0999984741211,72.30000305175781,58.3953857421875,12409.0
2003-03-07,73.4000015258789,73.4000015258789,69.75,71.19999694824219,57.506927490234375,16574.0
2003-03-10,69.05000305175781,69.05000305175781,58.0,65.44999694824219,52.86275863647461,19107.0
2003-03-11,65.69999694824219,66.5,63.900001525878906,64.0999984741211,51.77239227294922,19507.0
2003-03-12,66.9000015258789,68.0,64.94999694824219,65.19999694824219,52.66084671020508,5548.0
2003-03-13,65.05000305175781,66.3499984741211,65.05000305175781,65.44999694824219,52.86275863647461,2458.0
2003-03-17,66.25,66.25,64.0,64.5,52.095462799072266,5080.0
2003-03-19,64.30000305175781,65.0,64.0,64.6500015258789,52.21662521362305,3375.0
2003-03-20,64.19999694824219,69.5,64.19999694824219,65.5999984741211,52.983917236328125,5733.0
2003-03-24,64.94999694824219,65.0,63.25,63.650001525878906,51.4089469909668,25638.0
2003-03-25,65.5,65.5,62.5,62.70000076293945,50.641639709472656,3650.0
2003-03-26,62.349998474121094,62.400001525878906,62.0,62.29999923706055,50.318565368652344,1070.0
2003-03-27,62.0,63.900001525878906,59.0,59.45000076293945,48.01667404174805,12972.0
2003-03-28,61.45000076293945,61.45000076293945,58.25,58.849998474121094,47.532073974609375,2025.0
2003-03-31,59.95000076293945,61.0,58.0,59.95000076293945,48.42051315307617,5300.0
2003-04-01,57.0,60.0,57.0,59.400001525878906,47.976295471191406,3238.0
2003-04-02,60.0,62.0,59.95000076293945,60.0,48.46090316772461,4520.0
2003-04-03,60.900001525878906,62.79999923706055,60.900001525878906,62.5,50.4801025390625,5915.0
2003-04-04,63.0,63.0,61.150001525878906,62.5,50.4801025390625,13256.0
2003-04-07,64.0,66.5999984741211,64.0,65.05000305175781,52.53969955444336,14880.0
2003-04-08,66.0,68.0,66.0,67.25,54.31658935546875,6445.0
2003-04-09,67.0,68.0,66.5,67.5999984741211,54.599281311035156,6700.0
2003-04-10,67.9000015258789,67.94999694824219,65.0,65.3499984741211,52.7819938659668,3491.0
2003-04-11,66.19999694824219,67.80000305175781,66.19999694824219,66.5,53.71083068847656,4601.0
2003-04-15,70.5,70.5,67.0,67.6500015258789,54.63966751098633,5140.0
2003-04-16,64.75,64.94999694824219,64.0,64.0,53.675193786621094,3495.0
2003-04-17,64.0,64.0,61.54999923706055,62.5,52.417179107666016,2707.0
2003-04-21,62.599998474121094,63.5,62.599998474121094,63.5,53.2558479309082,1830.0
2003-04-22,64.0,64.0,63.0,63.75,53.465518951416016,7047.0
2003-04-23,64.25,64.5999984741211,63.650001525878906,64.05000305175781,53.717132568359375,1567.0
2003-04-24,64.5,64.5,63.04999923706055,63.650001525878906,53.381656646728516,1197.0
2003-04-25,64.0,65.5,63.0,65.05000305175781,54.555809020996094,18885.0
2003-04-28,66.0,69.4000015258789,66.0,67.1500015258789,56.317012786865234,38857.0
2003-04-29,67.5,69.25,67.0999984741211,67.5,56.61054611206055,15197.0
2003-04-30,68.44999694824219,68.5,68.0,68.0,57.02988815307617,6601.0
2003-05-02,69.5,74.0,68.5,72.94999694824219,61.181331634521484,24554.0
2003-05-05,74.5,76.75,71.8499984741211,72.05000305175781,60.42652130126953,47110.0
2003-05-06,72.0,73.55000305175781,71.0,71.55000305175781,60.00718307495117,23412.0
2003-05-07,71.25,71.9000015258789,70.0,70.4000015258789,59.04270553588867,6493.0
2003-05-08,70.0999984741211,70.0999984741211,68.0,68.55000305175781,57.49116516113281,17201.0
2003-05-09,72.5,72.5,68.5,69.25,58.07823181152344,2640.0
2003-05-12,69.4000015258789,73.0,69.4000015258789,71.94999694824219,60.342655181884766,13763.0
2003-05-13,72.0,74.4000015258789,72.0,73.69999694824219,61.810333251953125,16609.0
2003-05-14,74.0,74.6500015258789,72.55000305175781,73.1500015258789,61.349063873291016,13025.0
2003-05-15,73.75,78.5,73.05000305175781,77.80000305175781,65.2489013671875,40697.0
2003-05-16,78.55000305175781,80.1500015258789,77.05000305175781,77.19999694824219,64.74569702148438,13137.0
2003-05-19,76.9000015258789,77.9000015258789,76.0999984741211,76.0999984741211,63.82316589355469,17997.0
2003-05-20,75.0,77.69999694824219,75.0,76.9000015258789,64.49409484863281,12717.0
2003-05-21,76.5,80.0,76.5,78.05000305175781,65.45858001708984,32169.0
2003-05-22,79.0,85.0,78.0,84.1500015258789,70.57450103759766,81381.0
2003-05-23,86.80000305175781,89.9000015258789,83.05000305175781,83.4000015258789,69.94548034667969,71869.0
2003-05-26,84.0,91.0,82.8499984741211,88.30000305175781,74.05500030517578,101452.0
2003-05-27,89.9000015258789,91.5,89.5,90.1500015258789,75.60655212402344,98322.0
2003-05-28,91.0,91.0,87.30000305175781,89.4000015258789,74.97752380371094,61098.0
2003-05-29,90.0,90.9000015258789,88.05000305175781,90.3499984741211,75.77427673339844,49356.0
2003-05-30,89.5,90.69999694824219,88.69999694824219,90.1500015258789,75.60655212402344,57381.0
2003-06-02,93.9000015258789,96.80000305175781,92.0,93.3499984741211,78.290283203125,59305.0
2003-06-03,94.0,94.0,90.0,91.4000015258789,76.65487670898438,37723.0
2003-06-04,93.0,93.0,91.0,91.8499984741211,77.03228759765625,25879.0
2003-06-05,91.55000305175781,93.30000305175781,91.0,92.55000305175781,77.61936950683594,45780.0
2003-06-06,93.05000305175781,94.0,90.05000305175781,92.0,77.15808868408203,21644.0
2003-06-09,92.55000305175781,93.0,91.0,92.0,77.15808868408203,62881.0
2003-06-10,91.9000015258789,93.0,91.19999694824219,92.0999984741211,77.24195098876953,22858.0
2003-06-11,91.5999984741211,97.19999694824219,90.5999984741211,96.0999984741211,80.5966567993164,104857.0
2003-06-12,96.75,106.80000305175781,94.0999984741211,103.4000015258789,86.71897888183594,232746.0
2003-06-13,99.9000015258789,113.0,99.9000015258789,109.75,92.0445785522461,237795.0
2003-06-16,109.9000015258789,110.0,105.0,108.69999694824219,91.16394805908203,76511.0
2003-06-17,109.80000305175781,109.80000305175781,107.0,108.1500015258789,90.70269775390625,49185.0
2003-06-18,109.4000015258789,112.4000015258789,107.0999984741211,108.44999694824219,90.95428466796875,56858.0
2003-06-19,108.69999694824219,109.44999694824219,105.0,105.9000015258789,88.815673828125,42794.0
2003-06-20,105.44999694824219,105.5,102.0999984741211,103.6500015258789,86.92864990234375,20243.0
2003-06-23,109.5,112.9000015258789,103.5,111.25,93.30258178710938,99771.0
2003-06-24,111.0,118.5999984741211,110.30000305175781,116.1500015258789,97.41209411621094,146298.0
2003-06-25,117.0,120.30000305175781,114.5,115.75,97.07661437988281,69565.0
2003-06-26,116.5,119.5,111.1500015258789,112.75,94.56059265136719,73436.0
2003-06-27,115.0,117.0,111.9000015258789,115.0999984741211,96.53147888183594,60353.0
2003-06-30,117.9000015258789,121.94999694824219,117.69999694824219,119.3499984741211,100.09584045410156,178137.0
2003-07-01,120.0,126.5,118.0,124.9000015258789,104.75048065185547,130205.0
2003-07-02,126.80000305175781,129.0,119.0,121.6500015258789,102.0248031616211,119270.0
2003-07-03,122.9000015258789,123.44999694824219,117.3499984741211,118.19999694824219,99.13136291503906,55936.0
2003-07-04,119.25,122.4000015258789,117.19999694824219,121.5,101.89898681640625,34234.0
2003-07-07,122.0,122.3499984741211,118.0,118.55000305175781,99.42491149902344,24533.0
2003-07-08,118.5,118.8499984741211,115.0,115.25,96.65727996826172,22245.0
2003-07-09,116.0,117.5,113.0,114.05000305175781,95.65087127685547,32153.0
2003-07-10,114.9000015258789,115.0,108.19999694824219,109.69999694824219,92.00263214111328,44814.0
2003-07-11,107.0,111.5,106.0999984741211,109.94999694824219,92.21229553222656,12936.0
2003-07-14,110.0,113.9000015258789,109.0,112.5999984741211,94.4347915649414,37149.0
2003-07-15,113.0,114.75,108.5999984741211,112.30000305175781,94.18319702148438,22486.0
2003-07-16,111.0999984741211,115.0,110.0,112.3499984741211,94.2251205444336,29313.0
2003-07-17,111.5,114.0,110.5,110.69999694824219,92.84130096435547,19351.0
2003-07-18,108.05000305175781,114.0,105.44999694824219,112.44999694824219,94.30899810791016,20894.0
2003-07-21,112.0,112.5999984741211,110.25,110.9000015258789,93.00904846191406,15857.0
2003-07-22,109.5,111.30000305175781,98.5999984741211,100.0999984741211,83.95133972167969,45359.0
2003-07-23,85.0,98.0,85.0,94.5,79.25476837158203,53641.0
2003-07-24,95.25,98.0,94.94999694824219,96.69999694824219,81.09984588623047,21317.0
2003-07-25,98.5999984741211,98.5999984741211,96.0,96.6500015258789,81.05791473388672,22527.0
2003-07-28,96.0,103.69999694824219,96.0,98.0,82.19012451171875,31249.0
2003-07-29,98.5,100.0,96.5,97.8499984741211,82.0643310546875,14137.0
2003-07-30,98.5,99.3499984741211,96.0,98.55000305175781,82.65140533447266,17189.0
2003-07-31,99.5999984741211,99.5999984741211,96.75,97.0999984741211,81.4353256225586,8241.0
2003-08-01,95.80000305175781,98.3499984741211,95.0,95.5,80.09344482421875,17437.0
2003-08-04,96.0,96.9000015258789,95.30000305175781,96.4000015258789,80.84825897216797,9073.0
2003-08-05,97.9000015258789,98.0,96.75,97.0,81.35147094726562,23260.0
2003-08-06,96.0,110.0,93.6500015258789,96.80000305175781,81.18373107910156,9782.0
2003-08-07,96.0999984741211,97.4000015258789,95.0,95.0,79.67410278320312,10106.0
2003-08-08,94.19999694824219,96.0,94.0,95.25,79.8837890625,16340.0
2003-08-11,95.0,99.0999984741211,94.30000305175781,95.80000305175781,80.34504699707031,24116.0
2003-08-12,94.69999694824219,98.75,94.5,95.0999984741211,79.75797271728516,35803.0
2003-08-13,94.3499984741211,97.75,94.3499984741211,96.55000305175781,80.97406768798828,23296.0
2003-08-14,96.94999694824219,104.0,96.0,101.9000015258789,85.4609603881836,35988.0
2003-08-18,104.44999694824219,112.44999694824219,103.0,111.5,93.5122299194336,87313.0
2003-08-19,113.9000015258789,114.5,101.0,103.6500015258789,86.92864990234375,41487.0
2003-08-20,104.0,106.30000305175781,103.05000305175781,103.80000305175781,87.0544662475586,11504.0
2003-08-21,104.05000305175781,105.4000015258789,102.05000305175781,102.55000305175781,86.00611877441406,6159.0
2003-08-22,104.0,105.0999984741211,101.0999984741211,103.30000305175781,86.6351089477539,13118.0
2003-08-25,102.0,102.0,97.0,98.30000305175781,82.44173431396484,17870.0
2003-08-26,98.25,103.55000305175781,97.5999984741211,98.69999694824219,82.77720642089844,13709.0
2003-08-27,100.0,100.80000305175781,97.44999694824219,99.6500015258789,83.57395935058594,24224.0
2003-08-28,99.30000305175781,103.0,98.30000305175781,102.4000015258789,85.88031768798828,35650.0
2003-08-29,102.94999694824219,107.9000015258789,102.94999694824219,106.4000015258789,89.23499298095703,33464.0
2003-09-01,105.5,113.0,105.5,109.75,92.0445785522461,47407.0
2003-09-02,110.9000015258789,112.0,108.0999984741211,109.05000305175781,91.4574966430664,40287.0
2003-09-03,110.25,111.75,107.0,108.30000305175781,90.82849884033203,27988.0
2003-09-04,108.0,109.0,104.0,104.94999694824219,88.01892852783203,11003.0
2003-09-05,107.4000015258789,108.80000305175781,105.0,108.0999984741211,90.66075897216797,15486.0
2003-09-08,109.5,109.5,105.0,106.6500015258789,89.4446792602539,35583.0
2003-09-09,106.19999694824219,108.94999694824219,104.30000305175781,105.0999984741211,88.14471435546875,20112.0
2003-09-10,104.25,105.8499984741211,102.94999694824219,104.0,87.22217559814453,22357.0
2003-09-11,105.0,108.5,105.0,107.05000305175781,89.78014373779297,18809.0
2003-09-12,107.5,108.3499984741211,104.0,104.25,87.43185424804688,17041.0
2003-09-15,105.0,120.8499984741211,100.5,116.44999694824219,97.66368103027344,183800.0
2003-09-16,117.0,126.9000015258789,116.0,121.8499984741211,102.1925277709961,257415.0
2003-09-17,124.0,124.0,114.0,114.5,96.02827453613281,42260.0
2003-09-18,115.0,115.0,108.0999984741211,110.69999694824219,92.84130096435547,21506.0
2003-09-19,114.0,114.0,105.30000305175781,110.0,92.25424194335938,12878.0
2003-09-22,116.0,116.05000305175781,110.0,113.0,94.770263671875,20995.0
2003-09-23,112.69999694824219,115.0,111.25,114.0,95.60894775390625,23419.0
2003-09-24,111.6500015258789,118.0,111.0999984741211,116.25,97.4959487915039,17746.0
2003-09-25,116.0,116.0,113.0,115.05000305175781,96.48954010009766,12410.0
2003-09-26,114.05000305175781,117.3499984741211,113.3499984741211,113.75,95.39927673339844,5376.0
2003-09-29,114.30000305175781,115.80000305175781,114.0,114.0999984741211,95.69280242919922,11035.0
2003-09-30,113.75,118.0,112.30000305175781,117.1500015258789,98.2507553100586,14359.0
2003-10-01,117.94999694824219,119.0,115.44999694824219,117.75,98.75398254394531,22142.0
2003-10-03,119.19999694824219,119.19999694824219,117.0,117.44999694824219,98.50236511230469,14479.0
2003-10-06,116.0999984741211,121.0,116.0999984741211,120.05000305175781,100.68292236328125,29645.0
2003-10-07,121.0,121.9000015258789,116.0,116.4000015258789,97.62175750732422,10511.0
2003-10-08,116.1500015258789,120.44999694824219,116.1500015258789,119.9000015258789,100.55711364746094,10503.0
2003-10-09,121.5,122.69999694824219,119.25,120.0,100.64098358154297,42642.0
2003-10-10,122.0,131.0,119.0999984741211,128.8000030517578,108.02134704589844,57758.0
2003-10-13,131.0,136.0,126.25,129.75,108.81806182861328,99812.0
2003-10-14,129.0,129.0,122.5,123.6500015258789,103.70214080810547,9044.0
2003-10-15,120.25,125.0,120.0,122.75,102.94734191894531,13431.0
2003-10-16,125.0,129.0,123.5999984741211,124.94999694824219,104.79239654541016,28622.0
2003-10-17,125.9000015258789,127.8499984741211,121.6500015258789,122.55000305175781,102.77959442138672,27726.0
2003-10-20,128.0,128.0,117.0,117.05000305175781,98.16687774658203,27974.0
2003-10-21,117.0,117.0,112.0,114.55000305175781,96.07020568847656,5236.0
2003-10-22,112.05000305175781,115.0,112.0,113.55000305175781,95.23153686523438,5527.0
2003-10-23,118.9000015258789,118.9000015258789,112.0,112.69999694824219,94.51866912841797,8352.0
2003-10-27,112.0,113.0,107.8499984741211,108.19999694824219,90.74462127685547,4437.0
2003-10-28,108.0,108.0,105.0,106.0,88.8995361328125,12493.0
2003-10-29,105.5,108.0,104.0,105.0,88.06087493896484,35871.0
2003-10-30,106.0,107.80000305175781,103.5999984741211,104.3499984741211,87.51571655273438,9830.0
2003-10-31,110.0,110.0,104.0,104.9000015258789,87.97698974609375,14733.0
2003-11-03,107.9000015258789,109.30000305175781,104.0,105.05000305175781,88.10279846191406,25888.0
2003-11-04,108.9000015258789,108.9000015258789,105.0,106.75,89.5285415649414,43853.0
2003-11-05,107.0,110.0999984741211,105.5,106.0,88.8995361328125,41541.0
2003-11-06,106.05000305175781,109.1500015258789,106.05000305175781,107.0999984741211,89.82207489013672,42114.0
2003-11-07,109.75,112.0,107.0,107.6500015258789,90.28337097167969,57019.0
2003-11-10,108.5,111.8499984741211,108.0,109.94999694824219,92.21229553222656,26445.0
2003-11-11,110.0,116.5,110.0,113.55000305175781,95.23153686523438,65527.0
2003-11-12,115.0,124.0,114.0,119.80000305175781,100.4732437133789,104052.0
2003-11-13,121.0,123.19999694824219,113.05000305175781,115.0999984741211,96.53147888183594,60190.0
2003-11-17,123.0,132.39999389648438,121.5999984741211,127.0999984741211,106.59557342529297,177167.0
2003-11-18,129.0,130.0,123.0,124.44999694824219,104.37308502197266,39262.0
2003-11-19,122.1500015258789,125.5999984741211,117.5999984741211,118.44999694824219,99.34102630615234,47670.0
2003-11-20,120.0,122.4000015258789,115.0,116.44999694824219,97.66368103027344,17944.0
2003-11-21,117.0,118.44999694824219,110.0999984741211,115.75,97.07661437988281,17459.0
2003-11-24,116.5,119.80000305175781,116.5,118.5999984741211,99.46683502197266,50427.0
2003-11-25,120.0,123.0,117.25,118.8499984741211,99.67650604248047,38258.0
2003-11-27,121.94999694824219,122.80000305175781,118.69999694824219,119.19999694824219,99.97003936767578,33763.0
2003-11-28,121.0,123.0,119.6500015258789,121.30000305175781,101.73126983642578,23787.0
2003-12-01,121.5,130.60000610351562,121.5,125.80000305175781,105.50527954101562,71281.0
2003-12-02,125.0999984741211,128.0,123.0,127.25,106.72138214111328,33194.0
2003-12-03,127.94999694824219,128.10000610351562,123.0999984741211,124.44999694824219,104.37308502197266,56281.0
2003-12-04,126.9000015258789,126.9000015258789,122.55000305175781,123.69999694824219,103.74408721923828,30121.0
2003-12-05,124.9000015258789,125.0,120.55000305175781,121.6500015258789,102.0248031616211,34956.0
2003-12-08,121.05000305175781,124.0,119.5,120.6500015258789,101.18612670898438,36424.0
2003-12-09,123.75,126.9000015258789,123.0999984741211,124.05000305175781,104.03761291503906,46617.0
2003-12-10,125.9000015258789,138.0,124.1500015258789,130.9499969482422,109.82447052001953,146405.0
2003-12-11,134.0,136.0,129.5,132.4499969482422,111.08248138427734,68602.0
2003-12-12,135.0,141.35000610351562,134.0,139.35000610351562,116.86933898925781,178756.0
2003-12-15,141.6999969482422,144.0,138.10000610351562,138.64999389648438,116.28227233886719,60063.0
2003-12-16,144.0,144.0,131.0,133.1999969482422,111.71148681640625,39359.0
2003-12-17,136.39999389648438,136.39999389648438,130.89999389648438,132.0500030517578,110.74702453613281,35500.0
2003-12-18,133.1999969482422,136.25,133.0,134.35000610351562,112.67596435546875,22368.0
2003-12-19,137.1999969482422,137.4499969482422,132.0,133.10000610351562,111.62763977050781,34933.0
2003-12-22,136.89999389648438,137.75,131.0,131.60000610351562,110.36962890625,46256.0
2003-12-23,135.8000030517578,136.35000610351562,131.5,132.3000030517578,110.9566879272461,34602.0
2003-12-24,134.89999389648438,135.0,132.0,134.14999389648438,112.50820922851562,19237.0
2003-12-26,133.25,135.89999389648438,131.5,131.89999389648438,110.62120819091797,47168.0
2003-12-29,133.75,136.5,133.0,134.64999389648438,112.92757415771484,37859.0
2003-12-30,135.0,137.0,128.0,130.10000610351562,109.11161804199219,48594.0
2003-12-31,130.0500030517578,131.5,128.0500030517578,130.5500030517578,109.48898315429688,24889.0
2004-01-01,130.0500030517578,131.89999389648438,128.8000030517578,129.14999389648438,108.3148422241211,25199.0
2004-01-02,130.0,133.0,129.5,130.9499969482422,109.82447052001953,34814.0
2004-01-05,132.89999389648438,136.0,130.5500030517578,132.75,111.33409118652344,37101.0
2004-01-06,131.60000610351562,146.0,131.60000610351562,135.85000610351562,113.9339828491211,150663.0
2004-01-07,139.0,139.0,131.0,134.39999389648438,112.7178955078125,54420.0
2004-01-08,135.8000030517578,140.0,135.8000030517578,137.35000610351562,115.1919937133789,54796.0
2004-01-09,140.0,143.0,131.6999969482422,133.5500030517578,112.0050277709961,104852.0
2004-01-12,134.0,138.5,130.89999389648438,135.85000610351562,113.9339828491211,63945.0
2004-01-13,135.14999389648438,139.0,134.14999389648438,137.35000610351562,115.1919937133789,54282.0
2004-01-14,137.1999969482422,140.0,136.0,136.89999389648438,114.8145751953125,33294.0
2004-01-15,135.35000610351562,136.9499969482422,133.0,134.0500030517578,112.42437744140625,19995.0
2004-01-16,133.64999389648438,134.89999389648438,130.0,131.10000610351562,109.95028686523438,24711.0
2004-01-19,126.0,130.0,126.0,128.3000030517578,107.60198974609375,24920.0
2004-01-20,129.8000030517578,131.0,123.75,124.55000305175781,104.45694732666016,35157.0
2004-01-21,122.75,123.75,114.0,116.05000305175781,97.32823181152344,33688.0
2004-01-22,120.0,120.0,106.5999984741211,108.1500015258789,90.70269775390625,21059.0
2004-01-23,110.3499984741211,117.80000305175781,110.3499984741211,115.80000305175781,97.11853790283203,25142.0
2004-01-27,118.5,121.5,118.0,120.9000015258789,101.39579010009766,9364.0
2004-01-28,120.0,120.05000305175781,110.0,114.5999984741211,96.11214447021484,6344.0
2004-01-29,115.1500015258789,115.1500015258789,96.4000015258789,110.44999694824219,92.63162994384766,23946.0
2004-01-30,111.0,113.80000305175781,105.0,107.5,90.15753936767578,30717.0
2004-02-03,108.0,110.80000305175781,100.0,101.19999694824219,84.87390899658203,43817.0
2004-02-04,100.05000305175781,104.55000305175781,100.0,103.69999694824219,86.97057342529297,15387.0
2004-02-05,105.30000305175781,105.75,102.0,102.8499984741211,86.25770568847656,7222.0
2004-02-06,103.6500015258789,105.9000015258789,102.0,104.4000015258789,87.55765533447266,4436.0
2004-02-09,105.5,109.75,104.69999694824219,107.0,89.73822021484375,11795.0
2004-02-10,107.0999984741211,107.0999984741211,103.25,105.0,88.06087493896484,6432.0
2004-02-11,105.5,105.94999694824219,104.0,104.9000015258789,87.97698974609375,7932.0
2004-02-12,108.9000015258789,108.9000015258789,104.0,104.94999694824219,88.01892852783203,21592.0
2004-02-13,108.9000015258789,108.9000015258789,103.4000015258789,104.44999694824219,87.5995864868164,18025.0
2004-02-16,107.1500015258789,108.0,105.0,107.25,89.94788360595703,21044.0
2004-02-17,106.1500015258789,109.75,106.1500015258789,107.80000305175781,90.40913391113281,8859.0
2004-02-18,108.6500015258789,110.0,107.0999984741211,107.44999694824219,90.11559295654297,18175.0
2004-02-19,109.4000015258789,109.4000015258789,102.5999984741211,103.3499984741211,86.67704772949219,15281.0
2004-02-20,102.05000305175781,105.5999984741211,101.0,103.0999984741211,86.46737670898438,7121.0
2004-02-23,103.05000305175781,103.5,101.0,101.80000305175781,85.37710571289062,3276.0
2004-02-24,100.5999984741211,102.75,100.5999984741211,102.0,85.54483032226562,5443.0
2004-02-25,102.0,102.0,98.0,98.9000015258789,82.9449462890625,5838.0
2004-02-26,100.1500015258789,103.0,96.3499984741211,96.69999694824219,81.09984588623047,13903.0
2004-02-27,103.0,103.0,92.1500015258789,94.5,79.25476837158203,29541.0
2004-03-01,94.0,102.0,94.0,97.55000305175781,81.8127212524414,15520.0
2004-03-03,101.5,101.5,95.05000305175781,97.0,81.35147094726562,8936.0
2004-03-04,99.5,99.5,94.1500015258789,94.5,79.25476837158203,6652.0
2004-03-05,95.05000305175781,98.0,95.05000305175781,97.69999694824219,81.93852996826172,5160.0
2004-03-08,96.5999984741211,98.0999984741211,95.5,96.75,81.14178466796875,7599.0
2004-03-09,88.75,97.0,88.75,93.8499984741211,78.70964813232422,7221.0
2004-03-10,91.3499984741211,94.0,91.3499984741211,93.44999694824219,78.37416076660156,6178.0
2004-03-11,96.9000015258789,96.9000015258789,93.75,93.94999694824219,78.79348754882812,11381.0
2004-03-12,94.05000305175781,95.5999984741211,92.0,93.8499984741211,78.70964813232422,12676.0
2004-03-15,95.0,96.0,93.0,93.5,78.41609191894531,12063.0
2004-03-16,93.0,93.0,91.3499984741211,92.19999694824219,77.32582092285156,4855.0
2004-03-17,92.55000305175781,94.80000305175781,91.5,93.05000305175781,78.0386962890625,18135.0
2004-03-18,99.0,105.80000305175781,87.4000015258789,87.9000015258789,73.71952056884766,21936.0
2004-03-19,75.30000305175781,90.0,75.30000305175781,84.55000305175781,70.90996551513672,14777.0
2004-03-22,88.0,88.0,83.0,83.44999694824219,69.98741149902344,15070.0
2004-03-23,83.5,85.0,82.5,83.0999984741211,69.69387817382812,9251.0
2004-03-24,83.0,84.0,82.25,83.19999694824219,69.77775573730469,13573.0
2004-03-25,84.0,84.5,83.0,83.69999694824219,70.19707489013672,13897.0
2004-03-26,84.4000015258789,88.0,83.0999984741211,83.5999984741211,70.11320495605469,31658.0
2004-03-29,87.0,87.9000015258789,85.19999694824219,86.80000305175781,72.7969741821289,15174.0
2004-03-30,88.0999984741211,90.0,86.0,87.30000305175781,73.21632385253906,13327.0
2004-03-31,87.30000305175781,89.5,86.30000305175781,86.9000015258789,72.880859375,14931.0
2004-04-01,89.25,102.80000305175781,88.0,94.3499984741211,79.12898254394531,15062.0
2004-04-02,92.0999984741211,98.0,92.0999984741211,93.80000305175781,78.66770935058594,10491.0
2004-04-05,96.0,98.1500015258789,95.0,96.25,80.72245025634766,9787.0
2004-04-06,96.0,96.5,93.55000305175781,94.80000305175781,79.50638580322266,11775.0
2004-04-07,95.9000015258789,97.94999694824219,94.5,95.94999694824219,80.47085571289062,9469.0
2004-04-08,96.5,103.1500015258789,96.0999984741211,100.5,84.28682708740234,21942.0
2004-04-12,101.5,106.4000015258789,100.0,100.6500015258789,84.4126205444336,14895.0
2004-04-13,101.0,102.69999694824219,96.1500015258789,99.80000305175781,83.69974517822266,10679.0
2004-04-15,98.9000015258789,100.5,98.5,99.69999694824219,83.61589050292969,7541.0
2004-04-19,100.0,100.30000305175781,96.1500015258789,97.0999984741211,81.4353256225586,26044.0
2004-04-20,97.4000015258789,98.25,96.5,97.0,81.35147094726562,4205.0
2004-04-21,98.4000015258789,99.55000305175781,97.30000305175781,97.5999984741211,81.85466766357422,7574.0
2004-04-22,99.9000015258789,102.5,95.0,98.94999694824219,82.98688507080078,18329.0
2004-04-23,99.0,100.25,95.0,95.9000015258789,80.42890930175781,12923.0
2004-04-27,95.30000305175781,95.8499984741211,90.05000305175781,92.1500015258789,77.28388214111328,12891.0
2004-04-28,94.30000305175781,95.80000305175781,90.5999984741211,91.6500015258789,76.86455535888672,4508.0
2004-04-29,92.5,94.4000015258789,82.9000015258789,92.55000305175781,77.61936950683594,11966.0
2004-04-30,94.5999984741211,95.0,93.5,94.3499984741211,79.12898254394531,13222.0
2004-05-03,88.0,96.4000015258789,88.0,93.94999694824219,78.79348754882812,11883.0
2004-05-04,93.0,94.69999694824219,92.0,92.9000015258789,77.91288757324219,5670.0
2004-05-05,94.30000305175781,96.0,92.05000305175781,93.1500015258789,78.12257385253906,5825.0
2004-05-06,94.5,98.8499984741211,94.5,96.75,81.14178466796875,16795.0
2004-05-07,95.0999984741211,95.9000015258789,94.5,95.0,79.67410278320312,3020.0
2004-05-10,93.25,95.0,91.5,91.94999694824219,77.11613464355469,3722.0
2004-05-11,92.0,92.19999694824219,88.0,88.8499984741211,74.51626586914062,6132.0
2004-05-12,84.0,90.0,84.0,88.6500015258789,74.3485336303711,6195.0
2004-05-13,86.05000305175781,92.0,86.0,90.0999984741211,75.56460571289062,7096.0
2004-05-14,85.05000305175781,88.80000305175781,83.4000015258789,84.8499984741211,71.16156005859375,11993.0
2004-05-17,83.0,83.0,68.0,70.69999694824219,59.29430389404297,17496.0
2004-05-18,73.0,78.9000015258789,72.05000305175781,77.5999984741211,65.08116912841797,20377.0
2004-05-19,82.0,83.0,80.0,82.1500015258789,68.89713287353516,6476.0
2004-05-20,82.4000015258789,84.0,81.6500015258789,83.94999694824219,70.40673828125,2934.0
2004-05-21,84.5,84.5,81.30000305175781,82.1500015258789,68.89713287353516,4525.0
2004-05-24,85.0,85.80000305175781,84.0,84.69999694824219,71.0357437133789,3750.0
2004-05-25,86.0,86.0,83.19999694824219,83.69999694824219,70.19707489013672,5702.0
2004-05-26,85.80000305175781,85.94999694824219,83.0999984741211,83.3499984741211,69.90354919433594,4531.0
2004-05-27,83.8499984741211,85.0,83.0,84.6500015258789,70.99383544921875,1552.0
2004-05-28,83.5,83.5,80.0,80.30000305175781,67.3456039428711,4887.0
2004-05-31,76.19999694824219,81.75,76.19999694824219,80.19999694824219,67.26171112060547,3400.0
2004-06-01,80.19999694824219,81.9000015258789,80.0,80.1500015258789,67.21977996826172,3534.0
2004-06-02,82.0,82.0,79.55000305175781,80.0,67.093994140625,1298.0
2004-06-03,80.9000015258789,82.8499984741211,78.0,79.25,66.46497344970703,11203.0
2004-06-04,79.5,79.5,76.0999984741211,77.0999984741211,64.66182708740234,2706.0
2004-06-07,81.69999694824219,81.69999694824219,78.19999694824219,78.5999984741211,65.91983032226562,4030.0
2004-06-08,79.0,80.0,77.80000305175781,79.5,66.67464447021484,2363.0
2004-06-09,79.5,80.0,78.5,78.5,65.83598327636719,1422.0
2004-06-10,77.3499984741211,81.9000015258789,77.3499984741211,80.5,67.5133285522461,4120.0
2004-06-11,79.44999694824219,81.0,78.6500015258789,78.6500015258789,65.96178436279297,2553.0
2004-06-14,80.9000015258789,80.9000015258789,76.6500015258789,77.05000305175781,64.6198959350586,4796.0
2004-06-15,78.8499984741211,79.9000015258789,78.19999694824219,78.19999694824219,65.58438110351562,3373.0
2004-06-16,78.19999694824219,79.5,77.0999984741211,78.0,65.4166259765625,760.0
2004-06-17,78.0,79.0,77.0,78.1500015258789,65.54244232177734,2069.0
2004-06-18,77.55000305175781,79.0,77.30000305175781,78.4000015258789,65.75211334228516,750.0
2004-06-21,76.55000305175781,80.0,76.55000305175781,78.05000305175781,65.45858001708984,7580.0
2004-06-22,78.0,78.0,77.0,77.0,64.57796478271484,1400.0
2004-06-23,79.3499984741211,79.3499984741211,73.55000305175781,74.69999694824219,62.649009704589844,9740.0
2004-06-24,70.0999984741211,74.5,70.0,73.30000305175781,61.47486114501953,2590.0
2004-06-25,74.8499984741211,77.3499984741211,74.19999694824219,77.3499984741211,64.87149810791016,4122.0
2004-06-28,77.75,79.4000015258789,77.5,78.5999984741211,65.91983032226562,1510.0
2004-06-29,78.1500015258789,81.0,78.1500015258789,79.5,66.67464447021484,2164.0
2004-06-30,81.75,81.75,79.5,81.5999984741211,68.43585968017578,3752.0
2004-07-01,83.8499984741211,83.8499984741211,79.69999694824219,81.9000015258789,68.68746948242188,2187.0
2004-07-02,79.19999694824219,81.0,78.3499984741211,80.25,67.30366516113281,11293.0
2004-07-05,80.0,82.9000015258789,79.8499984741211,80.19999694824219,67.26171112060547,4039.0
2004-07-06,81.5,82.0,79.30000305175781,80.94999694824219,67.8907241821289,5711.0
2004-07-07,80.25,81.69999694824219,80.0,80.4000015258789,67.4294662475586,4925.0
2004-07-08,81.9000015258789,94.0,78.19999694824219,78.6500015258789,65.96178436279297,16412.0
2004-07-09,78.0,80.0,77.0,79.30000305175781,66.50691986083984,8036.0
2004-07-12,79.1500015258789,81.75,79.1500015258789,81.55000305175781,68.39391326904297,8962.0
2004-07-13,80.80000305175781,81.25,80.05000305175781,81.0,67.93267059326172,1900.0
2004-07-14,80.0,81.5999984741211,80.0,80.44999694824219,67.47138977050781,6870.0
2004-07-15,81.0,81.4000015258789,80.30000305175781,81.0999984741211,68.01653289794922,3291.0
2004-07-16,81.5,84.0,81.25,83.44999694824219,69.98741149902344,6836.0
2004-07-19,82.0,88.5,82.0,85.69999694824219,71.87443542480469,12532.0
2004-07-20,87.0,87.0,83.0,85.4000015258789,71.62284088134766,3758.0
2004-07-21,86.0,86.19999694824219,85.0,85.30000305175781,71.53897094726562,7459.0
2004-07-22,85.25,89.6500015258789,85.19999694824219,87.55000305175781,73.42599487304688,14323.0
2004-07-23,88.75,88.80000305175781,86.0999984741211,88.0,73.80337524414062,4469.0
2004-07-26,89.6500015258789,89.6500015258789,85.80000305175781,86.25,72.33570098876953,6017.0
2004-07-28,84.55000305175781,85.0,83.0999984741211,84.25,70.6583480834961,7480.0
2004-07-29,85.0,86.0,84.0,84.3499984741211,70.74221801757812,6035.0
2004-07-30,85.80000305175781,86.0,84.0,85.05000305175781,71.32929992675781,7544.0
2004-08-02,85.55000305175781,87.19999694824219,85.0,87.05000305175781,73.00666046142578,9269.0
2004-08-03,86.0,94.0,86.0,89.25,74.85173797607422,16074.0
2004-08-04,86.0,88.0,86.0,86.3499984741211,72.4195556640625,6009.0
2004-08-05,86.19999694824219,87.0,84.69999694824219,86.0999984741211,72.20990753173828,33470.0
2004-08-06,86.75,87.75,82.0,83.25,69.81969451904297,25573.0
2004-08-09,83.5,83.5,81.0999984741211,83.3499984741211,69.90354919433594,5406.0
2004-08-10,89.9000015258789,89.9000015258789,83.25,84.25,70.6583480834961,19957.0
2004-08-11,85.44999694824219,88.0,83.55000305175781,84.5,70.86803436279297,34309.0
2004-08-13,83.5,84.5,82.19999694824219,83.05000305175781,69.65194702148438,9054.0
2004-08-16,82.5,83.0,82.0,82.6500015258789,69.31648254394531,4035.0
2004-08-17,83.0,83.75,81.8499984741211,82.05000305175781,68.81326293945312,6084.0
2004-08-18,82.69999694824219,84.4000015258789,82.69999694824219,83.5999984741211,70.11320495605469,14902.0
2004-08-19,84.19999694824219,87.0,83.75,86.4000015258789,72.46150970458984,23000.0
2004-08-20,84.5,88.0,84.5,85.1500015258789,71.41317749023438,21282.0
2004-08-23,86.9000015258789,86.9000015258789,84.5,84.75,71.07769775390625,6399.0
2004-08-24,89.8499984741211,89.8499984741211,84.1500015258789,84.5,70.86803436279297,2930.0
2004-08-25,85.0,85.5,84.0999984741211,84.94999694824219,71.24542236328125,2797.0
2004-08-26,86.0,86.4000015258789,85.0,85.4000015258789,71.62284088134766,10724.0
2004-08-27,85.55000305175781,93.69999694824219,85.5,92.6500015258789,77.70323181152344,72787.0
2004-08-30,93.5,98.5,92.6500015258789,97.05000305175781,81.39340209960938,91512.0
2004-08-31,98.5,99.30000305175781,93.5,96.5999984741211,81.01598358154297,50463.0
2004-09-01,100.0,105.0,99.0,100.30000305175781,84.11909484863281,104345.0
2004-09-02,101.0,101.5,95.6500015258789,96.30000305175781,80.76438903808594,33410.0
2004-09-03,96.69999694824219,98.8499984741211,95.5,96.8499984741211,81.22566223144531,16027.0
2004-09-06,99.19999694824219,99.9000015258789,97.0999984741211,99.0999984741211,83.11267852783203,19808.0
2004-09-07,100.0,102.75,97.25,98.0,82.19012451171875,21623.0
2004-09-08,99.0,100.5,97.3499984741211,98.4000015258789,82.5256118774414,21716.0
2004-09-09,99.0,99.0,93.19999694824219,95.44999694824219,80.05150604248047,14779.0
2004-09-13,96.9000015258789,97.0,94.0,94.5,79.25476837158203,14672.0
2004-09-14,94.25,94.25,92.0,92.8499984741211,77.87095642089844,7605.0
2004-09-15,94.0,94.0,91.0,91.69999694824219,76.90648651123047,10683.0
2004-09-16,91.4000015258789,101.0,91.0,99.05000305175781,83.07073974609375,58155.0
2004-09-17,100.4000015258789,101.0,95.25,96.0,80.51277923583984,37128.0
2004-09-20,95.5,97.9000015258789,94.0,94.0999984741211,78.9192886352539,17805.0
2004-09-21,94.5999984741211,95.8499984741211,94.0,94.30000305175781,79.08704376220703,8041.0
2004-09-22,95.0,95.0,92.5999984741211,92.94999694824219,77.95482635498047,17720.0
2004-09-23,95.94999694824219,96.0,92.5999984741211,92.8499984741211,77.87095642089844,10542.0
2004-09-24,93.30000305175781,102.19999694824219,92.5,100.55000305175781,84.3287582397461,97906.0
2004-09-27,102.0,104.0,99.0,100.55000305175781,84.3287582397461,58144.0
2004-09-28,100.0999984741211,102.69999694824219,98.30000305175781,98.9000015258789,82.9449462890625,25392.0
2004-09-29,100.0,100.0,97.5,98.6500015258789,82.73526763916016,11938.0
2004-09-30,98.0999984741211,99.94999694824219,97.5,97.69999694824219,81.93852996826172,17102.0
2004-10-01,96.5999984741211,98.25,96.4000015258789,97.80000305175781,82.02241516113281,8857.0
2004-10-04,99.94999694824219,100.0,96.3499984741211,97.0,81.35147094726562,16435.0
2004-10-05,98.9000015258789,104.1500015258789,97.0,102.80000305175781,86.21576690673828,82017.0
2004-10-06,105.25,105.5,99.0,99.8499984741211,83.7416763305664,61504.0
2004-10-07,101.5,106.4000015258789,101.05000305175781,103.25,86.59317779541016,80317.0
2004-10-11,108.9000015258789,109.25,103.19999694824219,104.5999984741211,87.72538757324219,32670.0
2004-10-12,104.0999984741211,104.80000305175781,100.5,101.44999694824219,85.08354187011719,22317.0
2004-10-14,100.0999984741211,101.6500015258789,97.0,100.44999694824219,84.244873046875,14169.0
2004-10-18,98.55000305175781,100.6500015258789,95.0,95.9000015258789,80.42890930175781,23429.0
2004-10-19,97.5,97.5,94.94999694824219,95.80000305175781,80.34504699707031,9386.0
2004-10-20,95.4000015258789,96.5,95.0,95.4000015258789,80.00957489013672,9980.0
2004-10-21,94.19999694824219,95.0,93.55000305175781,94.1500015258789,78.96124267578125,7004.0
2004-10-25,94.5,98.0,90.5,90.69999694824219,76.06779479980469,9897.0
2004-10-26,91.0,92.0,90.25,90.9000015258789,76.23554992675781,6518.0
2004-10-27,90.75,93.30000305175781,90.75,92.25,77.36775207519531,8182.0
2004-10-28,93.0,95.3499984741211,92.69999694824219,93.3499984741211,78.290283203125,10114.0
2004-11-01,91.5,93.0,91.5,92.25,77.36775207519531,4665.0
2004-11-02,95.75,96.44999694824219,93.9000015258789,95.19999694824219,79.84185791015625,14131.0
2004-11-03,97.5,97.5,95.0,95.5,80.09344482421875,8166.0
2004-11-04,96.0999984741211,97.3499984741211,95.0,95.0,79.67410278320312,9797.0
2004-11-05,95.0,100.94999694824219,95.0,97.1500015258789,81.47726440429688,23085.0
2004-11-08,97.5,103.0,97.5,99.44999694824219,83.40621185302734,46540.0
2004-11-09,99.0,100.9000015258789,98.0999984741211,99.5,83.44815063476562,24990.0
2004-11-10,101.0,104.9000015258789,100.3499984741211,104.1500015258789,87.34797668457031,78030.0
2004-11-11,106.4000015258789,108.5,103.0,103.8499984741211,87.09638214111328,62783.0
2004-11-12,106.5,107.0,104.6500015258789,105.55000305175781,88.52213287353516,18159.0
2004-11-16,106.94999694824219,106.94999694824219,105.0,106.75,89.5285415649414,31072.0
2004-11-17,107.0,109.0,106.5,107.1500015258789,89.86400604248047,61344.0
2004-11-18,108.5,112.69999694824219,108.25,109.55000305175781,91.87684631347656,102967.0
2004-11-22,103.0,109.9000015258789,103.0,108.80000305175781,91.2478256225586,17734.0
2004-11-23,108.5,110.5,106.19999694824219,106.9000015258789,89.65435028076172,25274.0
2004-11-24,107.0,107.9000015258789,105.5,106.0999984741211,88.98341369628906,17604.0
2004-11-25,108.69999694824219,108.69999694824219,104.0999984741211,104.8499984741211,87.93504333496094,18687.0
2004-11-29,107.19999694824219,114.69999694824219,105.19999694824219,113.1500015258789,94.89606475830078,108367.0
2004-11-30,115.0,116.5,108.25,108.94999694824219,91.37362670898438,65313.0
2004-12-01,110.0,110.0,105.69999694824219,107.80000305175781,90.40913391113281,22171.0
2004-12-02,110.0,116.0,108.0,113.6500015258789,95.31539154052734,126860.0
2004-12-03,114.0,114.94999694824219,111.0,113.5999984741211,95.27347564697266,40956.0
2004-12-06,116.0,121.0,112.0,118.8499984741211,99.67650604248047,169443.0
2004-12-07,119.5,127.5,115.5999984741211,126.3499984741211,105.9665756225586,226909.0
2004-12-08,127.9000015258789,136.4499969482422,127.9000015258789,129.5500030517578,108.65033721923828,252817.0
2004-12-09,129.0,133.5,126.5999984741211,127.19999694824219,106.679443359375,67979.0
2004-12-10,127.69999694824219,131.5,124.5,126.25,105.88269805908203,61448.0
2004-12-14,129.5,136.25,129.0,133.8000030517578,112.2146987915039,221844.0
2004-12-15,134.5500030517578,136.1999969482422,130.0500030517578,130.5500030517578,109.48898315429688,71418.0
2004-12-16,131.10000610351562,131.89999389648438,127.0,127.5,106.93103790283203,36484.0
2004-12-17,128.0,130.10000610351562,126.0,126.55000305175781,106.1343002319336,40247.0
2004-12-20,128.0,132.5,126.0,127.5999984741211,107.0149154663086,58009.0
2004-12-21,130.8000030517578,132.10000610351562,126.4000015258789,130.0,109.02772521972656,69756.0
2004-12-22,131.0,135.5,128.5,129.9499969482422,108.98579406738281,101360.0
2004-12-23,130.0,133.0,127.25,129.39999389648438,108.5245361328125,24364.0
2004-12-24,129.0,131.0,127.5,128.3000030517578,107.60198974609375,22900.0
2004-12-27,127.0,131.4499969482422,125.0999984741211,129.75,108.81806182861328,31524.0
2004-12-29,131.64999389648438,135.0,131.0,131.3000030517578,110.11801147460938,60421.0
2004-12-30,127.0999984741211,134.0,127.0999984741211,130.60000610351562,109.53092956542969,50332.0
2004-12-31,133.89999389648438,153.89999389648438,131.0,149.4499969482422,125.33993530273438,626468.0
2005-01-03,153.6999969482422,155.0,141.0500030517578,153.35000610351562,128.6107940673828,446958.0
2005-01-04,154.5,157.5,148.25,150.0500030517578,125.84319305419922,134843.0
2005-01-05,151.5500030517578,153.6999969482422,135.3000030517578,142.0500030517578,119.13375091552734,116685.0
2005-01-06,140.0,142.0,134.0,139.75,117.2048110961914,86153.0
2005-01-07,138.0,143.0,137.10000610351562,139.3000030517578,116.82740783691406,68564.0
2005-01-10,138.0,146.5,136.0,142.4499969482422,119.46922302246094,42453.0
2005-01-11,141.5,142.0,136.10000610351562,138.89999389648438,116.4919204711914,31173.0
2005-01-12,139.60000610351562,139.8000030517578,123.25,129.10000610351562,108.27293395996094,47957.0
2005-01-13,130.0,137.0,125.0,132.25,110.91474151611328,40546.0
2005-01-14,133.0,138.6999969482422,131.5,134.5,112.80178833007812,29524.0
2005-01-17,136.89999389648438,136.89999389648438,129.10000610351562,131.3000030517578,110.11801147460938,13730.0
2005-01-18,132.39999389648438,135.75,132.0,133.0,111.54377746582031,12134.0
2005-01-19,131.5,134.5,129.0,130.64999389648438,109.57286071777344,18511.0
2005-01-20,130.10000610351562,131.0,128.5,130.0,109.02772521972656,33401.0
2005-01-25,132.0,135.39999389648438,131.5,134.14999389648438,112.50820922851562,13092.0
2005-01-27,135.0,138.8000030517578,134.60000610351562,137.4499969482422,115.2758560180664,21476.0
2005-01-28,139.0,149.9499969482422,135.0500030517578,146.60000610351562,122.94972229003906,120575.0
2005-01-31,149.0,150.3000030517578,143.5,144.75,121.398193359375,75963.0
2005-02-01,146.0,146.0,140.3000030517578,141.25,118.46282958984375,33701.0
2005-02-02,144.4499969482422,147.0,143.1999969482422,143.8000030517578,120.60144805908203,49960.0
2005-02-03,143.0,146.6999969482422,141.9499969482422,143.1999969482422,120.09822845458984,54204.0
2005-02-04,144.0500030517578,147.0,143.0,144.60000610351562,121.27240753173828,56638.0
2005-02-07,147.10000610351562,152.8000030517578,146.60000610351562,147.9499969482422,124.0819320678711,86479.0
2005-02-08,149.0,155.9499969482422,149.0,151.1999969482422,126.80764770507812,403954.0
2005-02-09,154.89999389648438,155.8000030517578,151.14999389648438,152.0500030517578,127.52050018310547,174922.0
2005-02-10,154.0,154.0,152.0,152.60000610351562,127.98177337646484,54154.0
2005-02-11,156.0,156.0,149.5,150.89999389648438,126.5560302734375,48146.0
2005-02-14,153.75,154.89999389648438,152.0,152.5,127.89791870117188,72760.0
2005-02-15,155.0,155.89999389648438,152.5,153.6999969482422,128.90431213378906,52697.0
2005-02-16,153.0,154.35000610351562,148.5,149.1999969482422,125.13030242919922,83406.0
2005-02-17,142.25,142.9499969482422,138.0,138.5500030517578,116.19840240478516,47115.0
2005-02-18,140.0,140.0,135.0500030517578,136.35000610351562,114.35330963134766,28746.0
2005-02-21,135.64999389648438,135.64999389648438,131.0,132.1999969482422,110.87281799316406,22577.0
2005-02-22,132.6999969482422,133.89999389648438,127.0,130.14999389648438,109.15353393554688,51985.0
2005-02-23,133.4499969482422,133.4499969482422,129.5,131.1999969482422,110.03414154052734,18133.0
2005-02-24,131.75,141.35000610351562,130.6999969482422,135.39999389648438,113.55658721923828,50162.0
2005-02-25,136.0,136.64999389648438,131.25,133.5,111.96308135986328,44330.0
2005-02-28,138.5,138.5,133.0,133.8000030517578,112.2146987915039,13729.0
2005-03-01,129.60000610351562,134.0,129.60000610351562,132.3000030517578,110.9566879272461,6860.0
2005-03-02,132.0500030517578,134.5,132.0500030517578,132.1999969482422,110.87281799316406,7385.0
2005-03-03,134.3000030517578,134.85000610351562,130.39999389648438,131.64999389648438,110.41154479980469,19089.0
2005-03-04,134.85000610351562,135.5,132.14999389648438,134.4499969482422,112.75984191894531,23181.0
2005-03-07,132.35000610351562,136.75,132.35000610351562,133.0,111.54377746582031,15561.0
2005-03-08,133.85000610351562,133.85000610351562,131.0,131.3000030517578,110.11801147460938,14700.0
2005-03-09,132.0500030517578,133.0,127.30000305175781,127.9000015258789,107.26652526855469,32937.0
2005-03-11,128.0,128.14999389648438,126.19999694824219,127.05000305175781,106.55364227294922,13770.0
2005-03-14,128.5,136.0,125.75,126.3499984741211,105.9665756225586,15358.0
2005-03-15,128.0,129.0,126.0,126.80000305175781,106.34398651123047,10588.0
2005-03-16,133.0,133.0,127.0999984741211,127.69999694824219,107.0987777709961,48220.0
2005-03-18,130.89999389648438,131.39999389648438,124.9000015258789,125.5999984741211,105.3375473022461,31198.0
2005-03-21,126.05000305175781,127.75,123.0,123.0999984741211,103.24085998535156,15799.0
2005-03-22,123.30000305175781,123.9000015258789,115.0999984741211,116.3499984741211,97.57981872558594,17606.0
2005-03-23,118.0,118.0,110.9000015258789,114.6500015258789,96.15408325195312,38518.0
2005-03-24,112.4000015258789,114.6500015258789,109.0,112.3499984741211,94.2251205444336,44753.0
2005-03-28,112.5,113.55000305175781,110.55000305175781,111.19999694824219,93.26062774658203,17802.0
2005-03-29,119.0,119.0,104.0,108.0,90.57689666748047,104108.0
2005-03-30,107.0,110.80000305175781,107.0,110.5,92.67357635498047,5695.0
2005-03-31,116.0,120.0,111.0,113.0999984741211,94.8541259765625,23879.0
2005-04-01,113.0,120.0,111.5,119.4000015258789,100.13777160644531,22317.0
2005-04-04,119.3499984741211,122.0,117.0999984741211,117.8499984741211,98.83782196044922,8589.0
2005-04-05,106.05000305175781,120.4000015258789,106.05000305175781,114.1500015258789,95.7347412109375,29254.0
2005-04-06,115.19999694824219,117.0,115.0,116.30000305175781,97.53787231445312,10993.0
2005-04-07,117.4000015258789,118.0,114.30000305175781,114.80000305175781,96.27987670898438,10982.0
2005-04-08,116.5,117.9000015258789,113.5999984741211,114.44999694824219,95.98634338378906,15629.0
2005-04-12,114.25,114.9000015258789,113.25,114.1500015258789,95.7347412109375,11575.0
2005-04-13,116.69999694824219,119.0,115.80000305175781,116.3499984741211,97.57981872558594,32735.0
2005-04-15,115.0,115.0,112.0,112.80000305175781,96.67987060546875,13815.0
2005-04-18,102.30000305175781,113.0,102.30000305175781,111.55000305175781,95.60850524902344,7475.0
2005-04-19,111.0999984741211,113.80000305175781,110.0,110.3499984741211,94.57998657226562,13863.0
2005-04-20,110.0,112.0,110.0,111.0999984741211,95.22282409667969,6477.0
2005-04-21,102.30000305175781,123.0,102.30000305175781,111.05000305175781,95.17997741699219,11559.0
2005-04-22,112.9000015258789,119.5,112.25,117.69999694824219,100.87962341308594,37216.0
2005-04-25,119.0,124.25,117.55000305175781,122.25,104.77938079833984,42182.0
2005-04-26,123.0,133.4499969482422,123.0,130.4499969482422,111.80753326416016,97109.0
2005-04-27,132.0,134.39999389648438,125.55000305175781,126.1500015258789,108.12203979492188,39118.0
2005-04-28,125.75,127.44999694824219,124.19999694824219,125.05000305175781,107.17923736572266,17035.0
2005-04-29,119.0,123.69999694824219,115.3499984741211,117.3499984741211,100.57964324951172,33289.0
2005-05-02,119.0,119.75,111.3499984741211,113.5,97.27982330322266,21460.0
2005-05-03,114.5,115.4000015258789,113.0,113.6500015258789,97.40840148925781,7217.0
2005-05-04,113.75,116.0,113.55000305175781,114.8499984741211,98.43692016601562,7506.0
2005-05-05,116.0,118.3499984741211,115.25,116.1500015258789,99.55113983154297,9107.0
2005-05-06,117.0,117.0,115.0999984741211,115.94999694824219,99.37970733642578,9589.0
2005-05-09,117.0999984741211,117.44999694824219,116.0,116.80000305175781,100.10824584960938,8345.0
2005-05-10,114.0,117.5,114.0,115.25,98.77975463867188,6390.0
2005-05-11,114.0,118.94999694824219,114.0,116.3499984741211,99.72254180908203,12700.0
2005-05-12,118.0,118.5,117.0,117.69999694824219,100.87962341308594,7894.0
2005-05-13,118.6500015258789,126.69999694824219,116.8499984741211,123.19999694824219,105.59361267089844,37188.0
2005-05-16,124.0999984741211,129.3000030517578,124.0999984741211,126.55000305175781,108.46488189697266,32576.0
2005-05-17,128.10000610351562,128.10000610351562,120.5,121.44999694824219,104.09370422363281,11782.0
2005-05-19,120.30000305175781,125.0,120.30000305175781,121.05000305175781,103.7508773803711,5989.0
2005-05-20,110.30000305175781,124.9000015258789,108.94999694824219,120.30000305175781,103.10804748535156,7798.0
2005-05-23,122.0,122.0,119.25,119.75,102.63665008544922,11030.0
2005-05-24,121.0,121.0,120.0,120.6500015258789,103.40802764892578,9610.0
2005-05-25,121.05000305175781,121.25,118.5,119.55000305175781,102.46525573730469,8283.0
2005-05-26,123.69999694824219,125.0,119.5,120.0,102.85092163085938,5261.0
2005-05-30,121.9000015258789,122.1500015258789,118.5,119.1500015258789,102.12239837646484,6770.0
2005-05-31,118.55000305175781,120.5,118.55000305175781,120.0,102.85092163085938,7572.0
2005-06-01,120.44999694824219,126.5999984741211,119.6500015258789,123.1500015258789,105.55076599121094,32515.0
2005-06-02,128.0,128.0,122.69999694824219,123.0,105.42220306396484,12698.0
2005-06-06,126.94999694824219,128.5,124.0,125.0999984741211,107.22209167480469,16455.0
2005-06-07,124.55000305175781,126.5,123.0999984741211,123.3499984741211,105.72219848632812,9197.0
2005-06-08,124.0,128.0,124.0,124.75,106.9220962524414,9884.0
2005-06-09,124.5999984741211,131.89999389648438,124.1500015258789,128.5,110.1362075805664,75770.0
2005-06-10,129.0,131.9499969482422,125.0,128.14999389648438,109.83621215820312,99210.0
2005-06-13,128.10000610351562,129.60000610351562,126.0999984741211,126.5999984741211,108.50772857666016,9038.0
2005-06-15,123.0,125.0,122.0999984741211,122.9000015258789,105.33650207519531,3350.0
2005-06-16,124.0,125.0,121.0999984741211,121.4000015258789,104.05085754394531,5946.0
2005-06-17,121.0,122.0,118.25,118.6500015258789,101.6938705444336,5543.0
2005-06-20,118.0,120.0,116.0999984741211,116.5999984741211,99.93682098388672,4325.0
2005-06-21,118.9000015258789,119.0,116.5,117.25,100.49394226074219,4273.0
2005-06-22,124.0,124.0,116.0,117.30000305175781,100.53679656982422,10072.0
2005-06-23,119.30000305175781,121.1500015258789,117.5,118.30000305175781,101.39387512207031,40675.0
2005-06-24,117.75,122.0,116.30000305175781,120.80000305175781,103.5365982055664,12302.0
2005-06-27,122.25,124.5,118.3499984741211,120.9000015258789,103.62230682373047,45122.0
2005-06-28,119.1500015258789,125.5,119.1500015258789,120.9000015258789,103.62230682373047,51238.0
2005-06-29,120.75,121.0,118.4000015258789,120.19999694824219,103.02234649658203,4367.0
2005-06-30,120.5,122.0999984741211,120.0,120.8499984741211,103.5794677734375,7031.0
2005-07-04,122.44999694824219,122.44999694824219,120.69999694824219,121.0,103.70801544189453,3146.0
2005-07-05,122.0,122.0,120.25,120.8499984741211,103.5794677734375,9905.0
2005-07-06,120.4000015258789,122.0,120.4000015258789,121.05000305175781,103.7508773803711,2751.0
2005-07-07,124.80000305175781,124.80000305175781,119.0,119.8499984741211,102.72237396240234,23553.0
2005-07-08,121.94999694824219,122.3499984741211,120.0,121.0999984741211,103.79373168945312,12224.0
2005-07-11,120.69999694824219,122.19999694824219,120.0,120.3499984741211,103.15090942382812,8865.0
2005-07-13,121.0,122.69999694824219,120.19999694824219,120.9000015258789,103.62230682373047,6201.0
2005-07-14,119.75,123.5,119.75,121.5,104.13655853271484,5084.0
2005-07-15,123.0,123.5,121.5,122.94999694824219,105.37934112548828,11747.0
2005-07-18,121.0,124.8499984741211,121.0,122.1500015258789,104.69368743896484,21465.0
2005-07-19,124.1500015258789,124.1500015258789,122.30000305175781,122.94999694824219,105.37934112548828,8393.0
2005-07-20,123.30000305175781,125.5,123.1500015258789,123.55000305175781,105.89359283447266,40440.0
2005-07-21,125.5,125.5,118.0,119.75,102.63665008544922,15353.0
2005-07-22,120.0,120.0,114.0,115.3499984741211,98.8654556274414,63606.0
2005-07-25,114.0999984741211,119.5,114.0999984741211,118.55000305175781,101.60816192626953,30876.0
2005-07-26,118.55000305175781,121.0,116.0,119.44999694824219,102.37952423095703,59633.0
2005-07-27,120.0999984741211,124.69999694824219,119.0,120.80000305175781,103.5365982055664,40791.0
2005-07-29,120.0,121.4000015258789,117.05000305175781,118.0999984741211,101.22245788574219,18589.0
2005-08-01,118.0,118.0,113.19999694824219,115.25,98.77975463867188,26460.0
2005-08-02,114.5,116.5999984741211,114.5,115.80000305175781,99.25114440917969,27614.0
2005-08-03,117.0,117.25,115.0,115.30000305175781,98.8226089477539,9207.0
2005-08-04,116.5999984741211,116.69999694824219,114.5,115.0,98.56547546386719,8495.0
2005-08-05,115.69999694824219,116.0,115.0,115.4000015258789,98.90830993652344,7593.0
2005-08-08,115.25,115.5,113.0,113.44999694824219,97.23698425292969,7761.0
2005-08-09,113.1500015258789,115.5999984741211,112.0,113.4000015258789,97.19412994384766,5523.0
2005-08-10,115.0,115.0,113.0,113.19999694824219,97.022705078125,7339.0
2005-08-11,114.0999984741211,115.0,113.0,114.05000305175781,97.75123596191406,19383.0
2005-08-12,115.5,116.5,114.75,115.69999694824219,99.16543579101562,9326.0
2005-08-16,116.4000015258789,117.3499984741211,116.0,117.05000305175781,100.322509765625,10819.0
2005-08-17,117.9000015258789,122.5,116.8499984741211,120.19999694824219,103.02234649658203,42589.0
2005-08-18,122.80000305175781,124.5,118.55000305175781,119.25,102.20812225341797,19918.0
2005-08-19,120.0,120.0,118.0999984741211,118.5,101.56529998779297,13550.0
2005-08-22,119.0,121.5999984741211,118.0999984741211,118.4000015258789,101.47957611083984,19344.0
2005-08-24,117.0,117.5,113.0,113.94999694824219,97.66552734375,11126.0
2005-08-25,115.1500015258789,117.3499984741211,114.25,115.6500015258789,99.12258911132812,7330.0
2005-08-26,116.0,117.5,115.25,115.8499984741211,99.29399108886719,2260.0
2005-08-29,118.9000015258789,119.0,115.0,116.6500015258789,99.97966766357422,16850.0
2005-08-30,116.69999694824219,118.5,116.69999694824219,117.44999694824219,100.66533660888672,15696.0
2005-08-31,118.6500015258789,125.0,117.75,121.69999694824219,104.30799102783203,50153.0
2005-09-01,121.05000305175781,124.75,120.0999984741211,120.75,103.49374389648438,17720.0
2005-09-02,120.0999984741211,122.19999694824219,119.5,120.94999694824219,103.6651611328125,7451.0
2005-09-05,145.14999389648438,145.14999389648438,122.0,122.5,104.99366760253906,26751.0
2005-09-06,123.25,125.0,122.19999694824219,123.80000305175781,106.10786437988281,20238.0
2005-09-08,124.5,132.5,124.5,129.39999389648438,110.90757751464844,115205.0
2005-09-09,130.0,132.39999389648438,127.0999984741211,128.25,109.92193603515625,37832.0
2005-09-12,129.89999389648438,129.89999389648438,126.5999984741211,127.25,109.06485748291016,13359.0
2005-09-13,127.0,130.0,126.44999694824219,128.35000610351562,110.00763702392578,19072.0
2005-09-14,130.39999389648438,130.39999389648438,123.0,124.8499984741211,107.00782775878906,20876.0
2005-09-15,125.0999984741211,128.0,125.0,126.80000305175781,108.67916107177734,11617.0
2005-09-16,123.30000305175781,128.60000610351562,123.30000305175781,126.4000015258789,108.3363037109375,32548.0
2005-09-19,129.85000610351562,130.5,128.5,128.85000610351562,110.43619537353516,31595.0
2005-09-20,126.19999694824219,129.0,125.5,126.0999984741211,108.07918548583984,11200.0
2005-09-22,123.5,123.5,112.0,113.4000015258789,97.19412994384766,20875.0
2005-09-23,113.5,115.8499984741211,112.5,114.9000015258789,98.47977447509766,12066.0
2005-09-26,120.0,120.0,116.55000305175781,118.55000305175781,101.60816192626953,11142.0
2005-09-27,118.0,120.5,116.44999694824219,118.25,101.35101318359375,19447.0
2005-09-28,119.0,119.0,116.5,117.0,100.27965545654297,6751.0
2005-09-29,118.0,118.0,115.55000305175781,117.05000305175781,100.322509765625,19387.0
2005-09-30,114.5,117.5,113.5,115.5999984741211,99.07971954345703,6672.0
2005-10-03,115.44999694824219,117.3499984741211,115.0,115.75,99.20829772949219,4910.0
2005-10-04,116.75,117.69999694824219,116.05000305175781,117.4000015258789,100.62248992919922,17561.0
2005-10-05,118.4000015258789,118.44999694824219,115.75,118.0,101.13674926757812,8852.0
2005-10-06,118.5,119.0,116.9000015258789,117.30000305175781,100.53679656982422,7067.0
2005-10-07,117.9000015258789,118.25,115.0999984741211,116.44999694824219,99.80825805664062,7292.0
2005-10-10,115.3499984741211,117.25,115.3499984741211,116.4000015258789,99.76541137695312,6009.0
2005-10-11,114.5,117.4000015258789,114.1500015258789,114.80000305175781,98.39405059814453,3758.0
2005-10-13,115.0,117.0,114.05000305175781,114.75,98.35120391845703,3967.0
2005-10-14,115.1500015258789,118.0,113.9000015258789,114.05000305175781,97.75123596191406,6458.0
2005-10-17,112.55000305175781,113.5,111.80000305175781,112.69999694824219,96.59416198730469,14022.0
2005-10-18,112.0999984741211,114.94999694824219,112.05000305175781,112.0999984741211,96.07990264892578,4142.0
2005-10-19,112.3499984741211,112.3499984741211,102.3499984741211,103.8499984741211,89.0089111328125,24247.0
2005-10-20,103.3499984741211,107.9000015258789,100.0,100.8499984741211,86.4376220703125,21954.0
2005-10-21,97.0,105.0,97.0,104.0999984741211,89.22319030761719,8241.0
2005-10-24,108.0,108.0,101.25,106.30000305175781,91.10877990722656,11722.0
2005-10-25,107.55000305175781,107.5999984741211,106.0,106.75,91.49446868896484,1128.0
2005-10-26,106.94999694824219,107.0,105.05000305175781,105.44999694824219,90.38025665283203,3347.0
2005-10-27,103.6500015258789,104.5,103.6500015258789,104.25,89.35175323486328,2207.0
2005-10-28,100.25,103.9000015258789,99.05000305175781,100.0,85.70909881591797,7106.0
2005-10-31,101.94999694824219,102.0,100.05000305175781,100.55000305175781,86.1805191040039,3231.0
2005-11-02,103.94999694824219,105.0,102.0,104.5999984741211,89.6517105102539,2776.0
2005-11-07,105.0,105.0,103.30000305175781,105.0,89.99456787109375,2793.0
2005-11-08,100.0,109.5999984741211,95.0,107.1500015258789,91.8373031616211,9714.0
2005-11-09,108.44999694824219,108.44999694824219,106.0,106.69999694824219,91.45161437988281,4052.0
2005-11-10,105.19999694824219,107.94999694824219,105.19999694824219,106.69999694824219,91.45161437988281,3247.0
2005-11-11,106.55000305175781,110.19999694824219,106.55000305175781,109.75,94.06574249267578,9884.0
2005-11-14,110.0,112.69999694824219,109.80000305175781,109.94999694824219,94.23715209960938,7162.0
2005-11-16,116.4000015258789,117.9000015258789,111.75,113.1500015258789,96.9798583984375,6403.0
2005-11-17,111.5,118.80000305175781,110.8499984741211,116.5999984741211,99.93682098388672,19013.0
2005-11-18,120.0,120.0,115.1500015258789,115.9000015258789,99.33685302734375,13258.0
2005-11-21,116.0,116.0,112.5,113.0999984741211,96.93699645996094,3836.0
2005-11-22,111.0999984741211,113.94999694824219,111.0999984741211,111.75,95.77992248535156,3458.0
2005-11-23,112.0,113.0,109.80000305175781,112.0,95.99420166015625,2133.0
2005-11-24,112.94999694824219,116.0,112.94999694824219,115.0999984741211,98.65117645263672,9098.0
2005-11-25,114.0,114.0,112.0,113.6500015258789,97.40840148925781,10239.0
2005-11-28,113.05000305175781,116.8499984741211,113.05000305175781,115.25,98.77975463867188,9298.0
2005-11-29,114.5,116.4000015258789,112.5,113.05000305175781,96.8941421508789,7311.0
2005-11-30,115.5,117.0,114.0,116.05000305175781,99.4654312133789,12472.0
2005-12-01,116.8499984741211,116.94999694824219,114.1500015258789,115.6500015258789,99.12258911132812,2467.0
2005-12-02,115.05000305175781,116.69999694824219,115.05000305175781,115.55000305175781,99.03688049316406,1158.0
2005-12-05,112.25,117.5,112.19999694824219,115.19999694824219,98.73689270019531,4811.0
2005-12-06,115.0,116.0,115.0,115.80000305175781,99.25114440917969,5053.0
2005-12-07,116.9000015258789,116.9000015258789,114.69999694824219,115.5,98.99403381347656,2249.0
2005-12-08,115.5,116.5,110.30000305175781,116.3499984741211,99.72254180908203,6208.0
2005-12-09,115.0,117.0,114.0,115.19999694824219,98.73689270019531,16821.0
2005-12-12,116.1500015258789,117.5,115.0,115.0999984741211,98.65117645263672,4821.0
2005-12-13,110.75,115.94999694824219,110.55000305175781,114.8499984741211,98.43692016601562,20808.0
2005-12-14,113.4000015258789,116.94999694824219,113.1500015258789,113.8499984741211,97.57981872558594,4086.0
2005-12-15,113.55000305175781,118.0,113.44999694824219,114.4000015258789,98.05120849609375,10900.0
2005-12-16,116.5,116.94999694824219,113.0,113.5999984741211,97.36553192138672,2832.0
2005-12-19,113.6500015258789,114.55000305175781,113.0,113.25,97.06556701660156,9147.0
2005-12-20,112.6500015258789,114.0,112.55000305175781,113.19999694824219,97.022705078125,3194.0
2005-12-21,114.44999694824219,117.5,113.5999984741211,114.6500015258789,98.26551055908203,6822.0
2005-12-22,115.5999984741211,115.75,113.0,113.6500015258789,97.40840148925781,2529.0
2005-12-23,113.4000015258789,115.30000305175781,113.0,113.80000305175781,97.53697204589844,3495.0
2005-12-26,113.5,113.5,109.0,110.0999984741211,94.36573028564453,3699.0
2005-12-27,112.9000015258789,113.44999694824219,108.5,110.80000305175781,94.9656982421875,2661.0
2005-12-28,108.0,111.69999694824219,106.5,110.8499984741211,95.008544921875,4596.0
2005-12-29,111.0999984741211,113.5,110.5,112.5,96.4227523803711,6543.0
2005-12-30,112.0,114.0,111.19999694824219,113.5,97.27982330322266,5142.0
2006-01-02,115.8499984741211,115.8499984741211,112.0,113.75,97.49411010742188,2764.0
2006-01-03,110.19999694824219,118.94999694824219,110.19999694824219,117.55000305175781,100.75106048583984,10059.0
2006-01-04,115.3499984741211,122.0,115.3499984741211,118.19999694824219,101.30817413330078,25945.0
2006-01-05,119.0,119.5,116.1500015258789,117.55000305175781,100.75106048583984,4728.0
2006-01-06,119.05000305175781,119.05000305175781,115.25,116.94999694824219,100.23680114746094,10856.0
2006-01-09,118.3499984741211,118.4000015258789,116.0,116.69999694824219,100.02252197265625,9504.0
2006-01-10,116.69999694824219,117.6500015258789,115.19999694824219,115.30000305175781,98.8226089477539,3245.0
2006-01-12,114.94999694824219,117.69999694824219,114.94999694824219,115.75,99.20829772949219,5647.0
2006-01-13,115.05000305175781,117.80000305175781,114.0999984741211,114.6500015258789,98.26551055908203,16704.0
2006-01-16,117.5,117.9000015258789,114.05000305175781,115.0,98.56547546386719,7635.0
2006-01-18,114.5,114.8499984741211,110.44999694824219,111.25,95.35137939453125,6707.0
2006-01-19,113.0,116.0,113.0,114.94999694824219,98.52261352539062,3687.0
2006-01-23,115.0,115.25,113.25,114.05000305175781,97.75123596191406,5303.0
2006-01-24,115.5,116.4000015258789,113.25,113.44999694824219,97.23698425292969,4561.0
2006-01-25,114.19999694824219,114.94999694824219,112.30000305175781,112.75,96.63700103759766,3189.0
2006-01-27,117.0999984741211,122.5,112.5,117.69999694824219,100.87962341308594,74558.0
2006-01-30,119.0,119.9000015258789,116.0,117.25,100.49394226074219,16059.0
2006-01-31,118.5,118.5,115.05000305175781,115.30000305175781,98.8226089477539,6238.0
2006-02-01,114.0,114.5,112.05000305175781,113.0999984741211,96.93699645996094,5753.0
2006-02-02,114.9000015258789,114.9000015258789,112.0,113.25,97.06556701660156,11000.0
2006-02-03,110.30000305175781,112.55000305175781,110.30000305175781,111.5,95.56565856933594,8774.0
2006-02-06,110.0999984741211,116.75,110.0999984741211,113.4000015258789,97.19412994384766,14741.0
2006-02-07,113.0999984741211,113.75,112.0,112.80000305175781,96.67987060546875,8888.0
2006-02-08,113.0,113.0,110.5999984741211,111.44999694824219,95.52281188964844,15953.0
2006-02-10,111.0,113.69999694824219,110.5999984741211,113.44999694824219,97.23698425292969,15863.0
2006-02-13,113.0,113.0,111.0,111.5,95.56565856933594,7143.0
2006-02-14,112.75,113.5,109.3499984741211,110.0999984741211,94.36573028564453,7771.0
2006-02-15,112.75,113.0,110.25,110.75,94.92283630371094,5596.0
2006-02-16,112.44999694824219,115.5,111.55000305175781,112.8499984741211,96.72272491455078,6888.0
2006-02-17,111.5999984741211,112.69999694824219,110.0999984741211,110.80000305175781,94.9656982421875,5794.0
2006-02-20,110.05000305175781,111.30000305175781,110.0,111.05000305175781,95.17997741699219,8779.0
2006-02-22,113.5999984741211,113.5999984741211,111.0,111.0,95.1371078491211,6283.0
2006-02-23,111.0,112.5999984741211,111.0,111.5,95.56565856933594,4775.0
2006-02-24,111.19999694824219,111.55000305175781,111.0,111.0999984741211,95.22282409667969,8803.0
2006-02-27,112.0,112.5,111.0,112.05000305175781,96.03707122802734,1936.0
2006-02-28,111.0,113.19999694824219,111.0,111.55000305175781,95.60850524902344,6306.0
2006-03-01,111.5,112.25,110.3499984741211,111.8499984741211,95.86563873291016,4123.0
2006-03-02,112.0,112.25,111.05000305175781,111.19999694824219,95.30852508544922,5343.0
2006-03-03,111.0,111.9000015258789,111.0,111.19999694824219,95.30852508544922,2930.0
2006-03-06,111.1500015258789,112.5,111.0,111.5,95.56565856933594,5571.0
2006-03-07,111.30000305175781,112.69999694824219,111.25,111.8499984741211,95.86563873291016,4765.0
2006-03-08,111.0,126.8499984741211,111.0,118.3499984741211,101.43672943115234,91178.0
2006-03-09,120.4000015258789,124.0,117.05000305175781,121.9000015258789,104.47941589355469,48307.0
2006-03-10,123.4000015258789,136.0,123.4000015258789,135.14999389648438,115.8358383178711,232561.0
2006-03-13,137.0,143.6999969482422,135.0,136.5500030517578,117.03579711914062,156068.0
2006-03-14,138.0,141.60000610351562,138.0,138.9499969482422,119.09278869628906,73181.0
2006-03-16,140.89999389648438,145.5,140.0,141.9499969482422,121.6640625,70740.0
2006-03-17,143.0,143.5,138.6999969482422,139.4499969482422,119.52134704589844,69193.0
2006-03-20,131.0,140.5,131.0,135.9499969482422,116.52152252197266,14779.0
2006-03-21,137.0,137.0,131.1999969482422,132.6999969482422,113.73597717285156,15018.0
2006-03-22,133.5,146.0,133.5,146.0,125.13530731201172,305702.0
2006-03-23,149.0,160.60000610351562,149.0,160.0500030517578,137.1774139404297,539099.0
2006-03-24,165.0,165.0,151.0,152.8000030517578,130.96351623535156,152962.0
2006-03-27,147.10000610351562,149.89999389648438,140.0,145.4499969482422,124.66388702392578,146677.0
2006-03-28,146.0,150.1999969482422,141.35000610351562,147.75,126.63521575927734,110173.0
2006-03-30,152.0,154.0,148.10000610351562,151.6999969482422,130.02073669433594,36536.0
2006-03-31,150.0,153.5,147.75,148.1999969482422,127.02091217041016,11928.0
2006-04-03,149.9499969482422,163.0500030517578,149.75,163.0500030517578,139.74868774414062,85101.0
2006-04-04,175.0,175.0,162.5500030517578,173.5500030517578,148.74815368652344,169619.0
2006-04-05,174.0,174.9499969482422,170.0,171.85000610351562,147.29110717773438,83834.0
2006-04-07,172.3000030517578,175.6999969482422,170.0,170.14999389648438,145.83404541015625,49106.0
2006-04-10,170.0500030517578,175.0500030517578,169.10000610351562,170.89999389648438,146.47683715820312,41032.0
2006-04-12,,,,,,
2006-04-13,168.0,177.75,165.0,167.75,145.91146850585938,31394.0
2006-04-17,183.25,183.25,168.35000610351562,169.25,147.21620178222656,27922.0
2006-04-18,173.0,176.0,166.14999389648438,168.5,146.56382751464844,27111.0
2006-04-19,170.14999389648438,171.5,163.0,163.75,142.43222045898438,15427.0
2006-04-20,160.0,166.75,160.0,162.75,141.56240844726562,12575.0
2006-04-21,162.0,162.0,158.0500030517578,159.3000030517578,138.5615692138672,25516.0
2006-04-24,167.9499969482422,167.9499969482422,160.0,160.6999969482422,139.77926635742188,12675.0
2006-04-25,160.0,165.8000030517578,158.1999969482422,159.25,138.51803588867188,40449.0
2006-04-26,155.0,161.0,155.0,159.89999389648438,139.0834197998047,16398.0
2006-04-27,162.5,162.5,158.5,159.0,138.3006134033203,10497.0
2006-05-02,158.0,159.85000610351562,155.0,155.5500030517578,135.29974365234375,8102.0
2006-05-03,152.64999389648438,157.0,152.64999389648438,154.60000610351562,134.4734344482422,12530.0
2006-05-04,155.9499969482422,156.0,153.0,153.89999389648438,133.86453247070312,4647.0
2006-05-05,154.0,156.0,150.0,152.4499969482422,132.6033172607422,9575.0
2006-05-08,153.10000610351562,156.0,152.75,153.35000610351562,133.3861846923828,5180.0
2006-05-09,152.0,156.89999389648438,152.0,155.14999389648438,134.95181274414062,13159.0
2006-05-10,158.8000030517578,170.6999969482422,158.0,170.6999969482422,148.47743225097656,12733.0
2006-05-11,187.8000030517578,187.8000030517578,165.3000030517578,168.5,146.56382751464844,81262.0
2006-05-12,169.0,181.89999389648438,163.1999969482422,175.0,152.21763610839844,55359.0
2006-05-15,175.60000610351562,178.5,167.5,170.3000030517578,148.12948608398438,33368.0
2006-05-16,168.0,168.5,156.3000030517578,165.25,143.73695373535156,29204.0
2006-05-17,169.89999389648438,173.89999389648438,166.1999969482422,167.8000030517578,145.95497131347656,18507.0
2006-05-18,162.0,165.8000030517578,155.10000610351562,158.9499969482422,138.25709533691406,22528.0
2006-05-19,158.25,161.8000030517578,151.14999389648438,152.3000030517578,132.4728546142578,18110.0
2006-05-22,150.0,152.4499969482422,137.10000610351562,137.25,119.38213348388672,13168.0
2006-05-23,130.10000610351562,142.0,130.0,136.85000610351562,119.03417205810547,21922.0
2006-05-24,135.0,147.0,135.0,139.3000030517578,121.16520690917969,7087.0
2006-05-25,138.0,139.89999389648438,135.0,137.75,119.81702423095703,7966.0
2006-05-26,140.0500030517578,146.5500030517578,140.0,144.5500030517578,125.73178100585938,7597.0
2006-05-29,140.0,148.89999389648438,132.39999389648438,142.85000610351562,124.25310516357422,6567.0
2006-05-30,140.5,142.39999389648438,140.0,141.0500030517578,122.68742370605469,3457.0
2006-06-01,132.0500030517578,140.0,131.10000610351562,133.75,116.3377685546875,5145.0
2006-06-02,132.0,133.0,120.5,130.64999389648438,113.6413345336914,13644.0
2006-06-05,131.0,131.0,128.3000030517578,129.75,112.85848999023438,7464.0
2006-06-06,125.19999694824219,130.0,121.5999984741211,122.5999984741211,106.63932037353516,1537.0
2006-06-07,117.05000305175781,124.0,111.19999694824219,114.0,99.158935546875,3696.0
2006-06-08,113.0,113.0,102.80000305175781,103.5999984741211,90.11283111572266,9555.0
2006-06-09,106.0,108.80000305175781,99.0,108.80000305175781,94.63587188720703,3979.0
2006-06-12,110.0,114.25,107.5,114.25,99.37638092041016,5550.0
2006-06-13,109.0,113.8499984741211,109.0,109.0,94.80986022949219,1389.0
2006-06-14,108.05000305175781,110.94999694824219,103.55000305175781,103.5999984741211,90.11283111572266,6464.0
2006-06-19,118.9000015258789,118.9000015258789,115.0,117.0,101.76836395263672,5438.0
2006-06-20,117.0,121.5,115.0,118.80000305175781,103.33403015136719,2139.0
2006-06-21,121.0,121.0,116.0,119.25,103.7254638671875,12274.0
2006-06-22,116.0,123.0,116.0,120.6500015258789,104.94319152832031,2749.0
2006-06-23,121.6500015258789,124.5,118.75,122.9000015258789,106.90027618408203,758.0
2006-06-26,120.0,123.0,116.0,116.0,100.89854431152344,4788.0
2006-06-27,111.4000015258789,117.0,111.0,112.05000305175781,97.4627685546875,1963.0
2006-06-28,108.4000015258789,114.5999984741211,108.4000015258789,112.19999694824219,97.59324645996094,577.0
2006-06-29,110.05000305175781,117.80000305175781,110.05000305175781,114.5999984741211,99.68080139160156,2286.0
2006-06-30,115.0,120.0,115.0,117.75,102.42073059082031,6891.0
2006-07-03,118.6500015258789,121.9000015258789,113.05000305175781,118.3499984741211,102.94261169433594,3178.0
2006-07-04,120.0,120.0,116.5999984741211,117.1500015258789,101.89884948730469,1364.0
2006-07-05,116.05000305175781,118.5999984741211,115.69999694824219,117.75,102.42073059082031,5072.0
2006-07-06,117.94999694824219,117.94999694824219,116.25,117.0,101.76836395263672,129.0
2006-07-07,118.5,119.0,114.0,115.1500015258789,100.15922546386719,2679.0
2006-07-10,118.0,118.0,113.25,114.0,99.158935546875,0.0
2006-07-11,113.0,116.80000305175781,113.0,114.05000305175781,99.2024154663086,310.0
2006-07-12,111.19999694824219,115.8499984741211,111.19999694824219,114.3499984741211,99.46334838867188,655.0
2006-07-13,114.0,114.8499984741211,110.0,112.1500015258789,97.54977416992188,8209.0
2006-07-14,113.69999694824219,113.69999694824219,110.0,111.30000305175781,96.81040954589844,5616.0
2006-07-17,108.3499984741211,112.0,108.3499984741211,109.1500015258789,94.94031524658203,6242.0
2006-07-18,109.80000305175781,110.6500015258789,106.94999694824219,108.19999694824219,94.11399841308594,1509.0
2006-07-19,111.9000015258789,111.9000015258789,105.0,105.5,91.76549530029297,1335.0
2006-07-20,105.0,107.19999694824219,105.0,105.5999984741211,91.85247039794922,1125.0
2006-07-21,106.0,107.80000305175781,104.0,104.4000015258789,90.80870056152344,2141.0
2006-07-24,106.5,106.5,102.0999984741211,104.0,90.46077728271484,1245.0
2006-07-25,102.05000305175781,107.9000015258789,102.05000305175781,105.44999694824219,91.72200775146484,3860.0
2006-07-26,107.75,107.75,105.0,106.19999694824219,92.37435150146484,1554.0
2006-07-27,106.1500015258789,111.55000305175781,106.1500015258789,111.5,96.98439025878906,1745.0
2006-07-28,112.0,112.0,108.4000015258789,110.19999694824219,95.85362243652344,16489.0
2006-07-31,108.5999984741211,115.44999694824219,108.5999984741211,113.4000015258789,98.63703155517578,1669.0
2006-08-01,115.0,119.0999984741211,115.0,119.0999984741211,103.59497833251953,4581.0
2006-08-02,125.0999984741211,125.0999984741211,125.0999984741211,125.0999984741211,108.81388092041016,2343.0
2006-08-04,131.0,131.0,124.8499984741211,125.9000015258789,109.50971984863281,24466.0
2006-08-07,121.55000305175781,125.0,121.55000305175781,123.25,107.20469665527344,5411.0
2006-08-08,123.0,125.0,122.0,123.80000305175781,107.68311309814453,6228.0
2006-08-09,121.5,125.0,121.5,124.94999694824219,108.68338775634766,2310.0
2006-08-10,124.75,126.0,123.1500015258789,124.3499984741211,108.16151428222656,10392.0
2006-08-11,125.0,134.75,121.5,129.64999389648438,112.77151489257812,40468.0
2006-08-14,130.0,141.4499969482422,130.0,140.64999389648438,122.33946990966797,19029.0
2006-08-16,139.75,145.5,139.75,142.35000610351562,123.81818389892578,11876.0
2006-08-17,140.0500030517578,140.0500030517578,135.35000610351562,137.64999389648438,119.73004150390625,7577.0
2006-08-18,139.0,142.9499969482422,138.10000610351562,141.0500030517578,122.68742370605469,6005.0
2006-08-21,145.89999389648438,148.5,144.0,146.89999389648438,127.77581024169922,16661.0
2006-08-22,148.0,150.0,146.0,147.0,127.8628158569336,14509.0
2006-08-23,146.89999389648438,147.4499969482422,140.35000610351562,141.89999389648438,123.42676544189453,13236.0
2006-08-24,142.5,142.5,138.0,139.3000030517578,121.16520690917969,6464.0
2006-08-25,142.0,142.5,139.39999389648438,141.5,123.0788345336914,7074.0
2006-08-28,145.0,149.89999389648438,143.0,145.0500030517578,126.16667938232422,12051.0
2006-08-29,147.0,147.9499969482422,144.25,144.89999389648438,126.03620147705078,4033.0
2006-08-30,145.25,146.8000030517578,143.3000030517578,145.0,126.12319946289062,6772.0
2006-08-31,145.75,145.8000030517578,142.60000610351562,143.75,125.0359115600586,5403.0
2006-09-01,144.0,146.0,142.0,144.25,125.47081756591797,3775.0
2006-09-04,145.9499969482422,147.8000030517578,144.3000030517578,146.14999389648438,127.12348175048828,10744.0
2006-09-05,147.0,148.0,141.5500030517578,144.8000030517578,125.94921875,8516.0
2006-09-06,143.3000030517578,146.1999969482422,143.3000030517578,143.75,125.0359115600586,3382.0
2006-09-07,143.0,152.1999969482422,143.0,151.5500030517578,131.8204803466797,19959.0
2006-09-08,152.89999389648438,157.0,151.0,151.6999969482422,131.95095825195312,17196.0
2006-09-11,154.8000030517578,156.0,146.1999969482422,147.5500030517578,128.34120178222656,18397.0
2006-09-12,142.3000030517578,147.85000610351562,142.3000030517578,145.25,126.34066009521484,13512.0
2006-09-13,149.39999389648438,154.0,147.0,148.85000610351562,129.47198486328125,9079.0
2006-09-14,152.25,153.89999389648438,149.1999969482422,152.5500030517578,132.6902618408203,16841.0
2006-09-15,151.0,156.89999389648438,151.0,153.60000610351562,133.6035919189453,10350.0
2006-09-18,147.25,161.0500030517578,147.25,159.75,138.95294189453125,34943.0
2006-09-19,161.5,175.75,159.0,164.35000610351562,142.95411682128906,163521.0
2006-09-20,163.5,168.0,160.5,163.3000030517578,142.04080200195312,53944.0
2006-09-21,166.0,167.89999389648438,162.25,163.64999389648438,142.34521484375,25384.0
2006-09-22,164.64999389648438,164.6999969482422,154.35000610351562,156.14999389648438,135.82164001464844,36611.0
2006-09-25,157.0,159.89999389648438,153.0,154.6999969482422,134.5603790283203,12043.0
2006-09-26,155.10000610351562,156.9499969482422,154.3000030517578,156.0,135.69113159179688,9717.0
2006-09-27,156.10000610351562,156.64999389648438,152.0,152.3000030517578,132.4728546142578,5481.0
2006-09-28,152.0,157.0,152.0,154.8000030517578,134.64736938476562,9205.0
2006-09-29,153.60000610351562,155.6999969482422,150.0,151.1999969482422,131.5160369873047,12510.0
2006-10-03,151.39999389648438,153.0,151.25,152.64999389648438,132.77728271484375,1257.0
2006-10-04,154.64999389648438,161.85000610351562,154.0,158.75,138.08314514160156,11864.0
2006-10-05,161.85000610351562,164.89999389648438,160.0,162.14999389648438,141.04051208496094,23903.0
2006-10-06,163.85000610351562,165.0,161.0,163.39999389648438,142.1277618408203,11180.0
2006-10-09,151.0,166.8000030517578,151.0,164.60000610351562,143.1715850830078,32555.0
2006-10-10,166.9499969482422,166.9499969482422,160.5500030517578,162.14999389648438,141.04051208496094,9528.0
2006-10-11,163.10000610351562,166.0,162.5,163.8000030517578,142.47572326660156,19936.0
2006-10-12,162.0,165.39999389648438,162.0,163.8000030517578,142.47572326660156,20183.0
2006-10-13,167.89999389648438,178.39999389648438,165.0500030517578,173.3000030517578,150.7389373779297,70768.0
2006-10-16,177.0,177.0,167.39999389648438,172.5500030517578,150.08657836914062,31319.0
2006-10-17,176.4499969482422,176.4499969482422,169.1999969482422,171.9499969482422,149.56472778320312,17260.0
2006-10-18,174.89999389648438,176.9499969482422,172.0,173.5,150.9129180908203,36860.0
2006-10-19,175.0,176.9499969482422,165.0,167.3000030517578,145.5200653076172,9310.0
2006-10-20,170.9499969482422,172.6999969482422,168.3000030517578,169.4499969482422,147.39015197753906,10276.0
2006-10-23,167.75,170.0,167.75,168.89999389648438,146.9117889404297,1595.0
2006-10-26,172.0,172.0,166.10000610351562,167.64999389648438,145.82447814941406,7487.0
2006-10-27,167.5,169.0,166.5,167.25,145.47659301757812,10502.0
2006-10-30,168.0,168.0,165.14999389648438,165.75,144.171875,2800.0
2006-10-31,166.0,167.8000030517578,162.5,162.85000610351562,141.64942932128906,3813.0
2006-11-01,163.89999389648438,163.89999389648438,160.10000610351562,160.5,139.60531616210938,9009.0
2006-11-02,161.0500030517578,164.0,160.0500030517578,162.75,141.56240844726562,7056.0
2006-11-03,163.0,166.0,161.25,164.4499969482422,143.04107666015625,8288.0
2006-11-06,167.0,175.0,164.0,172.3000030517578,149.869140625,32442.0
2006-11-07,172.0,175.0,168.0,169.75,147.65110778808594,20357.0
2006-11-08,170.5,173.89999389648438,163.0500030517578,165.0500030517578,143.56301879882812,4825.0
2006-11-09,165.0500030517578,171.8000030517578,164.5,167.14999389648438,145.3895721435547,16885.0
2006-11-10,160.0500030517578,170.0,160.0500030517578,167.5,145.6940155029297,7859.0
2006-11-13,166.0,169.85000610351562,165.0,165.14999389648438,143.6499786376953,4610.0
2006-11-14,169.0,169.89999389648438,164.0,164.75,143.30201721191406,3167.0
2006-11-15,165.0500030517578,165.0500030517578,161.5,162.25,141.12750244140625,7222.0
2006-11-16,162.0,169.0,162.0,164.0,142.64967346191406,11733.0
2006-11-17,165.5,167.0,160.0,160.89999389648438,139.95323181152344,9060.0
2006-11-20,158.0,169.60000610351562,158.0,166.5500030517578,144.86770629882812,5828.0
2006-11-21,164.75,172.5,164.75,168.0500030517578,146.1724395751953,9105.0
2006-11-22,168.5,170.5,166.0,168.89999389648438,146.9117889404297,7286.0
2006-11-23,170.0,170.0,165.0,165.4499969482422,143.910888671875,6823.0
2006-11-24,165.0,167.25,163.14999389648438,163.14999389648438,141.91030883789062,2698.0
2006-11-27,168.35000610351562,168.39999389648438,161.1999969482422,161.60000610351562,140.5621337890625,6613.0
2006-11-28,162.25,163.9499969482422,161.5,162.5,141.34495544433594,1822.0
2006-11-29,164.85000610351562,164.85000610351562,161.85000610351562,162.0,140.91006469726562,4159.0
2006-11-30,167.0,167.0,162.25,162.85000610351562,141.64942932128906,3370.0
2006-12-01,162.6999969482422,172.39999389648438,162.6999969482422,170.39999389648438,148.21649169921875,12380.0
2006-12-04,172.4499969482422,174.25,157.10000610351562,162.85000610351562,141.64942932128906,18656.0
2006-12-05,165.0,170.0,162.8000030517578,166.75,145.04164123535156,18995.0
2006-12-06,171.8000030517578,171.8000030517578,162.0,163.39999389648438,142.1277618408203,5601.0
2006-12-07,163.9499969482422,171.5,163.9499969482422,166.89999389648438,145.17213439941406,33859.0
2006-12-08,166.9499969482422,170.0,165.0,167.14999389648438,145.3895721435547,5979.0
2006-12-11,166.0,166.9499969482422,159.0,160.60000610351562,139.69229125976562,6444.0
2006-12-12,160.25,164.89999389648438,156.0,158.89999389648438,138.213623046875,9159.0
2006-12-13,158.0,160.9499969482422,155.64999389648438,159.85000610351562,139.03994750976562,7021.0
2006-12-14,161.0,166.25,161.0,165.3000030517578,143.78042602539062,3440.0
2006-12-15,167.0,169.0,165.35000610351562,167.39999389648438,145.60702514648438,2974.0
2006-12-18,168.0,172.0,166.64999389648438,171.4499969482422,149.12977600097656,6663.0
2006-12-19,172.0,173.0,167.0,167.35000610351562,145.5635528564453,15804.0
2006-12-20,170.0,170.0,165.0500030517578,165.3000030517578,143.78042602539062,2177.0
2006-12-21,163.0,164.0,161.5500030517578,162.85000610351562,141.64942932128906,16119.0
2006-12-22,165.85000610351562,169.0,163.8000030517578,166.89999389648438,145.17213439941406,5196.0
2006-12-26,168.5,169.0,164.0,166.1999969482422,144.5632781982422,3775.0
2006-12-27,169.89999389648438,169.89999389648438,162.75,162.85000610351562,141.64942932128906,2403.0
2006-12-28,165.0,165.0,163.39999389648438,163.60000610351562,142.3017578125,1357.0
2006-12-29,165.4499969482422,165.4499969482422,162.10000610351562,162.64999389648438,141.4754180908203,2414.0
2007-01-02,165.0,175.5,165.0,174.3000030517578,151.60877990722656,25205.0
2007-01-03,176.9499969482422,183.64999389648438,176.0,180.6999969482422,157.1755828857422,25947.0
2007-01-04,189.89999389648438,197.0,182.0,192.3000030517578,167.2654266357422,85865.0
2007-01-05,199.89999389648438,199.89999389648438,187.10000610351562,188.0500030517578,163.56871032714844,22340.0
2007-01-08,188.10000610351562,193.9499969482422,186.3000030517578,188.0,163.52523803710938,16449.0
2007-01-09,187.0500030517578,199.0,187.0500030517578,191.0500030517578,166.1781768798828,42203.0
2007-01-10,193.0,195.89999389648438,189.0,192.10000610351562,167.09149169921875,19099.0
2007-01-11,194.89999389648438,195.0,188.0500030517578,189.60000610351562,164.9169464111328,4762.0
2007-01-12,192.75,194.39999389648438,187.9499969482422,188.5500030517578,164.00363159179688,10289.0
2007-01-15,191.89999389648438,193.25,187.0500030517578,188.0500030517578,163.56871032714844,9486.0
2007-01-16,187.0500030517578,191.9499969482422,183.10000610351562,186.25,162.0030517578125,18748.0
2007-01-17,187.0,188.9499969482422,186.0,186.5,162.22052001953125,7611.0
2007-01-18,185.25,191.89999389648438,185.0,189.85000610351562,165.13438415527344,18503.0
2007-01-19,191.0,193.0,187.5,191.0,166.1346893310547,10236.0
2007-01-22,193.0,193.0,186.0,187.35000610351562,162.9598846435547,11623.0
2007-01-23,189.89999389648438,189.89999389648438,183.39999389648438,184.89999389648438,160.8288116455078,17691.0
2007-01-24,189.75,189.75,182.0,182.9499969482422,159.1326446533203,5236.0
2007-01-25,185.0,189.0,181.0,181.6999969482422,158.04539489746094,3809.0
2007-01-29,198.0,198.0,181.0,186.64999389648438,162.3509521484375,6253.0
2007-01-31,192.75,192.75,169.14999389648438,170.1999969482422,148.0425262451172,20572.0
2007-02-01,170.0,177.8000030517578,167.0,167.5500030517578,145.7375030517578,9688.0
2007-02-02,167.0,175.0500030517578,167.0,168.8000030517578,146.82481384277344,15032.0
2007-02-05,171.89999389648438,171.89999389648438,168.0,169.89999389648438,147.7815704345703,9528.0
2007-02-06,168.1999969482422,170.10000610351562,164.25,165.0,143.51950073242188,4940.0
2007-02-07,168.0,168.89999389648438,164.5,164.75,143.30201721191406,4620.0
2007-02-08,169.6999969482422,176.0,162.39999389648438,164.0,142.64967346191406,5636.0
2007-02-09,160.0500030517578,167.0,158.0500030517578,158.9499969482422,138.25709533691406,8087.0
2007-02-12,156.1999969482422,160.0,151.0,152.4499969482422,132.6033172607422,8535.0
2007-02-13,155.0,157.9499969482422,151.25,154.0500030517578,133.9949951171875,5824.0
2007-02-14,152.3000030517578,162.5,151.9499969482422,161.10000610351562,140.12721252441406,11330.0
2007-02-15,160.64999389648438,167.0,160.60000610351562,162.1999969482422,141.08401489257812,13461.0
2007-02-19,165.0,170.0,165.0,168.5,146.56382751464844,11137.0
2007-02-20,167.0,167.5,162.3000030517578,162.60000610351562,141.43194580078125,630.0
2007-02-21,161.6999969482422,161.6999969482422,159.35000610351562,160.0,139.17041015625,5191.0
2007-02-22,160.10000610351562,163.0,160.10000610351562,163.0,141.7798614501953,2179.0
2007-02-23,158.5,158.5,152.1999969482422,155.0500030517578,134.86483764648438,2865.0
2007-02-26,158.0,159.0,153.0,155.9499969482422,135.64767456054688,1701.0
2007-02-27,157.9499969482422,160.75,154.5,154.9499969482422,134.77780151367188,1410.0
2007-02-28,153.9499969482422,157.8000030517578,152.35000610351562,153.0500030517578,133.12522888183594,2020.0
2007-03-01,151.3000030517578,157.35000610351562,138.10000610351562,150.5500030517578,130.95066833496094,2413.0
2007-03-02,150.10000610351562,150.10000610351562,145.0,147.25,128.08026123046875,4544.0
2007-03-05,142.0,144.0,136.0,136.5500030517578,118.77324676513672,7191.0
2007-03-06,136.89999389648438,140.3000030517578,123.0,136.8000030517578,118.99072265625,35123.0
2007-03-07,137.10000610351562,137.9499969482422,130.0,130.6999969482422,113.6848373413086,7331.0
2007-03-08,131.0500030517578,131.5,128.5500030517578,130.5,113.5108642578125,13503.0
2007-03-09,135.0,136.0,127.0,127.6500015258789,111.03189849853516,16118.0
2007-03-12,127.69999694824219,134.6999969482422,127.5999984741211,131.39999389648438,114.2936782836914,6970.0
2007-03-13,130.0500030517578,134.0,130.0,133.5500030517578,116.16382598876953,1434.0
2007-03-14,130.5,135.5,126.1500015258789,132.3000030517578,115.0765380859375,778.0
2007-03-15,134.0,137.5,129.5,130.35000610351562,113.38041687011719,4865.0
2007-03-16,130.1999969482422,132.0500030517578,128.14999389648438,130.6999969482422,113.6848373413086,1150.0
2007-03-19,130.0,133.60000610351562,128.75,130.10000610351562,113.16295623779297,2523.0
2007-03-20,132.0,132.0,129.0,129.1999969482422,112.38011169433594,2695.0
2007-03-21,129.5,136.0,126.0999984741211,135.14999389648438,117.55551147460938,9738.0
2007-03-22,138.5,138.5,135.0,136.0,118.29486083984375,2247.0
2007-03-23,135.0,139.8000030517578,132.0,132.6999969482422,115.42446899414062,2755.0
2007-03-26,136.0,139.0,136.0,136.89999389648438,119.07768249511719,7699.0
2007-03-28,135.0,138.89999389648438,133.1999969482422,134.14999389648438,116.68569946289062,2215.0
2007-03-29,133.0500030517578,136.89999389648438,132.64999389648438,133.10000610351562,115.77239990234375,792.0
2007-03-30,135.5,140.0,135.0,138.5,120.46939086914062,11894.0
2007-04-02,136.60000610351562,140.0,136.60000610351562,137.0,119.16466522216797,1375.0
2007-04-03,135.0,137.9499969482422,134.5500030517578,136.0,118.29486083984375,1604.0
2007-04-04,136.0500030517578,139.8000030517578,136.0500030517578,138.0,120.03446960449219,430.0
2007-04-05,140.0,148.10000610351562,140.0,143.64999389648438,124.94894409179688,3686.0
2007-04-09,148.85000610351562,150.0,145.10000610351562,149.3000030517578,129.8634033203125,4929.0
2007-04-10,151.0,151.0,147.0,148.3000030517578,128.99359130859375,5065.0
2007-04-11,149.9499969482422,150.0,145.60000610351562,146.89999389648438,127.77581024169922,3900.0
2007-04-12,147.64999389648438,147.64999389648438,144.10000610351562,144.1999969482422,128.04222106933594,1354.0
2007-04-13,145.0,146.0,142.10000610351562,145.0500030517578,128.7969970703125,5849.0
2007-04-16,144.3000030517578,152.0,144.3000030517578,149.5,132.7483367919922,6061.0
2007-04-17,150.0,150.8000030517578,147.39999389648438,148.60000610351562,131.94920349121094,2254.0
2007-04-18,150.9499969482422,151.9499969482422,145.3000030517578,146.25,129.86251831054688,2531.0
2007-04-19,144.0500030517578,149.5,144.0500030517578,148.89999389648438,132.215576171875,6433.0
2007-04-20,151.0,151.0,147.0500030517578,149.10000610351562,132.3931884765625,4643.0
2007-04-23,151.0,156.8000030517578,150.0,155.75,138.29803466796875,10835.0
2007-04-24,155.0,162.0,154.0,160.0500030517578,142.1162109375,6908.0
2007-04-25,160.0,160.0,155.0,157.25,139.62994384765625,12245.0
2007-04-26,158.5,161.8000030517578,154.0500030517578,155.25,137.85406494140625,30907.0
2007-04-27,148.25,162.0,148.25,161.60000610351562,143.49253845214844,56212.0
2007-04-30,165.0,177.8000030517578,163.8000030517578,177.8000030517578,157.87730407714844,35694.0
2007-05-03,184.89999389648438,185.0,172.8000030517578,173.9499969482422,154.4586944580078,31153.0
2007-05-04,177.0,177.0,166.25,167.5500030517578,148.7758331298828,3551.0
2007-05-07,173.85000610351562,177.10000610351562,171.39999389648438,175.5,155.8350372314453,18281.0
2007-05-08,170.0,176.5,168.25,169.25,150.2853240966797,2646.0
2007-05-09,167.0,169.0,166.1999969482422,166.9499969482422,148.24305725097656,1196.0
2007-05-10,171.89999389648438,175.0,167.5,171.3000030517578,152.10565185546875,2618.0
2007-05-11,172.5,172.5,164.14999389648438,165.89999389648438,147.31072998046875,10401.0
2007-05-14,169.39999389648438,176.5,169.39999389648438,170.85000610351562,151.70606994628906,8062.0
2007-05-15,167.3000030517578,175.0,167.3000030517578,168.6999969482422,149.79696655273438,6344.0
2007-05-16,169.0,173.89999389648438,165.35000610351562,169.5,150.50733947753906,3966.0
2007-05-17,168.60000610351562,172.0,168.0,168.10000610351562,149.26422119140625,4258.0
2007-05-18,172.0,172.0,160.0,167.9499969482422,149.13101196289062,9904.0
2007-05-21,160.0,170.0,160.0,167.35000610351562,148.59823608398438,5168.0
2007-05-22,160.0,169.0,160.0,167.8000030517578,148.99783325195312,1777.0
2007-05-23,165.0500030517578,168.5,165.0,165.0,146.5115509033203,3829.0
2007-05-24,158.0,166.25,158.0,165.10000610351562,146.60037231445312,777.0
2007-05-25,155.0,165.9499969482422,155.0,164.6999969482422,146.24517822265625,815.0
2007-05-28,154.14999389648438,167.64999389648438,154.14999389648438,165.14999389648438,146.64474487304688,1116.0
2007-05-29,157.0,168.0,157.0,165.14999389648438,146.64474487304688,4843.0
2007-05-30,160.14999389648438,177.89999389648438,160.14999389648438,169.3000030517578,150.3297119140625,19784.0
2007-05-31,160.0,172.5,160.0,169.5500030517578,150.5517120361328,5752.0
2007-06-04,176.0,176.0,167.0,168.14999389648438,149.30859375,1466.0
2007-06-05,164.14999389648438,170.0,163.5,168.5,149.61936950683594,7703.0
2007-06-06,165.5,169.9499969482422,165.0,166.35000610351562,147.7102813720703,2676.0
2007-06-07,154.0,167.25,154.0,165.85000610351562,147.2663116455078,2719.0
2007-06-08,161.5,165.9499969482422,154.0,162.35000610351562,144.15847778320312,3536.0
2007-06-11,160.0,164.75,160.0,160.60000610351562,142.6045684814453,3288.0
2007-06-12,161.10000610351562,161.10000610351562,158.5,159.25,141.4058380126953,2060.0
2007-06-13,156.60000610351562,160.0,155.5,156.39999389648438,138.8751678466797,2419.0
2007-06-14,157.25,161.9499969482422,157.25,159.75,141.84979248046875,10863.0
2007-06-15,169.0,172.5,156.5,161.4499969482422,143.3593292236328,6288.0
2007-06-18,167.5,167.5,162.0,165.14999389648438,146.64474487304688,8514.0
2007-06-19,174.8000030517578,174.8000030517578,164.5,165.25,146.73353576660156,2569.0
2007-06-20,166.0,170.0,163.3000030517578,167.9499969482422,149.13101196289062,6756.0
2007-06-21,161.3000030517578,169.0,161.3000030517578,168.5,149.61936950683594,1284.0
2007-06-22,163.3000030517578,169.0,163.3000030517578,165.6999969482422,147.13311767578125,2127.0
2007-06-25,161.5,180.0,161.5,169.89999389648438,150.86248779296875,3679.0
2007-06-26,167.0,173.4499969482422,167.0,172.60000610351562,153.2599639892578,7885.0
2007-06-27,169.5500030517578,175.6999969482422,169.5500030517578,173.10000610351562,153.70394897460938,7918.0
2007-06-28,175.0,190.4499969482422,175.0,190.4499969482422,169.10986328125,38310.0
2007-06-29,200.10000610351562,209.5,193.0,204.6999969482422,181.7631378173828,268996.0
2007-07-02,209.0,209.0,190.0,195.8000030517578,173.86038208007812,113368.0
2007-07-03,196.89999389648438,196.89999389648438,188.14999389648438,189.3000030517578,168.0886993408203,71192.0
2007-07-04,192.89999389648438,198.0,192.89999389648438,195.0,173.15000915527344,108069.0
2007-07-05,201.0,203.0,193.0,199.60000610351562,177.23460388183594,101843.0
2007-07-06,199.0,200.0,192.5,193.5,171.81809997558594,150826.0
2007-07-09,194.5,197.0,189.25,191.1999969482422,169.7758026123047,100252.0
2007-07-10,191.0,194.0,191.0,191.1999969482422,169.7758026123047,4085.0
2007-07-11,190.5,192.6999969482422,190.0,191.3000030517578,169.86460876464844,4956.0
2007-07-12,191.3000030517578,194.0,190.0,190.3000030517578,168.97662353515625,17722.0
2007-07-13,190.75,193.5,189.75,190.0,168.7102813720703,23211.0
2007-07-16,190.0500030517578,195.0,190.0500030517578,193.9499969482422,172.21768188476562,5168.0
2007-07-17,195.0,195.0,190.25,190.25,168.93226623535156,3437.0
2007-07-18,190.0500030517578,195.0,190.0500030517578,193.3000030517578,171.64051818847656,8379.0
2007-07-19,199.0,199.0,191.14999389648438,192.1999969482422,170.6637725830078,22836.0
2007-07-20,190.5500030517578,194.60000610351562,190.5500030517578,193.10000610351562,171.46292114257812,9286.0
2007-07-23,192.0,195.9499969482422,192.0,193.5,171.81809997558594,8261.0
2007-07-24,191.0,194.5,190.64999389648438,192.75,171.15213012695312,8440.0
2007-07-25,191.25,191.25,190.0500030517578,191.10000610351562,169.68704223632812,3391.0
2007-07-26,191.0500030517578,192.0,190.10000610351562,191.1999969482422,169.7758026123047,2950.0
2007-07-27,192.0,192.0,189.14999389648438,190.5500030517578,169.1986541748047,14650.0
2007-07-30,188.75,191.0,188.75,190.3000030517578,168.97662353515625,8645.0
2007-07-31,196.0,196.0,191.10000610351562,193.39999389648438,171.7292938232422,16316.0
2007-08-01,192.0,195.75,191.0500030517578,191.5500030517578,170.08660888671875,24139.0
2007-08-02,195.0,195.0,190.5,192.14999389648438,170.61932373046875,4002.0
2007-08-03,193.89999389648438,194.39999389648438,191.60000610351562,192.64999389648438,171.06333923339844,1690.0
2007-08-06,190.5,193.0,190.5,192.0,170.48617553710938,5938.0
2007-08-07,194.0,194.0,192.10000610351562,192.10000610351562,170.57496643066406,3901.0
2007-08-08,194.75,194.75,192.5,194.35000610351562,172.57286071777344,11604.0
2007-08-09,194.35000610351562,194.35000610351562,192.3000030517578,192.39999389648438,170.84133911132812,4295.0
2007-08-10,191.0,194.0,191.0,191.64999389648438,170.17535400390625,8174.0
2007-08-13,191.0500030517578,193.75,191.0500030517578,192.14999389648438,170.61932373046875,13561.0
2007-08-14,192.0,192.89999389648438,190.0,192.0,170.48617553710938,29998.0
2007-08-16,190.25,193.0,190.0,192.0,170.48617553710938,8478.0
2007-08-17,192.0,193.5,191.5,193.0,171.37411499023438,35355.0
2007-08-20,198.0,199.5,191.25,196.0,174.03794860839844,21345.0
2007-08-21,193.0500030517578,196.5,192.0500030517578,192.10000610351562,170.57496643066406,4743.0
2007-08-22,192.0,196.0,191.75,194.0,172.26206970214844,25625.0
2007-08-23,196.0,196.39999389648438,195.0,195.0,173.15000915527344,13792.0
2007-08-24,194.0,195.0,192.3000030517578,193.10000610351562,171.46292114257812,908.0
2007-08-27,201.5,201.5,193.5,195.0500030517578,173.19442749023438,2548.0
2007-08-28,194.0,196.75,194.0,196.75,174.7039337158203,1590.0
2007-08-29,193.5500030517578,196.0,193.5500030517578,194.10000610351562,172.3508758544922,425.0
2007-08-30,190.5,196.5500030517578,190.5,196.0,174.03794860839844,8593.0
2007-08-31,197.75,197.75,193.60000610351562,194.0500030517578,172.3064727783203,1625.0
2007-09-03,192.9499969482422,195.0,192.9499969482422,195.0,173.15000915527344,976.0
2007-09-04,193.6999969482422,199.0,193.6999969482422,196.0,174.03794860839844,23751.0
2007-09-05,197.5500030517578,197.5500030517578,194.10000610351562,196.0,174.03794860839844,929.0
2007-09-06,196.0,196.9499969482422,196.0,196.89999389648438,174.83709716796875,1424.0
2007-09-07,196.0,197.0,196.0,196.0,174.03794860839844,1248.0
2007-09-10,197.0,197.0,193.10000610351562,195.0,173.15000915527344,3966.0
2007-09-11,196.64999389648438,196.64999389648438,194.35000610351562,195.0,173.15000915527344,561.0
2007-09-12,195.25,197.8000030517578,194.5500030517578,197.6999969482422,175.54747009277344,3404.0
2007-09-13,197.0,197.0,195.0,196.0,174.03794860839844,1008.0
2007-09-14,196.64999389648438,196.64999389648438,194.0,196.0,174.03794860839844,2551.0
2007-09-17,197.5,200.0,193.39999389648438,200.0,177.58978271484375,7814.0
2007-09-18,200.1999969482422,201.9499969482422,199.14999389648438,200.0500030517578,177.63418579101562,7578.0
2007-09-19,205.0,205.0,199.0,200.5,178.0337371826172,7001.0
2007-09-20,200.5,203.0,200.0,201.0,178.4777069091797,6077.0
2007-09-21,200.0,201.8000030517578,200.0,200.9499969482422,178.4333038330078,3811.0
2007-09-24,202.0,202.0,200.0,200.0,177.58978271484375,4457.0
2007-09-25,201.0,204.0,198.0,198.0,175.8138427734375,3140.0
2007-09-26,199.5,199.5,195.0,196.25,174.25997924804688,4232.0
2007-09-27,198.0,199.0,198.0,198.75,176.4798126220703,1564.0
2007-09-28,199.89999389648438,199.89999389648438,195.60000610351562,195.85000610351562,173.90476989746094,1142.0
2007-10-01,198.0,200.10000610351562,198.0,198.0,175.8138427734375,15663.0
2007-10-03,198.0,199.0,198.0,198.0,175.8138427734375,15603.0
2007-10-04,198.0500030517578,198.60000610351562,198.0,198.0,175.8138427734375,14566.0
2007-10-05,198.0500030517578,198.14999389648438,198.0,198.0,175.8138427734375,6110.0
2007-10-08,190.5,198.0,190.5,196.0,174.03794860839844,9884.0
2007-10-09,193.5,197.0,193.25,194.5,172.70603942871094,4066.0
2007-10-10,188.0,204.0,188.0,200.0,177.58978271484375,11867.0
2007-10-11,200.0,203.0,198.0,203.0,180.2535858154297,10331.0
2007-10-12,198.0500030517578,203.5,198.0,198.0,175.8138427734375,23081.0
2007-10-15,204.0,209.0,201.75,201.75,179.1436767578125,6685.0
2007-10-16,204.0,205.9499969482422,199.0,205.5,182.47348022460938,4124.0
2007-10-17,192.75,205.0,192.75,196.0,174.03794860839844,28679.0
2007-10-18,197.14999389648438,206.9499969482422,197.10000610351562,197.75,175.59188842773438,1697.0
2007-10-19,193.60000610351562,197.0,193.60000610351562,194.0,172.26206970214844,1464.0
2007-10-22,191.0500030517578,200.0,191.0500030517578,200.0,177.58978271484375,2327.0
2007-10-23,195.0500030517578,199.0,194.3000030517578,194.5,172.70603942871094,2314.0
2007-10-24,196.0,196.10000610351562,195.0,196.0,174.03794860839844,12882.0
2007-10-25,198.0,198.0,194.35000610351562,194.60000610351562,172.7948455810547,2266.0
2007-10-26,197.9499969482422,200.0,191.39999389648438,196.39999389648438,174.39312744140625,2654.0
2007-10-29,198.8000030517578,198.8000030517578,194.14999389648438,197.0,174.92593383789062,6396.0
2007-10-30,193.5,199.85000610351562,193.5,197.0,174.92593383789062,11607.0
2007-10-31,196.0500030517578,198.0,196.0,197.0,174.92593383789062,3894.0
2007-11-01,193.10000610351562,197.9499969482422,193.10000610351562,196.25,174.25997924804688,6184.0
2007-11-02,193.39999389648438,198.0,193.39999389648438,194.10000610351562,172.3508758544922,5065.0
2007-11-05,196.60000610351562,196.60000610351562,194.0500030517578,196.0,174.03794860839844,2480.0
2007-11-06,194.10000610351562,196.8000030517578,194.10000610351562,196.0,174.03794860839844,4680.0
2007-11-07,195.0,198.5,193.0500030517578,197.89999389648438,175.72506713867188,4455.0
2007-11-08,192.39999389648438,197.0,192.39999389648438,197.0,174.92593383789062,524.0
2007-11-12,192.0,200.4499969482422,192.0,195.5500030517578,173.6383819580078,2750.0
2007-11-13,196.0500030517578,196.5,196.0500030517578,196.0500030517578,174.0823516845703,2115.0
2007-11-14,196.35000610351562,197.5,196.0,197.5,175.36990356445312,5185.0
2007-11-15,197.1999969482422,197.9499969482422,196.10000610351562,196.10000610351562,174.12677001953125,1375.0
2007-11-16,195.10000610351562,197.9499969482422,195.10000610351562,196.0,174.03794860839844,450.0
2007-11-19,198.0,204.39999389648438,196.10000610351562,200.5,178.0337371826172,15475.0
2007-11-20,202.0,204.0,199.0500030517578,200.10000610351562,177.67855834960938,2673.0
2007-11-21,197.1999969482422,198.0,192.5500030517578,195.14999389648438,173.283203125,610.0
2007-11-22,199.0,200.0,197.0,200.0,177.58978271484375,466.0
2007-11-23,199.0500030517578,200.6999969482422,196.10000610351562,196.10000610351562,174.12677001953125,989.0
2007-11-26,203.9499969482422,203.9499969482422,196.10000610351562,196.10000610351562,174.12677001953125,2071.0
2007-11-27,196.14999389648438,196.14999389648438,196.10000610351562,196.10000610351562,174.12677001953125,570.0
2007-11-28,196.10000610351562,196.3000030517578,196.10000610351562,196.10000610351562,174.12677001953125,1194.0
2007-11-29,196.10000610351562,198.0,195.10000610351562,196.75,174.7039337158203,3051.0
2007-11-30,196.0,197.10000610351562,196.0,197.0,174.92593383789062,1954.0
2007-12-03,195.0,197.89999389648438,194.5,194.5,172.70603942871094,3876.0
2007-12-04,199.89999389648438,199.89999389648438,190.25,195.0,173.15000915527344,5448.0
2007-12-05,195.10000610351562,199.39999389648438,195.10000610351562,199.0,176.70181274414062,1930.0
2007-12-06,201.10000610351562,215.0,201.10000610351562,207.0,183.805419921875,19491.0
2007-12-07,216.9499969482422,216.9499969482422,198.0,201.10000610351562,178.5665283203125,4827.0
2007-12-10,201.0,205.89999389648438,201.0,203.64999389648438,180.8307647705078,3198.0
2007-12-11,206.9499969482422,206.9499969482422,203.0,205.60000610351562,182.56227111816406,2395.0
2007-12-12,203.0500030517578,205.8000030517578,200.10000610351562,202.3000030517578,179.6320343017578,1396.0
2007-12-13,204.64999389648438,207.0,201.14999389648438,201.25,178.69969177246094,2339.0
2007-12-14,202.5,206.5,201.0,201.0,178.4777069091797,5496.0
2007-12-17,207.0,208.5,200.5,202.10000610351562,179.4544677734375,4912.0
2007-12-18,200.3000030517578,204.89999389648438,198.0,198.0,175.8138427734375,3308.0
2007-12-19,200.0,201.89999389648438,198.35000610351562,198.35000610351562,176.12464904785156,480.0
2007-12-20,206.89999389648438,206.89999389648438,199.0,199.0,176.70181274414062,2964.0
2007-12-24,207.0,207.0,199.0,200.0,177.58978271484375,1263.0
2007-12-26,200.0500030517578,205.0,198.0,201.0,178.4777069091797,3454.0
2007-12-27,204.0,204.0,200.0500030517578,202.85000610351562,180.12045288085938,2878.0
2007-12-28,198.5500030517578,202.5,198.5500030517578,201.8000030517578,179.18807983398438,3576.0
2007-12-31,202.0,219.0,201.0,216.0,191.79693603515625,22758.0
2008-01-01,227.0,238.39999389648438,216.0,228.0,202.4523162841797,22662.0
2008-01-02,227.10000610351562,230.0,223.0,225.0,199.78848266601562,5073.0
2008-01-03,234.0,234.0,221.0,226.89999389648438,201.4755859375,5486.0
2008-01-04,225.0,226.5,221.14999389648438,226.0,200.67640686035156,5082.0
2008-01-07,235.0,267.0,200.0,236.0500030517578,209.60031127929688,117910.0
2008-01-08,246.60000610351562,246.60000610351562,222.0,225.0,199.78848266601562,14037.0
2008-01-09,220.0,227.0,213.39999389648438,216.14999389648438,191.93011474609375,19155.0
2008-01-10,222.10000610351562,229.0,208.0,208.0,184.69337463378906,6841.0
2008-01-11,205.25,208.35000610351562,200.25,205.0,182.02952575683594,8060.0
2008-01-14,202.0,209.5,202.0,207.9499969482422,184.6489715576172,5875.0
2008-01-15,205.0500030517578,207.0,202.0,202.0,179.3656463623047,3228.0
2008-01-16,204.0,206.39999389648438,200.1999969482422,201.39999389648438,178.8328857421875,3122.0
2008-01-17,201.0,210.0,200.0,200.5,178.0337371826172,7306.0
2008-01-18,234.0,234.0,200.0,200.0,177.58978271484375,9423.0
2008-01-21,200.5,202.25,190.0,190.1999969482422,168.8878631591797,17503.0
2008-01-22,170.10000610351562,194.9499969482422,170.10000610351562,180.5,160.2747802734375,7571.0
2008-01-23,161.0,200.0,161.0,190.0500030517578,168.75466918945312,3566.0
2008-01-24,192.0,194.4499969482422,183.5,191.89999389648438,170.39735412597656,3139.0
2008-01-25,186.5,194.4499969482422,186.5,190.10000610351562,168.79905700683594,1596.0
2008-01-28,190.0,193.0,182.5,191.25,169.8202362060547,1742.0
2008-01-29,191.0,196.0,191.0,196.0,174.03794860839844,3186.0
2008-01-30,191.1999969482422,200.39999389648438,191.1999969482422,195.0,173.15000915527344,6476.0
2008-01-31,190.5,195.9499969482422,190.0500030517578,191.5,170.0421905517578,2992.0
2008-02-01,189.39999389648438,196.89999389648438,189.39999389648438,195.0,173.15000915527344,2717.0
2008-02-04,202.0,202.0,195.0,200.0,177.58978271484375,1248.0
2008-02-05,197.5,200.89999389648438,195.0,195.0,173.15000915527344,868.0
2008-02-06,195.10000610351562,199.89999389648438,190.14999389648438,199.89999389648438,177.50096130371094,4032.0
2008-02-07,208.39999389648438,208.39999389648438,195.0,195.0,173.15000915527344,2571.0
2008-02-08,195.0,198.4499969482422,192.10000610351562,195.25,173.37200927734375,1483.0
2008-02-11,197.0,199.0,196.14999389648438,197.3000030517578,175.1923065185547,15750.0
2008-02-12,196.0,200.5,196.0,197.25,175.1479034423828,6123.0
2008-02-13,196.0500030517578,199.5,196.0500030517578,198.0,175.8138427734375,12410.0
2008-02-14,195.6999969482422,198.0,195.6999969482422,197.9499969482422,175.76947021484375,1021.0
2008-02-15,198.6999969482422,198.9499969482422,196.75,197.35000610351562,175.23672485351562,5327.0
2008-02-18,196.60000610351562,199.6999969482422,196.5500030517578,197.64999389648438,175.50306701660156,4321.0
2008-02-19,199.8000030517578,199.85000610351562,197.35000610351562,198.9499969482422,176.6574249267578,3352.0
2008-02-20,197.10000610351562,198.8000030517578,197.10000610351562,198.60000610351562,176.34661865234375,2717.0
2008-02-21,199.89999389648438,199.89999389648438,197.6999969482422,197.8000030517578,175.63626098632812,5381.0
2008-02-22,198.0,198.4499969482422,197.39999389648438,198.0,175.8138427734375,6120.0
2008-02-25,195.64999389648438,199.0,195.64999389648438,197.5,175.36990356445312,2283.0
2008-02-26,197.3000030517578,198.4499969482422,197.3000030517578,198.0500030517578,175.85830688476562,5802.0
2008-02-27,197.25,198.0,197.25,197.9499969482422,175.76947021484375,15624.0
2008-02-28,198.0,198.85000610351562,197.3000030517578,198.0500030517578,175.85830688476562,7088.0
2008-02-29,199.0,199.0,197.5,197.64999389648438,175.50306701660156,1543.0
2008-03-03,197.60000610351562,197.60000610351562,191.25,193.1999969482422,171.55174255371094,6840.0
2008-03-04,200.0,200.0,185.39999389648438,185.39999389648438,164.62571716308594,1775.0
2008-03-05,177.64999389648438,185.0,177.64999389648438,185.0,164.27053833007812,959.0
2008-03-07,177.0500030517578,188.25,170.0500030517578,179.39999389648438,159.29803466796875,1004.0
2008-03-10,151.4499969482422,173.9499969482422,151.4499969482422,173.89999389648438,154.414306640625,164.0
2008-03-11,170.0,189.0,157.0500030517578,189.0,167.82232666015625,69963.0
2008-03-12,179.0,180.0,175.5500030517578,175.5500030517578,155.87942504882812,308.0
2008-03-13,179.75,180.0,168.25,170.0,150.95130920410156,2404.0
2008-03-14,164.25,177.4499969482422,164.25,174.89999389648438,155.30224609375,1573.0
2008-03-17,170.14999389648438,170.14999389648438,164.25,168.9499969482422,150.01895141601562,410.0
2008-03-18,160.0,164.8000030517578,159.0,160.10000610351562,142.1605987548828,763.0
2008-03-19,161.0,181.0,160.0,160.0,142.07180786132812,5543.0
2008-03-24,157.39999389648438,157.39999389648438,150.10000610351562,153.0,135.8561553955078,2077.0
2008-03-25,166.8000030517578,166.8000030517578,151.8000030517578,161.0,142.95974731445312,6597.0
2008-03-26,157.25,162.5,157.0,160.35000610351562,142.38259887695312,1159.0
2008-03-27,165.0,165.0,159.39999389648438,160.5500030517578,142.56016540527344,746.0
2008-03-28,165.0,170.0,162.0,163.0,144.73565673828125,1727.0
2008-03-31,183.0,183.0,156.0500030517578,165.8000030517578,147.22190856933594,5248.0
2008-04-01,171.5,171.5,158.3000030517578,170.0,150.95130920410156,639.0
2008-04-02,163.5,170.0,163.10000610351562,170.0,150.95130920410156,985.0
2008-04-03,159.0500030517578,167.0,159.0500030517578,164.0,148.23959350585938,277.0
2008-04-04,157.0,164.89999389648438,156.4499969482422,156.4499969482422,141.41514587402344,2189.0
2008-04-07,158.4499969482422,158.4499969482422,153.5,154.0,139.2006072998047,2151.0
2008-04-08,155.0,157.0,152.0500030517578,157.0,141.9122772216797,356.0
2008-04-09,157.0,163.0,157.0,160.10000610351562,144.71438598632812,313.0
2008-04-10,153.60000610351562,165.5,153.60000610351562,155.0500030517578,140.14968872070312,846.0
2008-04-11,174.0,174.0,157.0,160.9499969482422,145.48269653320312,262.0
2008-04-15,165.0,166.9499969482422,161.25,161.25,145.75387573242188,116.0
2008-04-16,175.89999389648438,175.89999389648438,157.64999389648438,159.1999969482422,143.90087890625,602.0
2008-04-17,165.0,167.89999389648438,162.0,163.10000610351562,147.42611694335938,2854.0
2008-04-21,157.0,163.9499969482422,157.0,163.9499969482422,148.19439697265625,593.0
2008-04-22,164.89999389648438,165.64999389648438,163.14999389648438,164.89999389648438,149.0531005859375,1046.0
2008-04-23,164.8000030517578,165.0,160.35000610351562,164.0,148.23959350585938,301.0
2008-04-24,176.5,176.5,161.25,164.5,148.69154357910156,446.0
2008-04-25,170.0,170.0,160.0,160.0,144.6239776611328,1054.0
2008-04-28,164.9499969482422,164.9499969482422,162.5,162.5,146.88375854492188,120.0
2008-04-29,164.0,165.0,160.5500030517578,165.0,149.14349365234375,5671.0
2008-04-30,165.0500030517578,171.5,165.0500030517578,167.0,150.95130920410156,1346.0
2008-05-02,163.14999389648438,169.89999389648438,162.0,162.0,146.4318084716797,965.0
2008-05-05,164.85000610351562,168.39999389648438,164.0,165.3000030517578,149.41465759277344,643.0
2008-05-06,156.0,168.6999969482422,156.0,162.1999969482422,146.61257934570312,648.0
2008-05-07,166.89999389648438,169.85000610351562,162.0500030517578,162.0500030517578,146.47698974609375,709.0
2008-05-08,160.0,168.75,160.0,167.0,150.95130920410156,418.0
2008-05-09,161.10000610351562,166.0,161.10000610351562,162.5,146.88375854492188,498.0
2008-05-12,160.0,169.5,145.0,164.0,148.23959350585938,1276.0
2008-05-13,158.0,169.5,158.0,161.0,145.5279083251953,696.0
2008-05-14,164.9499969482422,164.9499969482422,155.10000610351562,158.5,143.26815795898438,4679.0
2008-05-15,160.5,165.0,160.5,165.0,149.14349365234375,230.0
2008-05-16,158.0,168.0,158.0,162.5,146.88375854492188,534.0
2008-05-20,160.0,167.5,160.0,166.9499969482422,150.9060821533203,642.0
2008-05-21,161.0,175.0,161.0,171.0500030517578,154.6121063232422,4536.0
2008-05-22,172.0,180.0,164.0,173.60000610351562,156.9170379638672,49.0
2008-05-23,167.60000610351562,172.0500030517578,167.60000610351562,167.64999389648438,151.53883361816406,1275.0
2008-05-26,167.39999389648438,169.5,165.10000610351562,165.10000610351562,149.23391723632812,647.0
2008-05-27,162.5,163.5,162.5,163.5,147.7876739501953,464.0
2008-05-28,162.0500030517578,162.60000610351562,160.0,161.0,145.5279083251953,1359.0
2008-05-29,156.5,170.0,156.5,170.0,153.6630096435547,2590.0
2008-05-30,163.60000610351562,166.0,163.60000610351562,166.0,150.04739379882812,1548.0
2008-06-02,161.10000610351562,166.0,159.0,159.0,143.72010803222656,1128.0
2008-06-03,155.0500030517578,161.89999389648438,155.0500030517578,160.8000030517578,145.34710693359375,1108.0
2008-06-04,157.0,157.0,157.0,157.0,141.9122772216797,100.0
2008-06-05,155.75,165.0,151.25,151.25,136.7148895263672,700.0
2008-06-06,150.0500030517578,161.5,150.0500030517578,150.5500030517578,136.0821533203125,1624.0
2008-06-09,151.0,152.0,144.5500030517578,152.0,137.3927764892578,753.0
2008-06-10,146.0,155.0,146.0,147.39999389648438,133.23484802246094,44.0
2008-06-11,148.0,154.75,147.0,153.8000030517578,139.0198211669922,801.0
2008-06-12,148.0,168.0,145.0,153.9499969482422,139.1553955078125,1302.0
2008-06-13,164.0,164.0,147.25,150.75,136.262939453125,479.0
2008-06-16,167.75,167.75,152.0500030517578,154.0,139.2006072998047,1321.0
2008-06-17,148.5500030517578,158.5,148.5500030517578,158.0,142.81619262695312,355.0
2008-06-18,158.0,158.0,158.0,158.0,142.81619262695312,0.0
2008-06-19,140.0500030517578,157.0,140.0500030517578,152.10000610351562,137.48321533203125,551.0
2008-06-20,155.0,160.0,145.0500030517578,145.0500030517578,131.11070251464844,861.0
2008-06-23,138.0,158.5,138.0,140.0,126.5460205078125,360.0
2008-06-24,140.0,147.5,134.0,137.5,124.2862548828125,427.0
2008-06-25,135.0,141.0,135.0,141.0,127.44989776611328,84.0
2008-06-26,140.0,149.8000030517578,136.14999389648438,149.8000030517578,135.40426635742188,213.0
2008-06-27,130.14999389648438,149.25,130.14999389648438,149.25,134.9070587158203,381.0
2008-06-30,143.0,148.0,138.5,140.5500030517578,127.04314422607422,506.0
2008-07-01,134.0,146.5,134.0,135.0,122.02651977539062,1714.0
2008-07-02,128.25,143.85000610351562,128.1999969482422,131.14999389648438,118.5464859008789,377.0
2008-07-03,125.05000305175781,149.8000030517578,125.05000305175781,145.0,131.06549072265625,630.0
2008-07-04,130.25,153.0,130.25,150.0,135.58499145507812,1016.0
2008-07-07,150.0,159.0,141.0500030517578,145.10000610351562,131.15591430664062,733.0
2008-07-08,145.10000610351562,145.10000610351562,145.10000610351562,145.10000610351562,131.15591430664062,0.0
2008-07-09,139.0,152.0,139.0,143.64999389648438,129.84521484375,74.0
2008-07-10,144.5,157.1999969482422,144.0,149.0,134.68112182617188,422.0
2008-07-11,145.0,145.0,144.0,145.0,131.06549072265625,121.0
2008-07-14,140.0,142.0,140.0,142.0,128.3538055419922,998.0
2008-07-15,142.0,142.0,140.5,140.5,126.99793243408203,115.0
2008-07-16,143.0,143.0,135.0,140.0,126.5460205078125,1207.0
2008-07-17,139.0,147.9499969482422,139.0,139.0,125.64210510253906,554.0
2008-07-18,133.0,145.0,133.0,145.0,131.06549072265625,1171.0
2008-07-21,145.0,145.0,145.0,145.0,131.06549072265625,0.0
2008-07-22,145.0,145.0,145.0,145.0,131.06549072265625,0.0
2008-07-23,140.0,145.0,140.0,142.25,128.57977294921875,302.0
2008-07-24,140.3000030517578,145.0500030517578,140.3000030517578,145.0500030517578,131.11070251464844,252.0
2008-07-25,140.0,141.3000030517578,140.0,141.3000030517578,127.72108459472656,19.0
2008-07-28,140.0,140.0500030517578,140.0,140.0500030517578,126.59120178222656,106.0
2008-07-29,140.0500030517578,140.0500030517578,140.0500030517578,140.0500030517578,126.59120178222656,0.0
2008-07-30,145.0,145.0,140.0,143.0,129.25772094726562,58.0
2008-07-31,139.0,163.0,137.0,143.64999389648438,129.84521484375,80.0
2008-08-01,141.0,150.0,141.0,147.0,132.873291015625,300.0
2008-08-04,147.0,150.0,145.5,145.5,131.51744079589844,900.0
2008-08-05,142.0500030517578,165.0,142.0500030517578,153.9499969482422,139.1553955078125,200.0
2008-08-06,160.0,160.0,150.0,152.0,137.3927764892578,800.0
2008-08-07,147.0,147.0,147.0,147.0,132.873291015625,1.0
2008-08-08,150.0,159.0,150.0,158.5,143.26815795898438,400.0
2008-08-11,158.5,158.5,153.0,155.0,140.10452270507812,19.0
2008-08-12,151.0,151.0,151.0,151.0,136.4888916015625,19.0
2008-08-13,152.0,152.0,147.10000610351562,148.0,133.77720642089844,100.0
2008-08-14,150.0,150.0,148.25,150.0,135.58499145507812,3200.0
2008-08-18,148.5,148.5,148.5,148.5,134.2291259765625,175.0
2008-08-19,144.0,149.89999389648438,144.0,148.0,133.77720642089844,510.0
2008-08-20,141.0,141.0,141.0,141.0,127.44989776611328,1.0
2008-08-21,141.0,141.0,141.0,141.0,127.44989776611328,0.0
2008-08-22,149.9499969482422,150.0,147.0,148.0,133.77720642089844,1115.0
2008-08-25,145.0,151.75,145.0,150.0,135.58499145507812,3845.0
2008-08-26,149.89999389648438,149.89999389648438,149.75,149.75,135.35902404785156,52.0
2008-08-27,147.0,147.0,147.0,147.0,132.873291015625,455.0
2008-08-28,150.0,150.0,146.0,146.0,131.9694061279297,104.0
2008-08-29,145.0,149.85000610351562,144.0,144.0,130.16159057617188,613.0
2008-09-01,145.0,150.0,145.0,149.35000610351562,134.9974822998047,302.0
2008-09-02,145.0,151.75,145.0,150.0,135.58499145507812,3159.0
2008-09-04,145.0,152.10000610351562,145.0,145.0,131.06549072265625,89.0
2008-09-05,145.0,157.8000030517578,145.0,150.0,135.58499145507812,114.0
2008-09-08,146.10000610351562,150.9499969482422,146.10000610351562,148.1999969482422,133.95797729492188,195.0
2008-09-09,153.0,153.0,151.0,151.0,136.4888916015625,4.0
2008-09-10,150.0,151.0,150.0,150.0,135.58499145507812,107.0
2008-09-11,145.0,157.39999389648438,145.0,150.0,135.58499145507812,1094.0
2008-09-12,145.14999389648438,150.0,145.14999389648438,150.0,135.58499145507812,1001.0
2008-09-15,145.0,151.0,142.5,151.0,136.4888916015625,582.0
2008-09-16,141.25,148.0,141.25,148.0,133.77720642089844,156.0
2008-09-17,141.0,158.0,141.0,158.0,142.81619262695312,336.0
2008-09-18,140.0,157.4499969482422,120.0,135.0,122.02651977539062,1269.0
2008-09-19,140.0,155.0,140.0,149.9499969482422,135.539794921875,1339.0
2008-09-22,146.9499969482422,147.0,141.25,147.0,132.873291015625,21.0
2008-09-23,140.0500030517578,144.0,140.0,140.0,126.5460205078125,23.0
2008-09-24,140.0,140.0,140.0,140.0,126.5460205078125,5.0
2008-09-25,140.0,140.0,140.0,140.0,126.5460205078125,66.0
2008-09-26,140.0,140.0,140.0,140.0,126.5460205078125,258.0
2008-09-29,140.0500030517578,159.0,126.30000305175781,126.30000305175781,114.16256713867188,856.0
2008-09-30,115.0,142.9499969482422,114.0,126.1500015258789,114.02698516845703,1288.0
2008-10-01,135.0,135.0,135.0,135.0,122.02651977539062,50.0
2008-10-03,129.0,147.0,127.05000305175781,127.05000305175781,114.84050750732422,174.0
2008-10-06,131.0,133.0,126.0,126.0,113.89139556884766,116.0
2008-10-07,126.0,141.0,115.05000305175781,128.8000030517578,116.42232513427734,210.0
2008-10-08,115.0,117.0,103.5999984741211,103.5999984741211,93.64404296875,451.0
2008-10-10,103.19999694824219,119.9000015258789,100.0,101.1500015258789,91.42948913574219,973.0
2008-10-13,100.1500015258789,110.0,100.1500015258789,110.0,99.42898559570312,105.0
2008-10-14,108.0,124.94999694824219,108.0,111.25,100.55888366699219,143.0
2008-10-15,113.0,113.0,100.0,108.0,97.62120819091797,660.0
2008-10-16,98.0,109.94999694824219,98.0,109.94999694824219,99.3838119506836,281.0
2008-10-17,95.25,104.0,90.0,96.30000305175781,87.04557800292969,2498.0
2008-10-20,91.0,104.0,91.0,94.6500015258789,85.55414581298828,527.0
2008-10-21,91.0,100.9000015258789,91.0,100.9000015258789,91.2035140991211,18.0
2008-10-22,96.0,106.0,96.0,97.0,87.67830657958984,107.0
2008-10-23,88.19999694824219,99.9000015258789,88.19999694824219,99.80000305175781,90.20923614501953,286.0
2008-10-24,95.0,105.0,90.0,96.0,86.77440643310547,301.0
2008-10-27,86.0,87.75,77.4000015258789,85.0,76.83150482177734,2142.0
2008-10-29,79.0,90.0,79.0,82.6500015258789,74.70732879638672,874.0
2008-10-31,83.0,92.0,83.0,92.0,83.15879821777344,860.0
2008-11-03,87.0,109.0,87.0,99.9000015258789,90.29959869384766,624.0
2008-11-04,95.0,102.0,95.0,102.0,92.19779968261719,42.0
2008-11-05,100.0,100.0,100.0,100.0,90.39000701904297,5.0
2008-11-06,95.05000305175781,107.0,95.0,98.0,88.58219909667969,277.0
2008-11-07,94.0,100.0,92.0,99.0,89.48609924316406,87.0
2008-11-10,99.0,99.05000305175781,97.55000305175781,97.55000305175781,88.17544555664062,681.0
2008-11-11,92.0999984741211,114.9000015258789,91.0999984741211,100.0,90.39000701904297,2589.0
2008-11-12,98.0,104.0,96.0,96.0,86.77440643310547,12.0
2008-11-14,92.0,102.0,92.0,102.0,92.19779968261719,126.0
2008-11-17,91.55000305175781,101.5,91.55000305175781,101.5,91.745849609375,215.0
2008-11-18,97.0,100.0,94.0,94.0,84.96659851074219,105.0
2008-11-19,96.0,100.0,92.5,92.5,83.61075592041016,106.0
2008-11-20,88.0,98.9000015258789,83.05000305175781,84.9000015258789,76.74111938476562,1249.0
2008-11-21,83.05000305175781,93.9000015258789,83.05000305175781,86.80000305175781,78.4585189819336,205.0
2008-11-24,84.5,97.0,70.0999984741211,93.0,84.06270599365234,511.0
2008-11-25,89.0,95.0,87.0999984741211,95.0,85.8705062866211,209.0
2008-11-26,91.0,94.1500015258789,85.0,85.5,77.28345489501953,1296.0
2008-11-28,82.0,86.8499984741211,72.0999984741211,81.25,73.44187927246094,267.0
2008-12-01,80.0,94.0,80.0,91.0,82.2549057006836,63.0
2008-12-02,85.0,89.94999694824219,78.25,89.94999694824219,81.30580139160156,101.0
2008-12-03,81.0,86.0,79.05000305175781,82.0,74.11979675292969,595.0
2008-12-04,94.75,94.75,81.0,82.0,74.11979675292969,2144.0
2008-12-05,82.0,92.0,82.0,87.0,78.63929748535156,74.0
2008-12-08,83.0,103.94999694824219,83.0,83.3499984741211,75.34007263183594,2249.0
2008-12-10,83.5999984741211,83.6500015258789,81.5,81.5,73.6678466796875,195.0
2008-12-11,78.0,85.5,78.0,81.5999984741211,73.75823211669922,34.0
2008-12-12,81.30000305175781,90.0,75.0999984741211,85.9000015258789,77.64502716064453,407.0
2008-12-15,82.0,85.9000015258789,80.0999984741211,83.4000015258789,75.38524627685547,86.0
2008-12-16,86.05000305175781,89.25,86.0,89.0999984741211,80.5374984741211,222.0
2008-12-17,95.0,95.0,80.0999984741211,85.19999694824219,77.01227569580078,340.0
2008-12-18,95.0,95.0,90.0,92.8499984741211,83.9271240234375,1910.0
2008-12-19,89.0,90.69999694824219,86.0,88.0,79.54319763183594,1001.0
2008-12-22,89.0,95.0,89.0,90.0,81.35099029541016,1419.0
2008-12-23,87.0,94.0,87.0,88.0,79.54319763183594,218.0
2008-12-24,92.9000015258789,92.9000015258789,92.9000015258789,92.9000015258789,83.97232055664062,7.0
2008-12-26,93.75,95.0,90.0,90.0,81.35099029541016,1119.0
2008-12-29,89.0,93.0,89.0,90.05000305175781,81.39619445800781,496.0
2008-12-30,90.0,95.0,90.0,95.0,85.8705062866211,106.0
2008-12-31,93.0,94.8499984741211,90.0,90.25,81.57697296142578,1438.0
2009-01-02,87.1500015258789,93.75,87.1500015258789,93.75,84.74060821533203,715.0
2009-01-05,90.44999694824219,94.8499984741211,88.5999984741211,91.5,82.70685577392578,272.0
2009-01-06,92.0,94.94999694824219,92.0,94.94999694824219,85.82527923583984,99.0
2009-01-07,91.0,93.0,90.0,90.0,81.35099029541016,251.0
2009-01-09,91.0,91.0,87.0,88.0999984741211,79.63359832763672,861.0
2009-01-12,85.0999984741211,93.0,85.0999984741211,87.0,78.63929748535156,291.0
2009-01-13,85.5999984741211,87.0,85.0999984741211,86.0,77.73540496826172,174.0
2009-01-14,85.5999984741211,90.0,85.5999984741211,89.5,80.89905548095703,466.0
2009-01-15,85.0,92.5,85.0,92.5,83.61075592041016,362.0
2009-01-16,86.0,94.9000015258789,85.4000015258789,89.9000015258789,81.2606201171875,785.0
2009-01-19,87.0,95.0,86.05000305175781,89.5,80.89905548095703,671.0
2009-01-20,89.5,89.5,89.5,89.5,80.89905548095703,0.0
2009-01-21,86.3499984741211,94.9000015258789,86.3499984741211,92.80000305175781,83.88192749023438,238.0
2009-01-22,88.05000305175781,92.75,88.05000305175781,88.0999984741211,79.63359832763672,149.0
2009-01-23,85.0,91.0,85.0,89.0,80.44710540771484,339.0
2009-01-27,84.19999694824219,93.0,84.0,86.55000305175781,78.2325439453125,135.0
2009-01-28,83.0,92.0,83.0,92.0,83.15879821777344,528.0
2009-01-29,86.0,90.5,86.0,86.55000305175781,78.2325439453125,1829.0
2009-01-30,83.0,86.55000305175781,83.0,84.0999984741211,76.01798248291016,457.0
2009-02-02,84.0,89.44999694824219,83.0,89.44999694824219,80.85385131835938,1323.0
2009-02-03,82.0,87.80000305175781,82.0,82.75,74.7977294921875,149.0
2009-02-04,82.5,93.0,82.5,92.4000015258789,83.52035522460938,1059.0
2009-02-05,85.5,87.0,85.5,85.5,77.28345489501953,139.0
2009-02-06,85.0,93.94999694824219,85.0,93.0,84.06270599365234,640.0
2009-02-09,90.0,94.0,90.0,91.0,82.2549057006836,68.0
2009-02-10,87.69999694824219,91.80000305175781,87.0,90.0,81.35099029541016,1548.0
2009-02-11,87.0,93.75,87.0,93.75,84.74060821533203,8.0
2009-02-12,90.0,91.0,88.1500015258789,88.1500015258789,79.67880249023438,430.0
2009-02-13,85.0,90.0,85.0,86.0999984741211,77.8257827758789,483.0
2009-02-16,86.0,89.8499984741211,84.5,87.0,78.63929748535156,305.0
2009-02-17,86.05000305175781,86.05000305175781,85.5,85.5,77.28345489501953,65.0
2009-02-18,85.5,85.5,85.5,85.5,77.28345489501953,0.0
2009-02-19,82.0,90.0,80.1500015258789,83.30000305175781,75.29488372802734,232.0
2009-02-20,82.0,88.0,82.0,86.0,77.73540496826172,340.0
2009-02-24,82.5999984741211,85.94999694824219,82.0,85.94999694824219,77.69020080566406,554.0
2009-02-25,82.0,88.8499984741211,82.0,85.0,76.83150482177734,618.0
2009-02-26,83.0,89.0,83.0,88.0,79.54319763183594,304.0
2009-02-27,85.0,91.0,83.5,83.5,75.47565460205078,43.0
2009-03-02,86.0,86.0,82.0,82.5999984741211,74.66214752197266,542.0
2009-03-03,80.0,85.0,80.0,85.0,76.83150482177734,32.0
2009-03-04,82.0999984741211,85.75,81.30000305175781,84.75,76.60552215576172,347.0
2009-03-05,78.0999984741211,80.0,77.0,77.0,69.60030364990234,2306.0
2009-03-06,87.0,87.0,76.5,80.0,72.3119888305664,196.0
2009-03-09,80.0,84.0,76.0,84.0,75.9276123046875,69.0
2009-03-12,76.05000305175781,83.8499984741211,76.05000305175781,81.0,73.21590423583984,365.0
2009-03-13,79.5999984741211,84.44999694824219,78.0,78.0,70.50420379638672,246.0
2009-03-16,81.94999694824219,81.94999694824219,75.0,80.0,72.3119888305664,405.0
2009-03-17,78.0,83.0,78.0,83.0,75.02369689941406,414.0
2009-03-18,80.5,85.9000015258789,78.5,79.0,71.40809631347656,168.0
2009-03-19,80.0,82.94999694824219,77.0,82.94999694824219,74.978515625,160.0
2009-03-20,80.0,84.0,80.0,81.0,73.21590423583984,323.0
2009-03-23,78.5,85.0,78.5,82.0,74.11979675292969,799.0
2009-03-24,82.5,94.44999694824219,82.5,85.0,76.83150482177734,157.0
2009-03-25,81.0,89.0,81.0,88.0,79.54319763183594,191.0
2009-03-26,84.0,85.5,84.0,85.5,77.28345489501953,501.0
2009-03-27,83.0,96.9000015258789,83.0,96.9000015258789,87.58792114257812,922.0
2009-03-30,86.0,86.0,86.0,86.0,77.73540496826172,37.0
2009-03-31,86.0,86.5,82.0,86.5,78.18733978271484,491.0
2009-04-01,91.0,94.0,85.9000015258789,93.69999694824219,84.69544219970703,961.0
2009-04-02,87.05000305175781,95.0,87.05000305175781,90.25,81.57697296142578,652.0
2009-04-06,87.05000305175781,95.0,87.05000305175781,90.25,81.57697296142578,972.0
2009-04-08,86.9000015258789,92.0,83.0999984741211,92.0,85.52799987792969,2009.0
2009-04-09,88.0,94.5,88.0,92.0,85.52799987792969,617.0
2009-04-13,88.0,90.3499984741211,88.0,90.3499984741211,83.99406433105469,77.0
2009-04-15,89.0,102.9000015258789,89.0,98.75,91.80315399169922,736.0
2009-04-16,94.0,94.0,91.9000015258789,94.0,87.3873062133789,134.0
2009-04-17,100.0,100.0,94.0999984741211,95.25,88.54936218261719,1731.0
2009-04-20,97.0,102.0,97.0,102.0,94.82452392578125,108.0
2009-04-21,97.0,100.9000015258789,95.0999984741211,97.55000305175781,90.68757629394531,757.0
2009-04-22,83.0,106.0,83.0,101.0,93.89485931396484,237.0
2009-04-23,96.0,104.9000015258789,96.0,104.9000015258789,97.52051544189453,216.0
2009-04-24,96.0,103.0,96.0,97.1500015258789,90.31571197509766,194.0
2009-04-27,99.94999694824219,100.0,94.0,97.4000015258789,90.54812622070312,843.0
2009-04-28,96.0,97.0,95.75,95.75,89.01419830322266,101.0
2009-04-29,94.25,99.5,90.4000015258789,97.94999694824219,91.0594253540039,390.0
2009-04-30,97.94999694824219,97.94999694824219,97.94999694824219,97.94999694824219,91.0594253540039,0.0
2009-05-04,91.5,102.0,91.5,96.5,89.71143341064453,1052.0
2009-05-05,92.5,98.75,92.5,95.25,88.54936218261719,48.0
2009-05-06,92.0,105.0,92.0,95.0,88.31696319580078,1172.0
2009-05-07,95.05000305175781,95.05000305175781,95.0,95.0,88.31696319580078,280.0
2009-05-08,94.5,97.0,94.0,94.0,87.3873062133789,811.0
2009-05-11,93.0,96.5,91.05000305175781,95.0,88.31696319580078,3109.0
2009-05-12,94.9000015258789,95.0,90.55000305175781,90.55000305175781,84.18000793457031,828.0
2009-05-13,92.0999984741211,95.0,91.30000305175781,94.6500015258789,87.99158477783203,946.0
2009-05-14,93.5,95.0,90.25,92.3499984741211,85.85337829589844,152.0
2009-05-15,91.0,99.0,90.55000305175781,94.0999984741211,87.48027038574219,432.0
2009-05-18,94.0999984741211,94.0999984741211,94.0999984741211,94.0999984741211,87.48027038574219,0.0
2009-05-19,91.19999694824219,100.9000015258789,91.19999694824219,95.1500015258789,88.4563980102539,10626.0
2009-05-20,95.0,101.9000015258789,94.5,99.9000015258789,92.87225341796875,10416.0
2009-05-21,102.0,106.0,102.0,104.0,96.68384552001953,3651.0
2009-05-22,102.19999694824219,116.5,102.19999694824219,107.05000305175781,99.5192642211914,854.0
2009-05-25,106.5999984741211,122.0,106.5999984741211,115.5,107.37481689453125,1399.0
2009-05-26,119.80000305175781,119.80000305175781,105.0,105.0,97.61347198486328,1038.0
2009-05-27,116.5,116.5,107.0,109.5,101.79691314697266,552.0
2009-05-28,112.0,115.0,111.0,115.0,106.91000366210938,1542.0
2009-05-29,119.4000015258789,125.0,110.69999694824219,117.0,108.76931762695312,1495.0
2009-06-01,117.0999984741211,119.5,115.0,116.0,107.83964538574219,6292.0
2009-06-02,116.0999984741211,118.9000015258789,113.1500015258789,113.1500015258789,105.19013214111328,1880.0
2009-06-03,115.0,120.0,111.0999984741211,119.75,111.32583618164062,2074.0
2009-06-04,123.0,124.0,117.44999694824219,119.9000015258789,111.46529388427734,2332.0
2009-06-05,125.0,125.0,115.0,119.0,110.62860870361328,2971.0
2009-06-08,117.05000305175781,125.0,115.0,115.0,106.91000366210938,445.0
2009-06-09,112.5,118.75,110.0,110.0,102.26173400878906,2725.0
2009-06-10,111.0,116.94999694824219,110.25,110.25,102.49414825439453,2040.0
2009-06-11,108.0,116.3499984741211,108.0,108.5,100.86726379394531,1876.0
2009-06-12,110.6500015258789,110.6500015258789,105.0,105.0,97.61347198486328,1168.0
2009-06-15,106.0,106.0,105.19999694824219,105.25,97.84587097167969,252.0
2009-06-16,102.19999694824219,108.0,102.0,106.0,98.54312896728516,798.0
2009-06-17,107.0,116.0,107.0,107.30000305175781,99.75167846679688,4569.0
2009-06-18,108.05000305175781,108.5,103.25,105.80000305175781,98.3572006225586,3944.0
2009-06-19,102.5,105.0,102.5,104.05000305175781,96.73030090332031,583.0
2009-06-22,105.0,106.0,103.05000305175781,104.0,96.68384552001953,2611.0
2009-06-23,106.0,107.0,103.5,107.0,99.47277069091797,530.0
2009-06-24,102.0,102.0,100.0,102.0,94.82452392578125,2768.0
2009-06-25,102.5,103.5,102.0,103.5,96.218994140625,2667.0
2009-06-26,103.0,103.5,103.0,103.5,96.218994140625,1360.0
2009-06-29,102.0,102.0,102.0,102.0,94.82452392578125,257.0
2009-06-30,105.0,105.0,102.5,102.5,95.28936004638672,882.0
2009-07-01,98.0,105.0,95.0,99.0,92.03556060791016,10997.0
2009-07-02,95.25,100.5,95.25,100.0,92.96521759033203,819.0
2009-07-03,99.69999694824219,103.0,99.30000305175781,101.0,93.89485931396484,1855.0
2009-07-06,102.0,102.0,100.0,100.0,92.96521759033203,170.0
2009-07-07,100.0,101.5,98.25,99.25,92.26797485351562,162.0
2009-07-08,101.0,101.0,99.0999984741211,99.0999984741211,92.1285171508789,185.0
2009-07-09,99.25,103.9000015258789,99.25,100.30000305175781,93.24412536621094,803.0
2009-07-10,98.30000305175781,103.9000015258789,98.30000305175781,103.9000015258789,96.59085083007812,681.0
2009-07-13,99.0,103.5,99.0,102.69999694824219,95.47527313232422,33.0
2009-07-14,99.1500015258789,106.5,99.1500015258789,101.0999984741211,93.98782348632812,282.0
2009-07-15,101.5,101.69999694824219,101.5,101.69999694824219,94.54562377929688,35.0
2009-07-16,97.0,106.0,97.0,104.44999694824219,97.1021499633789,10.0
2009-07-17,104.0,108.5,104.0,108.0,100.40242767333984,1624.0
2009-07-20,104.05000305175781,110.0,104.05000305175781,110.0,102.26173400878906,878.0
2009-07-21,106.05000305175781,111.9000015258789,106.05000305175781,107.05000305175781,99.5192642211914,422.0
2009-07-22,109.9000015258789,111.94999694824219,108.55000305175781,108.55000305175781,100.91374969482422,1752.0
2009-07-23,104.0,115.0,101.5999984741211,115.0,106.91000366210938,1533.0
2009-07-24,110.0,115.0,110.0,115.0,106.91000366210938,1417.0
2009-07-27,115.0,133.8000030517578,109.75,130.0,120.85476684570312,6477.0
2009-07-28,126.0,132.8000030517578,122.0,131.9499969482422,122.66759490966797,4800.0
2009-07-29,132.0,136.0,128.3000030517578,132.85000610351562,123.50428009033203,9300.0
2009-07-30,139.85000610351562,139.85000610351562,132.5500030517578,137.1999969482422,127.54827117919922,5020.0
2009-07-31,150.1999969482422,150.1999969482422,135.10000610351562,139.75,129.9188995361328,2011.0
2009-08-03,135.10000610351562,144.5,134.3000030517578,140.0,130.1512908935547,4117.0
2009-08-04,139.0,141.0,138.0500030517578,138.25,128.5244140625,1088.0
2009-08-05,136.0,139.89999389648438,136.0,136.25,126.66512298583984,2365.0
2009-08-06,135.10000610351562,141.6999969482422,135.10000610351562,137.35000610351562,127.68772888183594,2434.0
2009-08-07,135.10000610351562,136.0,135.10000610351562,136.0,126.43269348144531,880.0
2009-08-10,135.10000610351562,138.89999389648438,135.10000610351562,136.0500030517578,126.47917175292969,1690.0
2009-08-11,136.0,138.85000610351562,134.10000610351562,134.1999969482422,124.75933837890625,5594.0
2009-08-12,135.10000610351562,136.85000610351562,135.10000610351562,135.9499969482422,126.38622283935547,1262.0
2009-08-13,141.0,141.0,136.25,137.85000610351562,128.15255737304688,584.0
2009-08-14,138.14999389648438,145.0,138.14999389648438,140.9499969482422,131.03445434570312,3412.0
2009-08-17,140.0,142.0,138.60000610351562,141.5,131.54579162597656,1415.0
2009-08-18,141.5,141.5,141.5,141.5,131.54579162597656,0.0
2009-08-19,141.5,141.5,141.5,141.5,131.54579162597656,0.0
2009-08-20,141.5,141.5,141.5,141.5,131.54579162597656,0.0
2009-08-21,141.5,141.5,141.5,141.5,131.54579162597656,0.0
2009-08-24,149.10000610351562,154.89999389648438,149.10000610351562,154.4499969482422,143.5847625732422,283.0
2009-08-25,152.4499969482422,152.5,144.25,149.5500030517578,139.02947998046875,4475.0
2009-08-26,149.4499969482422,152.0,145.1999969482422,146.10000610351562,135.82220458984375,3653.0
2009-08-27,136.5500030517578,151.0,136.5500030517578,148.5,138.05335998535156,14097.0
2009-08-28,147.0,149.85000610351562,145.0,149.85000610351562,139.3083953857422,544.0
2009-08-31,142.0,152.0,142.0,151.0,140.37747192382812,3720.0
2009-09-01,147.75,149.89999389648438,145.10000610351562,146.5,136.19403076171875,307.0
2009-09-02,140.5,154.0,140.5,150.0,139.4477996826172,1066.0
2009-09-03,155.0,155.0,138.25,140.10000610351562,130.2442626953125,4536.0
2009-09-04,142.0,151.0,142.0,149.8000030517578,139.26190185546875,1231.0
2009-09-07,174.9499969482422,174.9499969482422,150.0,152.0,141.30712890625,1144.0
2009-09-08,150.0,156.8000030517578,150.0,153.25,142.4691925048828,3592.0
2009-09-09,153.0,153.0,150.25,150.25,139.6802215576172,1230.0
2009-09-10,153.10000610351562,155.5,150.1999969482422,152.0,141.30712890625,769.0
2009-09-11,149.5,154.0,149.5,154.0,143.16639709472656,336.0
2009-09-14,146.25,151.89999389648438,146.25,150.0,139.4477996826172,1053.0
2009-09-15,145.10000610351562,154.0,145.10000610351562,151.8000030517578,141.12120056152344,828.0
2009-09-16,154.75,154.75,146.5500030517578,150.1999969482422,139.6337432861328,3273.0
2009-09-17,150.25,154.8000030517578,148.5,149.0,138.51817321777344,756.0
2009-09-18,153.9499969482422,164.0,150.5,160.0,148.74432373046875,7582.0
2009-09-22,160.0,164.0,156.3000030517578,159.60000610351562,148.37249755859375,2794.0
2009-09-23,164.0,164.0,152.64999389648438,154.0,143.16639709472656,2476.0
2009-09-24,149.0,153.8000030517578,147.5500030517578,150.10000610351562,139.54078674316406,2220.0
2009-09-25,159.0,159.0,150.5,156.0,145.02574157714844,864.0
2009-09-29,158.9499969482422,160.0,153.60000610351562,159.75,148.5119171142578,968.0
2009-09-30,159.89999389648438,160.75,153.89999389648438,158.0,146.8850555419922,2862.0
2009-10-01,152.25,158.9499969482422,152.25,154.5,143.63125610351562,1422.0
2009-10-05,151.5,152.0,147.10000610351562,149.25,138.75057983398438,773.0
2009-10-06,146.25,157.0,146.25,155.39999389648438,144.4679412841797,1345.0
2009-10-07,152.6999969482422,158.4499969482422,150.60000610351562,150.60000610351562,140.005615234375,1783.0
2009-10-08,157.5,157.5,151.0,152.25,141.53953552246094,3341.0
2009-10-09,150.14999389648438,153.89999389648438,150.14999389648438,152.25,141.53953552246094,1145.0
2009-10-12,151.3000030517578,155.89999389648438,151.3000030517578,153.0,142.2367706298828,212.0
2009-10-13,153.0,153.0,153.0,153.0,142.2367706298828,0.0
2009-10-14,151.5,156.89999389648438,151.5,153.0,142.2367706298828,1624.0
2009-10-15,155.0,156.5,154.0,156.5,145.4905548095703,3802.0
2009-10-16,152.6999969482422,164.0,152.6999969482422,164.0,152.46295166015625,5293.0
2009-10-20,169.0,183.0,166.89999389648438,171.10000610351562,159.0634765625,55906.0
2009-10-21,167.5500030517578,187.39999389648438,167.5500030517578,181.3000030517578,168.54592895507812,15023.0
2009-10-22,181.0,181.0,169.14999389648438,169.14999389648438,157.2506561279297,4127.0
2009-10-23,176.0,176.0,170.0,170.0,158.04083251953125,1913.0
2009-10-26,167.0500030517578,180.0,167.0500030517578,173.5,161.2946319580078,4576.0
2009-10-27,169.64999389648438,174.9499969482422,164.10000610351562,164.10000610351562,152.55593872070312,1153.0
2009-10-28,163.25,168.0,162.0,168.0,156.18157958984375,1214.0
2009-10-29,162.5,168.0,160.5500030517578,168.0,156.18157958984375,1478.0
2009-10-30,166.35000610351562,179.0,165.14999389648438,165.14999389648438,153.53204345703125,1131.0
2009-11-03,153.5,159.0,152.0500030517578,155.0,144.09609985351562,3505.0
2009-11-04,156.0,157.75,153.0,153.0,142.2367706298828,426.0
2009-11-05,150.10000610351562,157.0,150.10000610351562,152.10000610351562,141.40008544921875,336.0
2009-11-06,155.14999389648438,164.0,152.8000030517578,160.89999389648438,149.58103942871094,2235.0
2009-11-09,159.0,163.0,153.5500030517578,158.3000030517578,147.1639404296875,814.0
2009-11-10,188.64999389648438,188.64999389648438,154.0500030517578,159.5,148.27951049804688,251.0
2009-11-11,155.0,162.5,155.0,162.5,151.06846618652344,2055.0
2009-11-12,161.10000610351562,161.5500030517578,161.0,161.5500030517578,150.18528747558594,159.0
2009-11-13,155.3000030517578,165.9499969482422,155.3000030517578,164.5,152.9277801513672,1961.0
2009-11-16,160.1999969482422,165.0,160.0,164.9499969482422,153.34609985351562,844.0
2009-11-17,161.0,165.0,161.0,162.0,150.6036376953125,2528.0
2009-11-18,158.0500030517578,173.0,158.0,165.0,153.39259338378906,1097.0
2009-11-19,165.0,170.8000030517578,165.0,166.1999969482422,154.50819396972656,1185.0
2009-11-20,165.0,168.8000030517578,165.0,165.1999969482422,153.5785369873047,129.0
2009-11-23,165.0,174.89999389648438,165.0,167.5,155.7167510986328,971.0
2009-11-24,165.10000610351562,171.89999389648438,165.10000610351562,170.0,158.04083251953125,941.0
2009-11-25,167.25,173.6999969482422,167.0,167.0,155.25189208984375,1002.0
2009-11-26,170.5,172.5,167.5,167.5,155.7167510986328,579.0
2009-11-27,165.0,170.89999389648438,162.0,162.0,150.6036376953125,2199.0
2009-11-30,159.0500030517578,172.89999389648438,159.0500030517578,163.5,151.9981231689453,521.0
2009-12-01,163.0,174.0,163.0,169.0,157.11122131347656,150.0
2009-12-02,162.0,172.0,162.0,163.0,151.5333251953125,829.0
2009-12-03,160.0,169.9499969482422,160.0,165.5,153.857421875,1210.0
2009-12-04,158.0,165.1999969482422,158.0,163.0,151.5333251953125,1183.0
2009-12-07,165.0,174.0,164.14999389648438,165.5,153.857421875,2566.0
2009-12-08,160.5,177.85000610351562,160.14999389648438,177.85000610351562,165.33863830566406,4880.0
2009-12-09,170.1999969482422,176.9499969482422,168.14999389648438,170.10000610351562,158.13381958007812,1069.0
2009-12-10,167.35000610351562,178.0,167.35000610351562,174.8000030517578,162.50318908691406,1012.0
2009-12-11,167.0,178.9499969482422,167.0,175.0,162.68911743164062,3332.0
2009-12-14,172.0500030517578,177.4499969482422,167.0500030517578,175.0,162.68911743164062,2133.0
2009-12-15,172.0,177.0,172.0,172.5,160.364990234375,2150.0
2009-12-16,165.0,177.6999969482422,165.0,177.0,164.54843139648438,1972.0
2009-12-17,169.0,179.5,169.0,175.0,162.68911743164062,1186.0
2009-12-18,172.1999969482422,177.89999389648438,172.1999969482422,175.0,162.68911743164062,639.0
2009-12-21,169.5,179.89999389648438,169.5,175.0,162.68911743164062,346.0
2009-12-22,175.0,176.0,171.35000610351562,172.0,159.9001922607422,2846.0
2010-01-04,177.3000030517578,192.0,175.0,188.39999389648438,175.14646911621094,3513.0
2010-01-05,180.0,193.9499969482422,180.0,193.0,179.42286682128906,3862.0
2010-01-06,191.0,207.0,190.10000610351562,196.0,182.21182250976562,3570.0
2010-01-07,190.0,217.6999969482422,190.0,201.5,187.32492065429688,42913.0
2010-01-08,205.0,221.0,203.10000610351562,205.14999389648438,190.7181396484375,95802.0
2010-01-11,215.0,216.8000030517578,204.0,205.0500030517578,190.6251983642578,6656.0
2010-01-12,202.0500030517578,208.89999389648438,198.0,201.89999389648438,187.69676208496094,5516.0
2010-01-13,195.10000610351562,199.9499969482422,195.10000610351562,197.89999389648438,183.97816467285156,4570.0
2010-01-14,198.1999969482422,201.0,196.14999389648438,197.5,183.60630798339844,2100.0
2010-01-15,198.0,200.0,192.39999389648438,196.0,182.21182250976562,9334.0
2010-01-18,192.0500030517578,197.25,192.0500030517578,196.0,182.21182250976562,1354.0
2010-01-19,193.0,199.75,193.0,194.25,180.58493041992188,1276.0
2010-01-21,191.5500030517578,193.9499969482422,185.35000610351562,187.0,173.84494018554688,0.0
2010-01-22,186.0,186.0,175.10000610351562,182.0,169.19667053222656,0.0
2010-01-25,169.14999389648438,189.0,169.14999389648438,182.4499969482422,169.61505126953125,0.0
2010-01-27,178.3000030517578,172.14999389648438,172.14999389648438,179.9499969482422,167.29092407226562,2699.0
2010-01-28,183.89999389648438,171.0,174.0,183.89999389648438,170.9630126953125,2542.0
2010-01-29,165.0,183.9499969482422,161.0,174.0,161.75946044921875,0.0
2010-02-01,180.0,196.89999389648438,179.0,193.0,179.42286682128906,0.0
2010-02-02,193.0,202.1999969482422,185.0,185.5,172.4504852294922,0.0
2010-02-03,185.0,189.85000610351562,182.0,183.0,170.12635803222656,0.0
2010-02-04,190.0,193.0,185.0,185.14999389648438,172.1250762939453,0.0
2010-02-05,175.5,181.0,175.5,178.25,165.7104949951172,1914.0
2010-02-08,177.0,188.0,177.0,182.8000030517578,169.9404296875,72.0
2010-02-09,193.25,193.25,173.9499969482422,182.8000030517578,169.9404296875,1635.0
2010-02-10,177.3000030517578,187.89999389648438,177.3000030517578,181.0500030517578,168.31353759765625,911.0
2010-02-11,176.0,183.0,176.0,177.60000610351562,165.1062469482422,26.0
2010-02-15,175.0500030517578,184.25,175.0500030517578,176.10000610351562,163.71176147460938,2013.0
2010-02-16,180.0,180.0,176.5,179.3000030517578,166.68663024902344,1624.0
2010-02-17,181.0,182.5,179.0,180.0,167.33738708496094,2226.0
2010-02-18,183.5,184.0,177.10000610351562,180.10000610351562,167.4303436279297,1164.0
2010-02-19,176.60000610351562,182.60000610351562,174.0,175.10000610351562,162.78207397460938,2479.0
2010-02-22,180.0,181.0,173.10000610351562,175.89999389648438,163.52578735351562,1476.0
2010-02-23,174.10000610351562,174.9499969482422,171.0,172.75,160.59742736816406,1997.0
2010-02-24,166.6999969482422,178.0,166.25,177.35000610351562,164.87380981445312,2541.0
2010-02-25,178.9499969482422,178.9499969482422,173.0500030517578,176.5,164.0836181640625,1525.0
2010-02-26,174.0,180.0,173.5,175.85000610351562,163.47933959960938,522.0
2010-03-02,182.25,211.0500030517578,181.3000030517578,211.0500030517578,196.2030792236328,90703.0
2010-03-03,217.0,219.4499969482422,208.64999389648438,212.35000610351562,197.41160583496094,39411.0
2010-03-04,207.39999389648438,215.0,206.14999389648438,209.89999389648438,195.13400268554688,25166.0
2010-03-05,210.25,223.0,210.0500030517578,217.5500030517578,202.245849609375,18507.0
2010-03-08,224.5,253.8000030517578,217.60000610351562,243.25,226.13790893554688,111448.0
2010-03-09,236.5,262.0,236.5,254.3000030517578,236.41053771972656,58753.0
2010-03-10,264.95001220703125,265.1000061035156,254.0,255.6999969482422,237.71205139160156,19236.0
2010-03-11,237.0500030517578,263.79998779296875,237.0500030517578,259.1499938964844,240.91934204101562,11098.0
2010-03-12,256.3500061035156,265.0,255.10000610351562,258.3999938964844,240.2221221923828,15255.0
2010-03-15,258.0,284.5,257.0,279.04998779296875,259.41943359375,24885.0
2010-03-16,283.70001220703125,288.75,275.0,284.0,264.0212097167969,16603.0
2010-03-17,284.04998779296875,286.5,268.20001220703125,271.3999938964844,252.30760192871094,35049.0
2010-03-18,272.54998779296875,272.54998779296875,261.0,266.95001220703125,248.17066955566406,11736.0
2010-03-19,270.95001220703125,272.95001220703125,264.20001220703125,265.1499938964844,246.4972686767578,2276.0
2010-03-22,265.0,266.95001220703125,262.0,264.3500061035156,245.75355529785156,5223.0
2010-03-23,280.0,280.0,262.04998779296875,263.25,244.7309112548828,1068.0
2010-03-25,260.0,265.8999938964844,255.39999389648438,260.70001220703125,242.36032104492188,2927.0
2010-03-26,256.0,273.1000061035156,256.0,263.75,245.19578552246094,4238.0
2010-03-29,250.10000610351562,279.8999938964844,250.10000610351562,261.95001220703125,243.52239990234375,7460.0
2010-03-30,259.0,270.0,259.0,268.3999938964844,249.5186767578125,405.0
2010-03-31,268.0,268.0,262.04998779296875,264.29998779296875,245.70703125,1405.0
2010-04-01,267.0,275.0,267.0,272.5,253.3302459716797,6330.0
2010-04-05,277.8999938964844,283.0,272.0,275.45001220703125,256.07269287109375,4078.0
2010-04-06,278.79998779296875,282.0,274.0,275.75,256.3515319824219,3669.0
2010-04-07,276.0,281.70001220703125,273.3999938964844,275.0,255.65431213378906,1108.0
2010-04-08,275.0,277.0,273.0,273.54998779296875,254.30633544921875,454.0
2010-04-09,272.04998779296875,275.8999938964844,271.04998779296875,272.75,253.56263732910156,1103.0
2010-04-12,275.0,275.0,265.25,266.54998779296875,247.7987518310547,1657.0
2010-04-13,269.95001220703125,282.0,269.95001220703125,281.8999938964844,262.06890869140625,7452.0
2010-04-15,280.0,288.95001220703125,276.0,284.0,267.3404541015625,9173.0
2010-04-16,290.0,294.0,284.1000061035156,284.8999938964844,268.1876525878906,5831.0
2010-04-19,285.0,289.8500061035156,277.29998779296875,281.1000061035156,264.6106262207031,5131.0
2010-04-20,286.5,297.95001220703125,280.0,294.95001220703125,277.648193359375,5221.0
2010-04-21,297.0,303.0,290.0,298.8999938964844,281.36639404296875,12032.0
2010-04-22,300.0,316.8999938964844,300.0,305.25,287.3439025878906,8529.0
2010-04-23,312.0,315.0,306.0,307.25,289.2265930175781,5288.0
2010-04-26,322.0,322.0,306.0,307.1499938964844,289.1324768066406,8573.0
2010-04-27,313.0,333.8999938964844,308.5,330.3500061035156,310.9715270996094,24563.0
2010-04-28,332.5,344.79998779296875,327.79998779296875,334.8999938964844,315.25457763671875,33069.0
2010-04-29,344.3999938964844,357.95001220703125,341.0,343.45001220703125,323.3031005859375,19452.0
2010-04-30,351.0,359.3999938964844,338.20001220703125,342.20001220703125,322.1264343261719,10323.0
2010-05-03,349.75,349.75,325.0,330.45001220703125,311.0657043457031,5148.0
2010-05-04,329.20001220703125,335.95001220703125,319.25,320.54998779296875,301.7464599609375,3925.0
2010-05-05,319.0,323.95001220703125,310.04998779296875,316.75,298.1692810058594,4058.0
2010-05-06,314.0,321.70001220703125,308.0,314.3999938964844,295.95721435546875,7799.0
2010-05-07,301.0,314.8999938964844,301.0,310.29998779296875,292.09771728515625,3725.0
2010-05-10,312.3500061035156,320.0,312.3500061035156,319.3500061035156,300.6168518066406,950.0
2010-05-11,322.79998779296875,322.79998779296875,314.0,318.20001220703125,299.5343017578125,2190.0
2010-05-12,314.04998779296875,315.8999938964844,306.70001220703125,310.8999938964844,292.6625061035156,1699.0
2010-05-13,312.0,315.0,310.79998779296875,311.04998779296875,292.8036804199219,907.0
2010-05-14,310.0,312.0,306.04998779296875,309.70001220703125,291.5328674316406,1517.0
2010-05-17,286.0,319.0,286.0,313.1000061035156,294.73345947265625,1141.0
2010-05-18,313.0,315.0,311.0,312.45001220703125,294.1216125488281,959.0
2010-05-19,310.8999938964844,314.5,306.0,306.6499938964844,288.66180419921875,1273.0
2010-05-20,308.29998779296875,311.8500061035156,300.1000061035156,300.25,282.6372375488281,1419.0
2010-05-21,303.8999938964844,303.8999938964844,296.04998779296875,298.0,280.51922607421875,2152.0
2010-05-24,328.0,329.0,300.0,303.95001220703125,286.1202087402344,1444.0
2010-05-25,302.0,302.0,294.0,299.75,282.16656494140625,1012.0
2010-05-26,300.04998779296875,302.0,295.25,297.79998779296875,280.3309326171875,632.0
2010-05-27,299.8500061035156,302.0,296.0,297.6499938964844,280.1897277832031,2358.0
2010-05-28,312.0,312.0,299.25,301.0,283.34326171875,483.0
2010-05-31,300.20001220703125,303.70001220703125,300.0,301.75,284.0491943359375,955.0
2010-06-01,301.3500061035156,301.3500061035156,300.0,300.3999938964844,282.77838134765625,207.0
2010-06-02,295.0,301.8999938964844,293.1000061035156,297.45001220703125,280.0014343261719,1320.0
2010-06-03,304.70001220703125,304.70001220703125,298.54998779296875,299.8500061035156,282.26068115234375,487.0
2010-06-04,296.29998779296875,300.0,292.0,298.25,280.7545166015625,1577.0
2010-06-07,300.0,345.8999938964844,300.0,337.8999938964844,318.07867431640625,55000.0
2010-06-08,340.0,352.0,335.04998779296875,339.25,319.3494567871094,42358.0
2010-06-09,327.29998779296875,340.0,325.1000061035156,333.79998779296875,314.2191467285156,5812.0
2010-06-10,330.0,344.95001220703125,330.0,341.20001220703125,321.1850280761719,4767.0
2010-06-11,340.0,341.25,325.1000061035156,325.45001220703125,306.3590393066406,2836.0
2010-06-14,321.0,328.8500061035156,320.54998779296875,324.29998779296875,305.2763977050781,1250.0
2010-06-15,324.8500061035156,365.45001220703125,323.54998779296875,343.8500061035156,323.6795959472656,51735.0
2010-06-16,349.3999938964844,355.0,335.5,339.54998779296875,319.6318054199219,13087.0
2010-06-17,336.0,346.8999938964844,334.20001220703125,334.8999938964844,315.25457763671875,1382.0
2010-06-18,333.20001220703125,341.5,333.20001220703125,336.95001220703125,317.18438720703125,2038.0
2010-06-21,340.0,342.75,337.5,340.75,320.7615051269531,4425.0
2010-06-22,338.0,339.75,336.0,336.20001220703125,316.4783935546875,4763.0
2010-06-23,343.79998779296875,352.79998779296875,335.5,348.95001220703125,328.4804382324219,12549.0
2010-06-24,349.95001220703125,354.95001220703125,345.0,349.6499938964844,329.1394348144531,2946.0
2010-06-25,349.04998779296875,351.75,343.1000061035156,345.75,325.46820068359375,2085.0
2010-06-28,347.0,359.5,343.6000061035156,356.1000061035156,335.2110290527344,29698.0
2010-06-29,360.0,360.5,351.0,355.95001220703125,335.0698547363281,10738.0
2010-06-30,358.8999938964844,378.0,355.5,373.45001220703125,351.5433044433594,35798.0
2010-07-01,380.0,413.5,380.0,386.75,364.0630798339844,93028.0
2010-07-02,390.0,398.0,379.0,391.20001220703125,368.2520751953125,35650.0
2010-07-05,393.0,399.95001220703125,385.3500061035156,390.0,367.1224670410156,67287.0
2010-07-06,380.0,393.8999938964844,380.0,390.6499938964844,367.73431396484375,7425.0
2010-07-07,387.0,392.0,379.0,383.6000061035156,361.097900390625,13349.0
2010-07-08,391.8999938964844,400.79998779296875,379.0,389.70001220703125,366.84002685546875,13088.0
2010-07-09,398.0,398.0,385.3999938964844,389.20001220703125,366.369384765625,3040.0
2010-07-12,391.0,394.79998779296875,384.45001220703125,387.54998779296875,364.8161926269531,1540.0
2010-07-13,394.0,404.0,382.0,398.20001220703125,374.8414306640625,11536.0
2010-07-14,395.25,405.0,393.5,394.25,371.1231384277344,3772.0
2010-07-15,402.0,407.0,391.25,400.95001220703125,377.4302062988281,9039.0
2010-07-16,410.0,410.0,401.0,406.1499938964844,382.3250732421875,5965.0
2010-07-19,415.8999938964844,415.8999938964844,394.5,403.29998779296875,379.6422424316406,6109.0
2010-07-20,410.0,413.25,398.0,398.8500061035156,375.4532775878906,2846.0
2010-07-21,405.0,405.0,397.5,402.70001220703125,379.07745361328125,4764.0
2010-07-22,392.5,411.95001220703125,392.5,400.1000061035156,376.6300048828125,9712.0
2010-07-23,405.0,405.0,396.5,399.3500061035156,375.9239807128906,1441.0
2010-07-26,400.0,407.0,396.25,403.70001220703125,380.0188293457031,6824.0
2010-07-27,400.0,412.0,395.29998779296875,399.75,376.300537109375,7073.0
2010-07-28,395.0,410.0,376.29998779296875,380.95001220703125,358.60333251953125,29560.0
2010-07-29,376.0,378.3999938964844,370.0,377.20001220703125,355.07330322265625,26650.0
2010-07-30,375.5,378.8500061035156,371.5,376.54998779296875,354.46142578125,18012.0
2010-08-02,375.0,390.0,375.0,385.70001220703125,363.07470703125,9544.0
2010-08-03,388.0,400.0,357.0,379.29998779296875,357.0500793457031,2118.0
2010-08-04,383.95001220703125,399.0,378.5,388.3500061035156,365.5692443847656,32699.0
2010-08-05,399.0,411.0,385.0,391.95001220703125,368.9580383300781,4363.0
2010-08-06,385.0,390.0,383.0,386.1000061035156,363.45123291015625,1843.0
2010-08-09,389.0,394.1000061035156,386.29998779296875,391.6000061035156,368.62860107421875,2115.0
2010-08-10,390.0,392.0,385.0,385.0,362.4157409667969,1935.0
2010-08-11,383.1000061035156,387.79998779296875,378.0,378.0,355.8263854980469,2705.0
2010-08-12,378.0,391.95001220703125,364.1000061035156,388.70001220703125,365.89874267578125,3122.0
2010-08-13,377.1499938964844,390.0,377.1499938964844,387.1000061035156,364.3926086425781,1376.0
2010-08-16,378.75,389.95001220703125,377.25,378.3500061035156,356.1558837890625,2511.0
2010-08-17,375.0,377.20001220703125,372.3999938964844,373.20001220703125,351.3079528808594,1189.0
2010-08-18,367.0,384.0,365.20001220703125,369.6499938964844,347.9661560058594,1506.0
2010-08-19,370.0,377.0,368.1499938964844,372.04998779296875,350.2254333496094,1727.0
2010-08-20,369.70001220703125,370.0,355.0,360.45001220703125,339.3058776855469,6936.0
2010-08-23,361.5,364.0,357.6499938964844,359.3999938964844,338.31744384765625,2659.0
2010-08-24,356.1000061035156,363.95001220703125,354.20001220703125,360.0,338.8822326660156,901.0
2010-08-25,362.5,379.8999938964844,345.1000061035156,347.54998779296875,327.16259765625,8104.0
2010-08-26,351.20001220703125,358.0,350.1000061035156,350.1499938964844,329.6100769042969,3753.0
2010-08-27,358.0,358.0,347.29998779296875,350.0,329.4688720703125,3132.0
2010-08-30,347.0,350.0,339.8999938964844,343.6499938964844,323.4913024902344,860.0
2010-08-31,339.0,350.0,337.25,338.29998779296875,318.4551696777344,678.0
2010-09-01,348.0,349.8999938964844,340.75,343.29998779296875,323.1618347167969,742.0
2010-09-02,349.3999938964844,349.70001220703125,337.5,343.1499938964844,323.02069091796875,1570.0
2010-09-03,335.0,349.0,330.0,342.20001220703125,322.1264343261719,3605.0
2010-09-06,348.95001220703125,349.0,343.0,343.95001220703125,323.7738037109375,3306.0
2010-09-07,347.0,350.75,343.20001220703125,349.25,328.76287841796875,3562.0
2010-09-08,344.5,354.0,342.1499938964844,348.79998779296875,328.3392333984375,9468.0
2010-09-09,354.0,356.0,347.3500061035156,352.20001220703125,331.5398254394531,1759.0
2010-09-13,350.0,355.0,350.0,350.8500061035156,330.2690124511719,2795.0
2010-09-14,359.0,359.0,351.75,354.20001220703125,333.4224548339844,985.0
2010-09-15,358.5,359.0,350.04998779296875,354.5,333.70489501953125,1211.0
2010-09-16,355.0,357.79998779296875,353.95001220703125,354.20001220703125,333.4224548339844,1382.0
2010-09-17,359.6000061035156,359.6000061035156,353.0,354.04998779296875,333.2812805175781,195.0
2010-09-20,359.0,359.0,352.1499938964844,354.04998779296875,333.2812805175781,618.0
2010-09-21,354.0,354.0,346.1499938964844,349.0,328.5275573730469,1585.0
2010-09-22,345.0,345.5,341.0,344.5,324.2914733886719,1624.0
2010-09-23,331.0,354.8999938964844,330.0,340.75,320.7615051269531,6560.0
2010-09-24,337.0,343.0,337.0,341.8500061035156,321.7969665527344,4779.0
2010-09-27,335.0,346.1499938964844,335.0,339.75,319.8201599121094,3173.0
2010-09-28,337.0,342.0,328.04998779296875,333.95001220703125,314.3604431152344,4026.0
2010-09-29,335.0,339.6499938964844,331.0,331.04998779296875,311.6304626464844,420.0
2010-09-30,327.5,336.70001220703125,327.5,332.29998779296875,312.80712890625,619.0
2010-10-01,333.0,345.0,330.1000061035156,338.1499938964844,318.31396484375,1080.0
2010-10-04,344.95001220703125,345.0,335.70001220703125,342.25,322.1734619140625,333.0
2010-10-05,344.95001220703125,344.95001220703125,339.0,342.20001220703125,322.1264343261719,884.0
2010-10-06,347.0,347.0,340.6000061035156,344.8500061035156,324.6209716796875,330.0
2010-10-07,340.3999938964844,344.0,339.5,343.70001220703125,323.5384521484375,1860.0
2010-10-08,340.04998779296875,347.95001220703125,340.04998779296875,347.75,327.3507995605469,314.0
2010-10-11,341.3500061035156,360.0,341.3500061035156,357.04998779296875,336.10528564453125,4004.0
2010-10-12,357.0,358.6499938964844,350.1000061035156,356.0,335.1169738769531,2287.0
2010-10-13,352.3500061035156,374.5,352.3500061035156,371.3999938964844,349.613525390625,9893.0
2010-10-14,374.0,374.0,365.79998779296875,367.70001220703125,346.1305847167969,744.0
2010-10-15,355.5,369.8999938964844,355.5,364.04998779296875,342.6946716308594,2764.0
2010-10-18,360.04998779296875,370.0,356.0,361.20001220703125,340.01190185546875,7234.0
2010-10-19,417.0,417.0,365.0,372.25,350.4136962890625,12436.0
2010-10-20,372.54998779296875,379.0,356.0,360.04998779296875,338.9293212890625,3614.0
2010-10-21,373.0,383.8500061035156,363.29998779296875,375.6000061035156,353.5671081542969,21502.0
2010-10-22,384.70001220703125,386.0,370.0,374.79998779296875,352.81402587890625,9735.0
2010-10-25,380.0,381.79998779296875,365.0,365.8500061035156,344.38909912109375,4542.0
2010-10-26,373.79998779296875,373.8999938964844,362.0,368.25,346.6483459472656,3673.0
2010-10-27,379.8999938964844,379.8999938964844,366.6000061035156,374.04998779296875,352.10809326171875,2902.0
2010-10-28,379.95001220703125,388.95001220703125,374.20001220703125,376.20001220703125,354.1319274902344,10760.0
2010-10-29,392.0,397.29998779296875,375.0,377.04998779296875,354.93206787109375,6012.0
2010-11-01,384.70001220703125,389.0,378.1000061035156,381.95001220703125,359.5446472167969,3539.0
2010-11-02,389.0,389.0,372.20001220703125,374.5,352.53167724609375,1608.0
2010-11-03,384.0,384.0,370.0,376.6499938964844,354.5555114746094,4210.0
2010-11-04,379.0,380.0,377.04998779296875,378.95001220703125,356.720703125,867.0
2010-11-08,394.5,394.5,367.79998779296875,370.0,348.2956848144531,7203.0
2010-11-09,374.0,382.0,372.04998779296875,381.29998779296875,358.9327392578125,3090.0
2010-11-10,377.0,382.0,375.29998779296875,380.0,357.70904541015625,706.0
2010-11-11,385.0,385.25,380.0,384.6000061035156,362.0392761230469,4438.0
2010-11-12,384.95001220703125,397.95001220703125,383.0,393.6000061035156,370.5112609863281,28827.0
2010-11-15,393.5,410.0,393.5,401.04998779296875,377.5242004394531,8329.0
2010-11-16,400.0,401.0,375.8500061035156,384.45001220703125,361.8980407714844,1680.0
2010-11-18,392.0,392.0,365.0,382.04998779296875,359.6387939453125,4483.0
2010-11-19,375.1000061035156,381.5,371.5,373.6000061035156,351.68450927734375,2565.0
2010-11-22,381.0,397.3999938964844,375.0,380.3999938964844,358.0856018066406,1774.0
2010-11-23,386.0,390.0,370.0,379.54998779296875,357.28546142578125,4245.0
2010-11-24,386.8999938964844,386.8999938964844,370.0,371.1499938964844,349.37823486328125,1094.0
2010-11-25,371.54998779296875,378.0,365.0,369.95001220703125,348.2486267089844,2078.0
2010-11-26,362.5,373.95001220703125,350.5,351.0,330.4101867675781,2368.0
2010-11-29,351.5,362.95001220703125,351.5,362.75,341.470947265625,68.0
2010-11-30,366.0,384.5,359.0,380.0,357.70904541015625,7860.0
2010-12-01,385.0,391.70001220703125,381.1000061035156,385.3500061035156,362.7452087402344,2690.0
2010-12-02,384.0,392.6000061035156,380.1000061035156,390.0,367.1224670410156,3415.0
2010-12-03,399.0,399.0,389.75,390.3500061035156,367.4518737792969,4067.0
2010-12-06,418.0,418.0,390.0,390.20001220703125,367.3106994628906,2764.0
2010-12-07,391.0,391.04998779296875,377.0,379.95001220703125,357.6620178222656,6951.0
2010-12-08,383.0,383.29998779296875,371.0,377.0,354.8850402832031,1473.0
2010-12-09,368.0,371.8999938964844,350.5,354.29998779296875,333.5166015625,1114.0
2010-12-10,365.0,375.0,355.29998779296875,359.54998779296875,338.4586486816406,799.0
2010-12-13,380.0,380.0,359.5,373.0,351.11968994140625,134.0
2010-12-14,378.0,380.0,370.04998779296875,373.04998779296875,351.166748046875,595.0
2010-12-15,369.0,380.0,368.04998779296875,375.8999938964844,353.84954833984375,140.0
2010-12-16,375.0,380.0,372.04998779296875,380.0,357.70904541015625,70.0
2010-12-20,371.0,378.0,370.1499938964844,373.70001220703125,351.7786560058594,157.0
2010-12-21,375.0,375.0,371.25,371.25,349.4723205566406,196.0
2010-12-22,368.0,379.70001220703125,368.0,373.1499938964844,351.2608642578125,1253.0
2010-12-23,374.5,375.0,371.0,375.0,353.0023498535156,1800.0
2010-12-24,388.79998779296875,390.0,383.0,385.3500061035156,362.7452087402344,2384.0
2010-12-27,386.1499938964844,393.0,380.1000061035156,385.75,363.12176513671875,216.0
2010-12-28,384.0,390.0,383.0,385.6499938964844,363.02764892578125,1934.0
2010-12-29,379.95001220703125,385.04998779296875,379.95001220703125,383.0,360.5330810546875,977.0
2010-12-30,383.95001220703125,384.70001220703125,374.1499938964844,381.45001220703125,359.073974609375,940.0
2010-12-31,378.0,382.0,375.1499938964844,377.1000061035156,354.97918701171875,502.0
2011-01-03,399.5,399.5,381.29998779296875,394.3500061035156,371.2172546386719,3299.0
2011-01-04,394.0,398.95001220703125,389.1000061035156,393.0,369.9464416503906,1897.0
2011-01-05,395.0,396.0,388.25,395.0,371.82916259765625,3946.0
2011-01-06,395.04998779296875,408.0,395.0,403.29998779296875,379.6422424316406,5887.0
2011-01-07,398.0,405.0,386.1499938964844,396.3500061035156,373.0999755859375,2792.0
2011-01-10,413.95001220703125,414.8999938964844,393.5,395.54998779296875,372.3468933105469,9427.0
2011-01-11,405.0,414.79998779296875,397.0,406.75,382.8898620605469,3417.0
2011-01-12,405.0,409.54998779296875,390.25,402.8999938964844,379.2657165527344,25990.0
2011-01-13,405.0,407.0,399.0,401.6000061035156,378.0419921875,3411.0
2011-01-14,408.0,408.5,392.0,394.8500061035156,371.68792724609375,1037.0
2011-01-17,406.6000061035156,406.6000061035156,390.04998779296875,400.54998779296875,377.0536193847656,4732.0
2011-01-18,396.0,396.0,390.25,391.54998779296875,368.58148193359375,131.0
2011-01-19,395.0,404.75,395.0,400.5,377.0065002441406,1487.0
2011-01-20,394.1499938964844,396.25,394.1499938964844,396.25,373.00579833984375,215.0
2011-01-21,390.0,401.0,388.04998779296875,391.79998779296875,368.8167724609375,1041.0
2011-01-24,404.0,404.0,395.0,396.29998779296875,373.0528869628906,774.0
2011-01-25,393.5,401.5,393.5,395.29998779296875,372.111572265625,1077.0
2011-01-27,393.0,393.0,390.75,390.75,367.82843017578125,135.0
2011-01-28,394.0,394.0,375.0,375.1499938964844,353.1435852050781,1056.0
2011-01-31,385.0,385.0,365.1000061035156,372.20001220703125,350.3666076660156,1989.0
2011-02-01,374.0,382.0,372.54998779296875,381.54998779296875,359.1681213378906,8511.0
2011-02-02,378.0,382.0,378.0,380.04998779296875,357.7561340332031,338.0
2011-02-03,378.1000061035156,390.0,378.1000061035156,388.45001220703125,365.6633605957031,6507.0
2011-02-04,380.54998779296875,391.95001220703125,380.0,381.5,359.12103271484375,445.0
2011-02-07,380.0,380.0,373.04998779296875,377.0,354.8850402832031,1237.0
2011-02-08,379.0,380.0,368.6000061035156,370.0,348.2956848144531,1257.0
2011-02-09,361.75,370.0,356.5,359.54998779296875,338.4586486816406,924.0
2011-02-10,308.1000061035156,359.79998779296875,308.1000061035156,350.45001220703125,329.89251708984375,1766.0
2011-02-11,350.25,360.0,350.0,359.95001220703125,338.8351745605469,766.0
2011-02-14,374.0,381.0,367.04998779296875,377.25,355.12030029296875,1056.0
2011-02-15,367.5,376.0,367.5,367.5,345.9422912597656,0.0
2011-02-16,360.0,404.3999938964844,360.0,400.5,377.0065002441406,3352.0
2011-02-17,400.0,424.0,400.0,406.54998779296875,382.7015380859375,27216.0
2011-02-18,403.04998779296875,406.95001220703125,383.0,394.1000061035156,370.9819641113281,7887.0
2011-02-21,325.0,408.0,325.0,379.79998779296875,357.52081298828125,9140.0
2011-02-22,376.0,389.0,376.0,378.3999938964844,356.202880859375,7259.0
2011-02-23,390.0,390.0,356.0,363.1000061035156,341.8003845214844,5636.0
2011-02-24,364.5,365.0,350.04998779296875,351.29998779296875,330.6925964355469,2212.0
2011-02-25,353.0,359.0,340.1000061035156,342.54998779296875,322.4559326171875,2731.0
2011-02-28,345.0,345.0,339.04998779296875,340.45001220703125,320.4790954589844,3117.0
2011-03-01,343.0,355.0,342.0,350.75,330.17486572265625,4040.0
2011-03-03,350.0,350.0,340.0,344.8999938964844,324.66796875,4206.0
2011-03-04,350.0,357.0,347.0,354.70001220703125,333.8931579589844,1288.0
2011-03-07,364.8999938964844,364.8999938964844,344.04998779296875,350.1499938964844,329.6100769042969,1577.0
2011-03-08,355.0,355.0,346.0,347.54998779296875,327.16259765625,1462.0
2011-03-09,343.75,357.79998779296875,343.75,347.79998779296875,327.3979187011719,145.0
2011-03-10,344.3500061035156,353.79998779296875,343.0,344.8500061035156,324.6209716796875,600.0
2011-03-11,355.0,355.5,350.1499938964844,350.1499938964844,329.6100769042969,748.0
2011-03-14,346.25,373.5,346.25,365.8999938964844,344.4361572265625,1114.0
2011-03-15,351.25,366.95001220703125,351.25,361.75,340.5295715332031,979.0
2011-03-16,356.0,365.8999938964844,356.0,363.3500061035156,342.0357666015625,155.0
2011-03-17,371.0,387.0,366.0,369.95001220703125,348.2486267089844,1474.0
2011-03-18,375.0,377.0,365.1000061035156,374.70001220703125,352.719970703125,813.0
2011-03-21,380.0,383.95001220703125,360.5,369.8500061035156,348.15447998046875,806.0
2011-03-22,360.0,370.0,360.0,369.75,348.0602722167969,1276.0
2011-03-23,370.0,370.0,361.6000061035156,369.8500061035156,348.15447998046875,3061.0
2011-03-24,366.0,370.0,366.0,367.3999938964844,345.8481750488281,959.0
2011-03-25,369.95001220703125,372.0,365.0,370.0,348.2956848144531,1810.0
2011-03-28,370.0,384.0,370.0,372.70001220703125,350.8372802734375,1998.0
2011-03-29,372.04998779296875,373.5,369.5,370.3500061035156,348.6250915527344,4621.0
2011-03-30,380.0,381.0,374.0,378.70001220703125,356.4853515625,563.0
2011-03-31,377.0,388.8999938964844,356.5,373.29998779296875,351.4020690917969,391.0
2011-04-01,376.04998779296875,388.0,376.04998779296875,386.5,363.8277587890625,732.0
2011-04-04,390.0,404.1000061035156,390.0,403.29998779296875,379.6422424316406,7087.0
2011-04-05,410.0,425.0,404.1000061035156,421.75,397.0099792480469,18897.0
2011-04-06,420.0,437.0,420.0,431.6000061035156,406.2821960449219,8407.0
2011-04-07,433.0,441.95001220703125,433.0,439.5,413.7187194824219,2993.0
2011-04-08,448.0,474.8999938964844,442.0,462.8500061035156,435.69903564453125,25638.0
2011-04-11,478.0,517.0,467.04998779296875,493.1000061035156,464.174560546875,34012.0
2011-04-13,509.29998779296875,575.0,502.1000061035156,515.2000122070312,484.9781799316406,25915.0
2011-04-15,520.0,520.0,500.25,512.9500122070312,482.8601989746094,8118.0
2011-04-18,518.0,522.0,507.04998779296875,516.5999755859375,486.2960205078125,5431.0
2011-04-19,518.0,533.5,512.0499877929688,527.7000122070312,496.74493408203125,4710.0
2011-04-20,534.5,549.0,520.0,544.75,516.7115478515625,13624.0
2011-04-21,465.54998779296875,548.5499877929688,455.0,525.0,497.9779357910156,2445.0
2011-04-25,541.6500244140625,541.6500244140625,525.1500244140625,528.0499877929688,500.8709716796875,3094.0
2011-04-26,538.0,538.0,517.5,521.5999755859375,494.75299072265625,2130.0
2011-04-27,530.0,541.0,522.0499877929688,537.7000122070312,510.0243225097656,5375.0
2011-04-28,511.0,544.25,511.0,530.3499755859375,503.0526123046875,4226.0
2011-04-29,528.0,536.4500122070312,501.1499938964844,514.5499877929688,488.06585693359375,2159.0
2011-05-02,528.0,528.0,505.0,518.1500244140625,491.4805908203125,1148.0
2011-05-03,522.7999877929688,524.0,505.0,517.5,490.86407470703125,2680.0
2011-05-04,500.04998779296875,522.0,500.04998779296875,516.25,489.6783752441406,3029.0
2011-05-05,506.1499938964844,513.7000122070312,488.04998779296875,495.95001220703125,470.4232177734375,2074.0
2011-05-06,481.3999938964844,497.95001220703125,481.3999938964844,487.3500061035156,462.265869140625,2948.0
2011-05-09,487.45001220703125,512.0,480.0,480.45001220703125,455.7210388183594,3841.0
2011-05-10,480.0,484.95001220703125,480.0,482.25,457.4283447265625,257.0
2011-05-11,468.0,497.95001220703125,468.0,486.1499938964844,461.1275634765625,535.0
2011-05-12,488.0,490.0,481.0,486.29998779296875,461.2698974609375,850.0
2011-05-13,490.0,510.0,490.0,497.8500061035156,472.2254333496094,2685.0
2011-05-16,509.95001220703125,509.95001220703125,477.95001220703125,488.25,463.1195373535156,3718.0
2011-05-17,482.04998779296875,504.0,482.04998779296875,500.0,474.2647705078125,4147.0
2011-05-18,508.0,518.0,496.5,512.0499877929688,485.6945495605469,5098.0
2011-05-19,512.0,530.0,506.0,514.5499877929688,488.06585693359375,3043.0
2011-05-20,520.0,523.0,515.0499877929688,518.6500244140625,491.9548645019531,1783.0
2011-05-23,510.0,531.0,510.0,515.6500244140625,489.1092529296875,4974.0
2011-05-24,516.1500244140625,520.0,510.6000061035156,513.0499877929688,486.64300537109375,651.0
2011-05-25,520.0,523.5,509.5,513.4500122070312,487.02252197265625,145.0
2011-05-26,510.0,517.9500122070312,500.0,506.54998779296875,480.47760009765625,586.0
2011-05-27,500.04998779296875,518.0,500.0,509.0,482.801513671875,1224.0
2011-05-30,527.0,554.2999877929688,508.04998779296875,532.5,505.09197998046875,7049.0
2011-05-31,554.0,554.0,525.25,532.0499877929688,504.6651306152344,2634.0
2011-06-01,531.0,545.0,528.3499755859375,539.5999755859375,511.8264465332031,807.0
2011-06-02,529.0,535.4500122070312,526.5,530.5499877929688,503.24237060546875,478.0
2011-06-03,530.0,539.7999877929688,526.8499755859375,535.7999877929688,508.2220153808594,750.0
2011-06-06,542.0,543.0,526.5499877929688,540.6500244140625,512.822509765625,687.0
2011-06-07,540.0,565.0,535.0,560.9500122070312,532.0775756835938,6180.0
2011-06-08,551.0,622.0,551.0,603.6500244140625,572.579833984375,51169.0
2011-06-09,617.0,701.0,610.0999755859375,675.1500244140625,640.3997802734375,158049.0
2011-06-10,682.0,690.2000122070312,640.0,646.2999877929688,613.03466796875,120356.0
2011-06-13,650.0,723.7000122070312,637.0,680.8499755859375,645.8062744140625,681671.0
2011-06-14,682.1500244140625,696.5,650.0999755859375,659.6500244140625,625.6976318359375,44397.0
2011-06-15,645.0499877929688,664.3499755859375,620.0999755859375,636.0499877929688,603.3121337890625,59639.0
2011-06-16,644.4500122070312,674.9000244140625,631.0499877929688,662.75,628.6380004882812,60372.0
2011-06-17,669.0,674.0,654.0499877929688,663.0999755859375,628.9699096679688,13924.0
2011-06-20,654.7999877929688,654.7999877929688,601.0,610.7999877929688,579.36181640625,8138.0
2011-06-21,615.0,628.2000122070312,592.0999755859375,600.25,569.3548583984375,7099.0
2011-06-22,611.0,611.0,585.0499877929688,589.2000122070312,558.8736572265625,5456.0
2011-06-23,580.0,600.0,571.25,578.0499877929688,548.2974243164062,4637.0
2011-06-24,571.0999755859375,617.8499755859375,570.0,592.3499755859375,561.8614501953125,7737.0
2011-06-27,585.0,605.0,585.0,590.3499755859375,559.9644165039062,2776.0
2011-06-28,577.0,619.0,575.0,594.4000244140625,563.805908203125,5840.0
2011-06-29,604.0,647.0,604.0,638.0,605.161865234375,43395.0
2011-06-30,639.0,647.5,616.25,617.75,585.9540405273438,3981.0
2011-07-01,628.9500122070312,628.9500122070312,612.0999755859375,616.2000122070312,584.48388671875,1731.0
2011-07-04,623.0,639.9500122070312,621.0,623.5,591.4081420898438,4155.0
2011-07-05,629.25,629.25,615.0,618.0999755859375,586.2861328125,866.0
2011-07-06,618.0999755859375,627.9500122070312,609.0,612.6500244140625,581.1165771484375,3017.0
2011-07-07,619.8499755859375,660.0,615.0,638.1500244140625,605.3040161132812,20287.0
2011-07-08,647.4000244140625,657.0,625.2000122070312,627.25,594.9651489257812,9715.0
2011-07-11,628.0,643.9000244140625,625.1500244140625,628.0999755859375,595.7714233398438,1743.0
2011-07-12,625.0999755859375,650.0,625.0499877929688,626.8499755859375,594.585693359375,7559.0
2011-07-13,630.0,643.0,628.0,637.0999755859375,604.3080444335938,3650.0
2011-07-14,643.9500122070312,644.0,628.25,628.9000244140625,596.5302124023438,2227.0
2011-07-15,630.2999877929688,635.0,630.0499877929688,630.5,598.0478515625,1377.0
2011-07-18,638.9500122070312,640.0,628.25,631.0999755859375,598.616943359375,1346.0
2011-07-19,630.2000122070312,660.0,630.2000122070312,638.2999877929688,605.4463500976562,8114.0
2011-07-20,640.25,645.9000244140625,632.0999755859375,634.9500122070312,602.268798828125,3190.0
2011-07-21,639.0,639.0,625.0,626.2999877929688,594.0640869140625,3931.0
2011-07-22,629.9500122070312,636.8499755859375,626.7999877929688,627.9000244140625,595.5816650390625,1082.0
2011-07-25,626.0,638.4500122070312,626.0,629.0,596.6251220703125,3077.0
2011-07-26,634.7999877929688,682.0,634.4500122070312,656.4000244140625,622.61474609375,51337.0
2011-07-27,655.0499877929688,658.0,626.0,629.1500244140625,596.767333984375,22943.0
2011-07-28,625.1500244140625,632.7999877929688,618.0,620.2000122070312,588.2780151367188,5131.0
2011-07-29,612.0999755859375,642.75,612.0499877929688,620.5999755859375,588.657470703125,4728.0
2011-08-01,601.4000244140625,628.9000244140625,601.4000244140625,624.5999755859375,592.4515380859375,3784.0
2011-08-02,621.75,630.0,615.4500122070312,620.2000122070312,588.2780151367188,1525.0
2011-08-03,618.0,628.0,614.5,618.5499877929688,586.7129516601562,1956.0
2011-08-04,611.0499877929688,628.9000244140625,611.0,612.5,580.974365234375,2902.0
2011-08-05,600.0,607.5,581.5,586.4000244140625,556.2177734375,7023.0
2011-08-08,576.0,583.0,570.1500244140625,576.75,547.064453125,2145.0
2011-08-09,576.0,576.0,560.0999755859375,564.2999877929688,535.2552490234375,1880.0
2011-08-10,571.0,590.0,565.0,581.5999755859375,551.6646728515625,2367.0
2011-08-11,592.0,592.9000244140625,575.0,583.2999877929688,553.2772216796875,838.0
2011-08-12,590.0,599.0,575.0,577.7000122070312,547.9655151367188,1841.0
2011-08-16,586.0,586.0,565.0,566.6500244140625,537.4842529296875,385.0
2011-08-17,580.0,580.0,553.0499877929688,558.2999877929688,529.56396484375,2364.0
2011-08-18,555.0,569.0,544.0,545.25,517.1857299804688,2752.0
2011-08-19,533.0999755859375,542.75,501.0,507.8500061035156,481.7107238769531,6271.0
2011-08-22,507.0,530.0,500.1000061035156,522.25,495.3695068359375,4946.0
2011-08-23,535.0,538.8499755859375,520.0,535.2000122070312,507.65301513671875,2441.0
2011-08-24,545.0,545.0,525.0,527.5,500.3493347167969,213.0
2011-08-25,526.0,537.25,513.0,515.0,488.49267578125,575.0
2011-08-26,524.8499755859375,524.8499755859375,500.1000061035156,508.04998779296875,481.900390625,679.0
2011-08-29,508.04998779296875,524.9000244140625,508.04998779296875,514.0499877929688,487.59161376953125,791.0
2011-08-30,525.0,534.9000244140625,518.1500244140625,529.0,501.7720947265625,1292.0
2011-09-02,517.2999877929688,537.9000244140625,517.2999877929688,536.5,508.88604736328125,1355.0
2011-09-05,530.0,549.0,530.0,545.7999877929688,517.7074584960938,849.0
2011-09-06,548.9000244140625,548.9000244140625,537.1500244140625,543.6500244140625,515.6681518554688,2616.0
2011-09-07,550.0,569.9000244140625,547.0499877929688,556.5999755859375,527.9514770507812,4883.0
2011-09-08,536.2000122070312,575.0,536.2000122070312,569.0999755859375,539.80810546875,3118.0
2011-09-09,555.0999755859375,578.9000244140625,548.2000122070312,562.75,533.7849731445312,1178.0
2011-09-12,550.0,557.7000122070312,545.0999755859375,549.9000244140625,521.596435546875,1320.0
2011-09-13,561.9500122070312,561.9500122070312,550.2000122070312,555.0,526.4340209960938,2268.0
2011-09-14,550.0,559.2999877929688,540.0,550.9500122070312,522.5922241210938,2011.0
2011-09-15,547.0,559.0,542.25,548.0999755859375,519.8889770507812,1430.0
2011-09-16,559.9000244140625,559.9000244140625,550.0,550.7999877929688,522.4500732421875,700.0
2011-09-19,542.0,579.0,542.0,566.5,537.3419189453125,3260.0
2011-09-20,575.9000244140625,579.9000244140625,561.2999877929688,576.1500244140625,546.4952392578125,2483.0
2011-09-21,577.0,607.0,575.0,594.5,563.90087890625,9979.0
2011-09-22,596.9000244140625,596.9000244140625,577.6500244140625,578.0499877929688,548.2974243164062,2346.0
2011-09-23,570.0999755859375,590.0,560.0,576.4000244140625,546.7324829101562,4119.0
2011-09-26,586.9000244140625,586.9000244140625,557.25,579.6500244140625,549.8151245117188,1211.0
2011-09-27,579.9000244140625,595.0499877929688,575.0,585.0499877929688,554.9371948242188,1370.0
2011-09-28,594.0,594.0,581.5999755859375,585.0,554.8898315429688,1200.0
2011-09-29,577.0,592.0499877929688,576.2999877929688,586.6500244140625,556.4548950195312,1860.0
2011-09-30,581.0,586.9500122070312,566.0999755859375,576.75,547.064453125,1993.0
2011-10-03,560.0,576.9000244140625,556.2000122070312,575.1500244140625,545.5468139648438,1252.0
2011-10-04,588.9000244140625,588.9000244140625,553.0,558.0999755859375,529.3743286132812,1629.0
2011-10-05,565.0,599.0,560.2000122070312,592.5499877929688,562.0510864257812,4098.0
2011-10-07,605.0,624.0,588.4000244140625,592.5999755859375,562.0985107421875,4043.0
2011-10-10,607.0,607.0,591.25,591.5499877929688,561.1026611328125,517.0
2011-10-11,585.0,610.0,583.0499877929688,603.0,571.9633178710938,924.0
2011-10-12,629.0,629.0,595.0499877929688,611.2000122070312,579.7412109375,4698.0
2011-10-13,618.0,628.9000244140625,612.0,620.0499877929688,588.1356811523438,4845.0
2011-10-14,624.9000244140625,631.9500122070312,624.0,629.8499755859375,597.4312744140625,3429.0
2011-10-17,606.0,640.0,606.0,634.25,601.6047973632812,6201.0
2011-10-18,621.0,631.5,610.0,612.0999755859375,580.5948486328125,817.0
2011-10-19,601.0499877929688,609.75,580.0,588.9000244140625,558.589111328125,5201.0
2011-10-20,580.0,590.0,577.0,577.7000122070312,547.9655151367188,2337.0
2011-10-21,576.0,598.0,555.0499877929688,595.1500244140625,564.517333984375,1783.0
2011-10-24,594.0,626.0,594.0,617.1500244140625,585.385009765625,20024.0
2011-10-25,619.7000122070312,628.0,619.7000122070312,624.2999877929688,592.1669311523438,7865.0
2011-10-28,624.0,635.0,622.3499755859375,629.7000122070312,597.2890014648438,1447.0
2011-10-31,630.0,640.0,628.0,630.2000122070312,597.7633666992188,9110.0
2011-11-01,620.0,645.0,613.0499877929688,620.5999755859375,588.657470703125,2228.0
2011-11-02,620.1500244140625,628.0,618.0,621.0,589.036865234375,2560.0
2011-11-03,635.0,635.0,618.0,619.8499755859375,587.9459838867188,990.0
2011-11-04,616.0999755859375,622.0,610.0,619.2999877929688,587.42431640625,831.0
2011-11-08,620.0,639.0,605.0499877929688,613.75,582.1599731445312,15252.0
2011-11-09,626.0,626.0,618.9500122070312,622.1500244140625,590.127685546875,3673.0
2011-11-11,615.5499877929688,622.9000244140625,612.0999755859375,619.0999755859375,587.2344970703125,1745.0
2011-11-14,615.2000122070312,624.75,552.3499755859375,610.6500244140625,579.2196044921875,11882.0
2011-11-15,611.0,614.0,601.5,609.0499877929688,577.701904296875,2802.0
2011-11-16,609.0,609.0,593.0499877929688,600.0499877929688,569.1651000976562,8442.0
2011-11-17,600.0,605.0,597.1500244140625,597.2000122070312,566.4617919921875,1080.0
2011-11-18,595.0999755859375,608.0,595.0499877929688,606.2000122070312,574.9985961914062,2636.0
2011-11-21,599.0,599.0,591.0499877929688,593.0,562.4779052734375,2677.0
2011-11-22,597.0,608.0,592.0999755859375,594.2999877929688,563.7111206054688,3735.0
2011-11-23,590.5,594.8499755859375,588.0,588.8499755859375,558.5416259765625,4826.0
2011-11-24,588.0499877929688,600.0,588.0,594.0499877929688,563.4739379882812,5966.0
2011-11-25,596.9500122070312,596.9500122070312,588.0,589.6500244140625,559.3004760742188,899.0
2011-11-28,591.0499877929688,598.9500122070312,591.0,598.9500122070312,568.1217651367188,136.0
2011-11-29,590.0499877929688,592.0,590.0,590.2000122070312,559.8221435546875,153.0
2011-11-30,593.0,595.9500122070312,591.4000244140625,591.4000244140625,560.9603271484375,217.0
2011-12-01,597.9500122070312,597.9500122070312,587.0,587.5999755859375,557.35595703125,2743.0
2011-12-02,587.5999755859375,604.9500122070312,587.5999755859375,602.75,571.7261352539062,3113.0
2011-12-05,580.5999755859375,600.0,568.5999755859375,593.9000244140625,563.3317260742188,1292.0
2011-12-07,590.0999755859375,590.0999755859375,590.0999755859375,590.0999755859375,559.7271728515625,1.0
2011-12-08,590.0,593.0,587.8499755859375,590.75,560.3438110351562,98.0
2011-12-09,588.0499877929688,595.0,586.0,589.0,558.6838989257812,1293.0
2011-12-12,593.0,593.0,586.25,586.7000122070312,556.5023193359375,991.0
2011-12-13,588.0499877929688,588.0499877929688,586.1500244140625,587.2000122070312,556.9765014648438,708.0
2011-12-14,598.0,599.0,587.2000122070312,589.9500122070312,559.5850219726562,1336.0
2011-12-15,588.0,593.9500122070312,585.0,590.75,560.3438110351562,2378.0
2011-12-16,598.0,599.0,584.5,585.5,555.364013671875,711.0
2011-12-19,582.0,590.4500122070312,582.0,583.0,552.9926147460938,1827.0
2011-12-20,581.0499877929688,588.5,581.0499877929688,585.3499755859375,555.2217407226562,1380.0
2011-12-21,589.0,589.0,583.0,585.0499877929688,554.9371948242188,8865.0
2011-12-22,583.0,588.0,583.0,588.0,557.7352905273438,16951.0
2011-12-23,605.0,605.0,588.5,594.7000122070312,564.090576171875,794.0
2011-12-26,590.0499877929688,593.9500122070312,590.0,590.5999755859375,560.2014770507812,1367.0
2011-12-27,590.0,592.0,586.0999755859375,588.2999877929688,558.0198364257812,2672.0
2011-12-28,586.0,592.0,586.0,589.4000244140625,559.0633544921875,881.0
2011-12-29,619.8499755859375,619.8499755859375,585.2999877929688,585.3499755859375,555.2217407226562,112.0
2011-12-30,585.5,592.9000244140625,585.0,586.0999755859375,555.9331665039062,3138.0
2012-01-02,592.9000244140625,592.9000244140625,584.0,585.0999755859375,554.9845581054688,1184.0
2012-01-03,588.0,588.0,586.0499877929688,588.0,557.7352905273438,664.0
2012-01-04,587.0499877929688,591.0,587.0499877929688,590.3499755859375,559.9644165039062,7608.0
2012-01-05,590.2000122070312,594.0,590.2000122070312,592.2999877929688,561.81396484375,3111.0
2012-01-06,593.9500122070312,594.0,591.1500244140625,591.6500244140625,561.197509765625,3629.0
2012-01-09,593.0,593.0,590.5,592.9000244140625,562.3831787109375,522.0
2012-01-10,595.0999755859375,604.5,595.0999755859375,598.3499755859375,567.552734375,76893.0
2012-01-11,603.4500122070312,603.4500122070312,598.0,598.0999755859375,567.3155517578125,4572.0
2012-01-12,598.0,602.0,598.0,598.0,567.2206420898438,6346.0
2012-01-13,601.0,601.0,598.0,598.25,567.4576416015625,8845.0
2012-01-16,599.7999877929688,600.0,598.0,598.4000244140625,567.60009765625,10461.0
2012-01-17,598.0,599.5,598.0,598.4500122070312,567.6475219726562,6861.0
2012-01-18,598.25,600.0,598.25,598.3499755859375,567.552734375,18339.0
2012-01-19,600.0,600.0,598.4000244140625,598.5499877929688,567.7423095703125,9425.0
2012-01-20,599.5,604.7999877929688,598.5999755859375,600.3499755859375,569.4496459960938,5043.0
2012-01-23,603.8499755859375,606.9000244140625,600.1500244140625,604.25,573.1490478515625,36620.0
2012-01-24,605.0,605.0,603.0,604.0,572.9118041992188,7988.0
2012-01-25,604.0999755859375,604.6500244140625,600.0,601.3499755859375,570.3981323242188,17657.0
2012-01-27,601.0,603.9000244140625,600.5,601.5,570.54052734375,100018.0
2012-01-30,600.0,603.0,600.0,601.0,570.066162109375,80136.0
2012-01-31,602.8499755859375,602.8499755859375,601.0499877929688,601.2999877929688,570.3508911132812,10276.0
2012-02-01,602.0,602.0,601.0,601.5,570.54052734375,55711.0
2012-02-02,600.3499755859375,603.0,600.3499755859375,601.1500244140625,570.2085571289062,1902.0
2012-02-03,601.1500244140625,601.1500244140625,592.5499877929688,595.1500244140625,564.517333984375,2676.0
2012-02-06,600.0,606.0,600.0,601.5499877929688,570.5879516601562,15767.0
2012-02-07,607.0,607.0,590.5,595.6500244140625,564.9916381835938,954.0
2012-02-08,587.9500122070312,599.9500122070312,587.9500122070312,596.9000244140625,566.17724609375,1021.0
2012-02-09,590.0999755859375,604.9000244140625,586.2000122070312,601.6500244140625,570.682861328125,1178.0
2012-02-10,605.0,632.9500122070312,605.0,618.3499755859375,586.523193359375,6664.0
2012-02-13,612.0,659.9000244140625,602.0499877929688,640.4500122070312,607.4857177734375,12768.0
2012-02-14,624.0,650.0,624.0,631.75,599.2335205078125,2927.0
2012-02-15,631.25,643.75,610.0,617.8499755859375,586.0489501953125,3134.0
2012-02-16,622.9500122070312,622.9500122070312,611.0999755859375,614.0999755859375,582.491943359375,1225.0
2012-02-17,625.0,634.0,604.0999755859375,613.0999755859375,581.5433959960938,1189.0
2012-02-21,607.5,628.5,605.0499877929688,612.0,580.5001220703125,1669.0
2012-02-22,623.0,623.0,602.5,603.6500244140625,572.579833984375,2648.0
2012-02-23,605.5,614.5499877929688,601.6500244140625,607.25,575.9945678710938,1026.0
2012-02-24,611.0,678.4000244140625,609.0499877929688,642.3499755859375,609.2880249023438,8587.0
2012-02-27,642.3499755859375,684.0,640.0499877929688,647.7999877929688,614.4573974609375,19010.0
2012-02-28,661.0,704.7999877929688,660.0,684.2999877929688,649.0787963867188,23509.0
2012-02-29,694.0,699.9500122070312,680.0,687.5,652.1140747070312,6985.0
2012-03-01,695.5,698.0,675.0,680.4000244140625,645.37939453125,3975.0
2012-03-02,689.9500122070312,689.9500122070312,676.0,683.4000244140625,648.22509765625,5625.0
2012-03-05,725.0,772.9000244140625,725.0,734.75,696.9320678710938,41542.0
2012-03-06,737.0,771.0,728.0,747.2000122070312,708.7412109375,15727.0
2012-03-07,745.0999755859375,753.5,726.0499877929688,734.7999877929688,696.9794921875,6897.0
2012-03-09,750.0,754.4500122070312,720.0,728.25,690.7666625976562,3156.0
2012-03-12,737.0,750.1500244140625,734.0999755859375,746.7999877929688,708.3617553710938,3295.0
2012-03-13,743.4000244140625,765.0,740.1500244140625,744.75,706.4172973632812,4468.0
2012-03-14,752.9000244140625,760.0,750.0,750.9000244140625,712.2509155273438,4838.0
2012-03-15,765.0,890.0,745.0,751.0999755859375,712.4404296875,3501.0
2012-03-16,750.0,757.75,740.0999755859375,749.1500244140625,710.5908813476562,1518.0
2012-03-19,754.9000244140625,755.0,726.0999755859375,742.4000244140625,704.188232421875,661.0
2012-03-20,723.0,758.9500122070312,723.0,746.25,707.8401489257812,3336.0
2012-03-21,752.2000122070312,762.0,750.0,759.8499755859375,720.7401123046875,3354.0
2012-03-22,716.0,752.0999755859375,716.0,735.7999877929688,697.9281616210938,3569.0
2012-03-23,728.0,758.0,728.0,747.2999877929688,708.8359985351562,2167.0
2012-03-26,745.0,759.0,738.0,740.7000122070312,702.5758056640625,43388.0
2012-03-27,759.9000244140625,880.0,738.1500244140625,740.8499755859375,702.7180786132812,3389.0
2012-03-28,738.0,744.0,736.2000122070312,740.7999877929688,702.670654296875,3738.0
2012-03-29,745.0,745.0,738.0999755859375,739.0499877929688,701.0106811523438,810.0
2012-03-30,740.0499877929688,784.0,740.0,761.5,722.30517578125,7628.0
2012-04-02,790.0,790.0,762.0,763.2999877929688,724.0125122070312,776.0
2012-04-03,770.0,775.0,760.2000122070312,765.2000122070312,725.8148193359375,1357.0
2012-04-04,767.0,773.9500122070312,750.2000122070312,751.9000244140625,713.1994018554688,1532.0
2012-04-09,750.0,766.0,745.0,760.4000244140625,721.2618408203125,2016.0
2012-04-10,763.0,769.0,757.0,763.25,723.9651489257812,1234.0
2012-04-11,768.0,787.0,760.0,774.6500244140625,734.7784423828125,2547.0
2012-04-12,780.0,799.0,771.4000244140625,798.5999755859375,761.4273681640625,19374.0
2012-04-13,800.0,811.0,761.0,785.2999877929688,748.7464599609375,12283.0
2012-04-16,800.0,849.9000244140625,790.25,843.4500122070312,804.189697265625,28434.0
2012-04-17,874.0,874.0,825.0,831.3499755859375,792.6528930664062,3482.0
2012-04-18,838.0,844.0,827.0,831.2000122070312,792.5098876953125,4457.0
2012-04-19,848.0,850.0,828.0999755859375,830.2000122070312,791.556640625,2142.0
2012-04-20,830.0,838.9500122070312,823.25,826.3499755859375,787.8857421875,2857.0
2012-04-23,849.9000244140625,849.9000244140625,799.0,804.4500122070312,767.0051879882812,2404.0
2012-04-24,813.5,813.5,778.0,791.6500244140625,754.8009643554688,2409.0
2012-04-25,775.4000244140625,830.0,775.4000244140625,785.75,749.1754760742188,1943.0
2012-04-26,776.4500122070312,789.0,756.0499877929688,760.4000244140625,725.0054321289062,1220.0
2012-04-27,740.5,765.0,709.9500122070312,715.5999755859375,682.2907104492188,7266.0
2012-04-30,730.0,742.0,711.2999877929688,731.4000244140625,697.3553466796875,8305.0
2012-05-02,755.9000244140625,755.9000244140625,723.0,723.2000122070312,689.5370483398438,2501.0
2012-05-03,733.0,735.0,706.5999755859375,712.5499877929688,679.3828125,1979.0
2012-05-04,710.0,715.7999877929688,685.0999755859375,704.5499877929688,671.7550659179688,3618.0
2012-05-07,695.0,744.0,690.0499877929688,730.5999755859375,696.592529296875,3089.0
2012-05-08,720.0,737.0,696.25,701.2000122070312,668.5610961914062,505.0
2012-05-09,677.0,730.0,677.0,720.9500122070312,687.3917846679688,2563.0
2012-05-10,729.9000244140625,729.9000244140625,702.0,717.6500244140625,684.2454223632812,114.0
2012-05-11,692.0,715.0,690.0499877929688,697.7000122070312,665.2239990234375,927.0
2012-05-14,712.9000244140625,714.0,700.6500244140625,700.6500244140625,668.0366821289062,1090.0
2012-05-15,696.5499877929688,711.9000244140625,696.5499877929688,698.0499877929688,665.5576782226562,568.0
2012-05-16,687.5999755859375,699.9000244140625,683.0,684.6500244140625,652.781494140625,752.0
2012-05-17,683.5499877929688,719.0,682.0,714.7999877929688,681.528076171875,2197.0
2012-05-18,752.25,767.7000122070312,726.2999877929688,742.8499755859375,708.2723388671875,10488.0
2012-05-21,834.1500244140625,834.1500244140625,742.5,765.9500122070312,730.2971801757812,3420.0
2012-05-22,768.5999755859375,778.5,751.4000244140625,754.25,719.1417236328125,1830.0
2012-05-23,755.0,769.5999755859375,745.25,759.5499877929688,724.1949462890625,1849.0
2012-05-24,752.4000244140625,773.25,750.0,752.75,717.7116088867188,1201.0
2012-05-25,750.0,763.0,750.0,750.8499755859375,715.8999633789062,1134.0
2012-05-28,775.0,775.0,752.0,752.2999877929688,717.2825317382812,309.0
2012-05-29,751.1500244140625,751.1500244140625,725.0,742.0,707.4619750976562,917.0
2012-05-30,735.0,745.0,715.0,717.0499877929688,683.6732788085938,850.0
2012-05-31,717.0499877929688,743.0,699.0,721.5,687.9161376953125,3094.0
2012-06-01,734.7000122070312,734.7000122070312,714.5,730.5,696.4972534179688,1040.0
2012-06-04,729.9500122070312,729.9500122070312,715.1500244140625,725.0499877929688,691.3009033203125,282.0
2012-06-05,730.0,740.0,725.0999755859375,737.25,702.9329833984375,185.0
2012-06-06,740.1500244140625,743.8499755859375,732.75,736.4500122070312,702.1702270507812,1019.0
2012-06-07,739.0,743.0,725.0,732.2999877929688,698.2135009765625,528.0
2012-06-08,720.0,758.0,720.0,750.25,715.3279418945312,3364.0
2012-06-11,765.0,770.0,751.4000244140625,764.9500122070312,729.34375,1635.0
2012-06-12,751.0999755859375,754.0,732.0499877929688,750.6500244140625,715.7093505859375,1620.0
2012-06-13,735.2000122070312,736.9500122070312,695.2000122070312,720.4500122070312,686.9151000976562,4292.0
2012-06-14,721.0,730.0,721.0,721.7999877929688,688.2022094726562,528.0
2012-06-15,739.0,742.0,703.8499755859375,710.25,677.1898193359375,1162.0
2012-06-18,728.9500122070312,728.9500122070312,705.0,710.1500244140625,677.094482421875,1679.0
2012-06-19,718.9000244140625,719.5,712.0,714.0999755859375,680.8606567382812,270.0
2012-06-20,714.0,724.0,710.0,716.0,682.6721801757812,794.0
2012-06-21,701.0499877929688,728.0,700.0,715.75,682.4337768554688,1007.0
2012-06-22,710.0,725.0,710.0,715.0499877929688,681.766357421875,284.0
2012-06-25,720.0,728.0,715.0499877929688,720.2000122070312,686.6767578125,360.0
2012-06-26,717.0,727.9000244140625,710.25,715.0999755859375,681.8140869140625,217.0
2012-06-27,724.8499755859375,724.8499755859375,715.0,717.0999755859375,683.720947265625,74.0
2012-06-28,720.0,726.0,702.25,704.8499755859375,672.0411376953125,829.0
2012-06-29,727.0,743.9500122070312,713.0,736.7999877929688,702.5040283203125,2439.0
2012-07-02,734.5999755859375,738.5,723.0999755859375,731.3499755859375,697.3076171875,368.0
2012-07-03,730.0,733.5,720.0,722.5,688.8696899414062,359.0
2012-07-04,726.0,734.9500122070312,717.2999877929688,734.2999877929688,700.1203002929688,61.0
2012-07-05,720.0,750.0,720.0,727.2000122070312,693.3509521484375,914.0
2012-07-06,724.0,733.0,720.0,720.1500244140625,686.6289672851562,433.0
2012-07-09,640.0,734.9500122070312,640.0,728.2000122070312,694.3042602539062,117.0
2012-07-10,711.4000244140625,728.9500122070312,711.4000244140625,725.1500244140625,691.396240234375,152.0
2012-07-11,714.0,722.8499755859375,711.9000244140625,720.3499755859375,686.8197021484375,396.0
2012-07-12,720.0,728.2000122070312,712.0,712.75,679.5734252929688,155.0
2012-07-13,726.7000122070312,727.0,710.5,712.2000122070312,679.049072265625,181.0
2012-07-16,715.0,715.0,703.0499877929688,708.0499877929688,675.09228515625,539.0
2012-07-17,715.0,717.5,709.0,709.75,676.7130737304688,620.0
2012-07-18,705.0,705.0,679.9500122070312,690.0,657.8824462890625,3701.0
2012-07-19,708.0,708.0,690.3499755859375,694.2999877929688,661.9822387695312,1041.0
2012-07-20,731.0,731.0,688.0499877929688,692.9500122070312,660.695068359375,479.0
2012-07-23,690.0,690.0,685.0999755859375,686.0999755859375,654.1640014648438,290.0
2012-07-24,686.0,690.6500244140625,675.7999877929688,677.0499877929688,645.53515625,1341.0
2012-07-25,680.0,685.0,675.0,675.4000244140625,643.9620361328125,500.0
2012-07-26,695.0,695.0,678.0,679.0,647.3943481445312,1650.0
2012-07-27,679.0,699.9500122070312,666.0499877929688,687.9500122070312,655.9278564453125,84.0
2012-07-30,698.8499755859375,698.8499755859375,665.0,666.75,635.714599609375,442.0
2012-07-31,666.0,666.0,643.0,645.4500122070312,615.4061889648438,634.0
2012-08-01,660.0,660.0,650.1500244140625,654.4000244140625,623.9395141601562,309.0
2012-08-02,780.0,780.0,665.0,674.0499877929688,642.6748657226562,104.0
2012-08-03,675.0,675.0,645.25,652.5,622.1279296875,160.0
2012-08-06,674.0,694.0,660.0,676.75,645.2490844726562,1770.0
2012-08-07,679.9000244140625,679.9500122070312,668.3499755859375,670.0,638.8133544921875,103.0
2012-08-08,645.0,681.0,645.0,679.0,647.3943481445312,1195.0
2012-08-09,670.3499755859375,677.9500122070312,670.0,670.3499755859375,639.1470336914062,266.0
2012-08-10,680.0,682.0,670.0499877929688,672.7000122070312,641.3876953125,734.0
2012-08-13,749.0,749.0,670.5,675.0,643.5806274414062,1520.0
2012-08-14,673.0,685.0,670.0,674.5,643.1038818359375,294.0
2012-08-16,678.9500122070312,678.9500122070312,670.0,670.0,638.8133544921875,455.0
2012-08-17,675.0,675.0,670.0,670.6500244140625,639.4332275390625,367.0
2012-08-21,679.0,679.0,670.0,670.4000244140625,639.1947631835938,510.0
2012-08-22,698.7000122070312,698.7000122070312,669.0,669.9500122070312,638.7657470703125,2678.0
2012-08-23,665.0,673.0,663.0499877929688,666.0,634.99951171875,96.0
2012-08-24,675.0,675.0,657.0,667.0499877929688,636.0006103515625,560.0
2012-08-27,669.9000244140625,680.0,665.0,670.0,638.8133544921875,356.0
2012-08-28,655.0499877929688,680.0,643.0,651.2999877929688,620.9837646484375,3544.0
2012-08-29,665.0,665.0,641.0999755859375,645.1500244140625,615.1200561523438,186.0
2012-08-30,627.7000122070312,659.0,627.7000122070312,648.1500244140625,617.9804077148438,155.0
2012-08-31,650.0,670.0,643.0,646.0499877929688,615.9780883789062,118.0
2012-09-03,648.9500122070312,649.0,643.0499877929688,644.0,614.023681640625,188.0
2012-09-04,643.0,643.0,634.7000122070312,635.0999755859375,605.537841796875,622.0
2012-09-05,630.0999755859375,634.9500122070312,600.0,604.6500244140625,576.5051879882812,2508.0
2012-09-06,601.0499877929688,615.0,601.0499877929688,606.0,577.7924194335938,298.0
2012-09-07,615.0,630.0,610.0,610.0499877929688,581.6539306640625,271.0
2012-09-10,674.8499755859375,674.8499755859375,585.6500244140625,607.5999755859375,579.3178100585938,1476.0
2012-09-11,610.0,645.0,591.0,620.6500244140625,591.7605590820312,2691.0
2012-09-12,625.0,639.0,616.5,616.5,587.8036499023438,448.0
2012-09-13,610.1500244140625,612.0,601.2999877929688,607.0,578.7457885742188,852.0
2012-09-14,620.0,630.0,611.2999877929688,624.0,594.9545288085938,670.0
2012-09-17,632.0,633.9500122070312,612.9500122070312,614.75,586.1350708007812,98.0
2012-09-18,629.9500122070312,640.0,608.0,633.5,604.0123291015625,425.0
2012-09-20,633.4000244140625,633.4000244140625,617.5999755859375,627.9000244140625,598.6730346679688,318.0
2012-09-21,639.9500122070312,639.9500122070312,620.0,626.2999877929688,597.1474609375,1030.0
2012-09-24,625.0,639.9500122070312,615.0999755859375,631.0,601.6286010742188,493.0
2012-09-25,622.0499877929688,639.5,622.0,633.5,604.0123291015625,578.0
2012-09-26,625.0499877929688,635.0,620.0,629.7000122070312,600.3892211914062,1413.0
2012-09-27,634.0,634.0,630.0,630.0,600.67529296875,140.0
2012-09-28,626.5,638.0,622.0499877929688,632.0999755859375,602.6774291992188,71.0
2012-10-01,625.0,640.0,625.0,630.1500244140625,600.818359375,647.0
2012-10-03,640.0,644.5,626.75,636.75,607.111083984375,869.0
2012-10-04,640.0,669.0,640.0,659.8499755859375,629.1358642578125,2226.0
2012-10-05,644.0,651.0,635.0,650.0,619.7443237304688,1927.0
2012-10-08,658.0,669.0,645.0,649.25,619.0292358398438,708.0
2012-10-09,665.0,669.0,652.0,668.2000122070312,637.09716796875,895.0
2012-10-10,665.0,667.7999877929688,643.5,659.0999755859375,628.4207763671875,1065.0
2012-10-11,663.9500122070312,663.9500122070312,645.6500244140625,648.2999877929688,618.1234130859375,88.0
2012-10-12,666.0,666.0,635.5499877929688,649.1500244140625,618.9339599609375,436.0
2012-10-15,653.9500122070312,653.9500122070312,647.0,649.8499755859375,619.6012573242188,70.0
2012-10-16,645.0,645.0,628.5999755859375,632.6500244140625,603.2019653320312,876.0
2012-10-17,643.0,643.0,621.5499877929688,626.0,596.8614501953125,959.0
2012-10-18,640.0,642.7000122070312,630.0,639.5999755859375,609.8284912109375,505.0
2012-10-19,637.0,639.8499755859375,617.0,627.5,598.2915649414062,711.0
2012-10-22,625.0499877929688,638.7000122070312,621.2000122070312,628.8499755859375,599.5786743164062,585.0
2012-10-23,629.0,629.0,629.0,629.0,599.7218627929688,35.0
2012-10-25,654.0,654.0,626.2000122070312,630.4500122070312,601.1043090820312,341.0
2012-10-29,639.8499755859375,669.6500244140625,615.1500244140625,664.5499877929688,633.6170654296875,4356.0
2012-10-30,665.0,673.6500244140625,640.5,648.8499755859375,618.6477661132812,2071.0
2012-10-31,650.0,661.7999877929688,640.4000244140625,650.8499755859375,620.5546875,608.0
2012-11-01,648.5,659.5499877929688,641.3499755859375,655.75,625.2267456054688,317.0
2012-11-02,663.0,663.0,645.0,649.5999755859375,619.3629760742188,1047.0
2012-11-05,656.0,659.4500122070312,641.25,649.0,618.790771484375,497.0
2012-11-06,665.0,665.0,643.2000122070312,645.0,614.9769897460938,1214.0
2012-11-07,650.0,655.0,646.0,647.3499755859375,617.2176513671875,1673.0
2012-11-08,656.9500122070312,656.9500122070312,640.0999755859375,650.0,619.7443237304688,669.0
2012-11-09,650.0,667.0,646.0,649.8499755859375,619.6012573242188,18094.0
2012-11-12,650.0,653.9500122070312,638.0,640.2999877929688,610.4959106445312,1203.0
2012-11-15,649.9500122070312,650.0,641.5499877929688,650.0,619.7443237304688,2840.0
2012-11-16,650.0,650.0,644.0,649.1500244140625,618.9339599609375,4261.0
2012-11-19,645.0,663.8499755859375,645.0,650.0,619.7443237304688,1966.0
2012-11-20,653.0,655.0,638.0499877929688,646.0999755859375,616.0257568359375,1718.0
2012-11-21,649.9500122070312,650.0,626.0,631.6500244140625,602.2484741210938,2063.0
2012-11-22,635.25,663.0,624.0499877929688,652.3499755859375,621.98486328125,1933.0
2012-11-23,650.0,682.0,650.0,670.0499877929688,638.8610229492188,3114.0
2012-11-26,670.0499877929688,689.0,661.0,679.6500244140625,648.0142211914062,5537.0
2012-11-27,669.7999877929688,680.0,669.7999877929688,677.0999755859375,645.5828857421875,3974.0
2012-11-29,680.0,688.9500122070312,665.0,676.0,644.5341186523438,1297.0
2012-11-30,661.0499877929688,709.9500122070312,661.0,697.9000244140625,665.4146728515625,6727.0
2012-12-03,695.0,763.6500244140625,680.3499755859375,694.1500244140625,661.8392944335938,8367.0
2012-12-04,700.0,704.0499877929688,682.0499877929688,701.6500244140625,668.990234375,2578.0
2012-12-05,720.6500244140625,720.6500244140625,690.0499877929688,698.7000122070312,666.177490234375,3437.0
2012-12-06,725.4500122070312,725.4500122070312,698.7000122070312,702.2999877929688,669.60986328125,496.0
2012-12-07,719.9000244140625,719.9000244140625,689.9500122070312,701.2999877929688,668.6564331054688,2572.0
2012-12-10,730.0,757.0,720.0,741.6500244140625,707.1282348632812,12290.0
2012-12-11,750.0499877929688,765.0,740.0,749.1500244140625,714.2791748046875,7638.0
2012-12-12,749.1500244140625,758.8499755859375,726.75,755.2000122070312,720.0474853515625,3287.0
2012-12-13,745.0999755859375,749.9000244140625,728.0,732.6500244140625,698.5471801757812,1667.0
2012-12-14,753.5999755859375,753.5999755859375,730.9500122070312,731.6500244140625,697.5938110351562,1114.0
2012-12-17,745.4500122070312,761.75,738.0,747.25,712.4675903320312,1702.0
2012-12-18,750.0,761.9000244140625,745.0,749.5999755859375,714.7081298828125,956.0
2012-12-19,763.0,763.0,745.4000244140625,750.0499877929688,715.1372680664062,1392.0
2012-12-20,754.9000244140625,758.5,735.0999755859375,739.75,705.3167724609375,1538.0
2012-12-21,748.0,754.5,736.0,746.4500122070312,711.704833984375,1472.0
2012-12-24,754.5,754.5,742.0,746.5,711.7525024414062,464.0
2012-12-26,759.5,760.0499877929688,740.0,752.3499755859375,717.3301391601562,690.0
2012-12-27,750.0,759.7999877929688,740.25,753.0999755859375,718.0452270507812,291.0
2012-12-28,763.0,764.5,742.0,742.5,707.938720703125,386.0
2012-12-31,753.0,753.4500122070312,739.0999755859375,740.0,705.5550537109375,1182.0
2013-01-01,759.7999877929688,759.7999877929688,735.0999755859375,737.3499755859375,703.0284423828125,1533.0
2013-01-02,749.8499755859375,771.0499877929688,749.8499755859375,756.5,721.2870483398438,6159.0
2013-01-03,756.5,763.5,737.1500244140625,745.25,710.5606079101562,1989.0
2013-01-04,745.0,749.0,731.0,747.5999755859375,712.80126953125,1387.0
2013-01-07,748.5,748.5,730.0499877929688,735.7999877929688,701.550537109375,768.0
2013-01-08,749.0,749.0,722.5499877929688,725.7000122070312,691.920654296875,2095.0
2013-01-09,735.7999877929688,735.7999877929688,715.7999877929688,724.0499877929688,690.347412109375,7762.0
2013-01-10,734.9500122070312,747.5999755859375,722.25,726.0999755859375,692.302001953125,764.0
2013-01-11,733.7999877929688,733.7999877929688,715.0,722.4000244140625,688.7742919921875,1685.0
2013-01-14,729.0,740.0,715.0,727.5,693.6368408203125,232.0
2013-01-15,750.0,750.0,711.0,730.0,696.0205078125,2648.0
2013-01-16,730.0,734.9000244140625,722.0,729.9500122070312,695.9728393554688,1158.0
2013-01-17,729.0,729.0,723.0,724.0,690.2998046875,42.0
2013-01-18,730.0,730.0,718.0,718.7999877929688,685.3418579101562,793.0
2013-01-21,715.5499877929688,715.5499877929688,700.0999755859375,701.25,668.6087036132812,2452.0
2013-01-22,704.0,718.0,690.0,693.0,660.7427368164062,942.0
2013-01-23,695.0999755859375,704.9000244140625,668.0,691.5499877929688,659.3602294921875,3952.0
2013-01-24,691.0,691.0,680.0999755859375,681.7999877929688,650.0641479492188,2193.0
2013-01-25,682.0499877929688,689.9500122070312,681.1500244140625,681.1500244140625,649.4443969726562,602.0
2013-01-28,685.0,690.0,680.0999755859375,682.2999877929688,650.5408325195312,164.0
2013-01-29,673.0,682.0,664.25,666.7999877929688,635.7623291015625,1370.0
2013-01-30,665.0,675.0,655.7000122070312,669.0,637.85986328125,776.0
2013-01-31,675.0,675.0,667.0,668.5,637.3831787109375,284.0
2013-02-01,665.0,679.0,640.5499877929688,650.5,620.2210083007812,1103.0
2013-02-04,658.9000244140625,670.0,644.9500122070312,657.6500244140625,627.0382690429688,3161.0
2013-02-05,655.5999755859375,656.0,624.9500122070312,632.2999877929688,602.8681640625,1427.0
2013-02-06,622.0499877929688,652.0,622.0,645.5499877929688,615.5014038085938,883.0
2013-02-07,645.0,653.9000244140625,623.0,651.2999877929688,620.9837646484375,406.0
2013-02-08,635.1500244140625,649.9000244140625,622.8499755859375,629.9500122070312,600.6275634765625,6553.0
2013-02-11,635.7999877929688,639.7999877929688,611.1500244140625,616.5499877929688,587.8512573242188,2863.0
2013-02-12,625.0,629.7000122070312,595.4000244140625,610.4500122070312,582.0352783203125,5276.0
2013-02-13,605.0,616.0,594.0,598.5,570.6414794921875,1225.0
2013-02-14,599.0,599.0,554.6500244140625,594.9500122070312,567.2567138671875,4800.0
2013-02-15,594.9500122070312,600.0,582.0,593.1500244140625,565.54052734375,3814.0
2013-02-18,596.0,596.0,556.6500244140625,580.25,553.2410278320312,4104.0
2013-02-19,590.0,619.7000122070312,590.0,613.9500122070312,585.372314453125,465.0
2013-02-20,625.0,672.9500122070312,600.6500244140625,608.5,580.1759643554688,36735.0
2013-02-21,605.25,615.0,585.25,606.7000122070312,578.4597778320312,2839.0
2013-02-22,585.0,618.25,580.1500244140625,613.4500122070312,584.8955078125,972.0
2013-02-25,629.9500122070312,629.9500122070312,608.0,611.7999877929688,583.3224487304688,1263.0
2013-02-26,602.0,619.7000122070312,602.0,606.0499877929688,577.8399658203125,1184.0
2013-02-27,615.0,638.0,615.0,634.75,605.2041015625,3851.0
2013-02-28,640.8499755859375,640.8499755859375,610.0999755859375,616.7000122070312,587.9943237304688,1826.0
2013-03-01,625.0,637.7999877929688,613.1500244140625,617.2000122070312,588.4710083007812,979.0
2013-03-04,630.0,630.0,593.0,602.0,573.9786376953125,1934.0
2013-03-05,615.0,658.0,590.0,603.2000122070312,575.1226806640625,1384.0
2013-03-06,615.7999877929688,619.8499755859375,609.0,614.2999877929688,585.7059936523438,278.0
2013-03-07,614.0,616.4500122070312,599.0,605.5999755859375,577.4109497070312,3773.0
2013-03-08,605.0,612.0999755859375,591.0,597.7999877929688,569.9740600585938,1950.0
2013-03-11,600.0,607.0,600.0,604.9500122070312,576.791259765625,50.0
2013-03-12,614.9500122070312,625.0,605.0,610.25,581.8445434570312,1120.0
2013-03-13,610.0,610.0,595.0,600.2000122070312,572.262451171875,260.0
2013-03-14,600.0,600.0,590.0,593.9000244140625,566.2556762695312,367.0
2013-03-15,604.0,611.0,600.0,608.7000122070312,580.3666381835938,2843.0
2013-03-18,730.0,730.0,600.0,605.0,576.8388671875,844.0
2013-03-19,614.9500122070312,615.0,595.0,596.6500244140625,568.8776245117188,2055.0
2013-03-20,599.6500244140625,599.7000122070312,587.0499877929688,589.8499755859375,562.3941040039062,1300.0
2013-03-21,591.0,593.0,580.0,585.9500122070312,558.6756591796875,314.0
2013-03-22,578.0,585.0,574.0,575.2999877929688,548.5213012695312,1490.0
2013-03-25,589.8499755859375,589.8499755859375,554.0,557.8499755859375,531.8836059570312,2793.0
2013-03-26,565.0,574.9500122070312,555.0,559.5999755859375,533.5521240234375,1394.0
2013-03-28,565.0,565.0,550.0,553.0499877929688,527.3070068359375,583.0
2013-04-01,550.0,574.9500122070312,541.0999755859375,564.5,538.22412109375,296.0
2013-04-02,560.0,573.0,560.0,572.9500122070312,546.2808227539062,177.0
2013-04-03,575.0,590.0,575.0,586.0499877929688,558.77099609375,991.0
2013-04-04,588.5,590.0,561.1500244140625,590.0,562.537109375,2988.0
2013-04-05,585.0,590.0,570.5499877929688,588.7000122070312,561.2976684570312,228.0
2013-04-08,589.9000244140625,589.9500122070312,575.0,582.4500122070312,555.338623046875,61.0
2013-04-09,585.0,587.9500122070312,565.0999755859375,565.4000244140625,539.0821533203125,138.0
2013-04-10,530.1500244140625,569.9500122070312,470.0,508.8500061035156,488.6212463378906,19417.0
2013-04-11,519.0,529.9500122070312,510.0,517.0,496.4472961425781,1838.0
2013-04-12,500.0,508.95001220703125,491.0,499.79998779296875,479.9310607910156,845.0
2013-04-15,491.20001220703125,506.95001220703125,490.25,503.95001220703125,483.91607666015625,2341.0
2013-04-16,502.0,512.9000244140625,495.0,510.79998779296875,490.4937438964844,397.0
2013-04-17,510.0,515.0,495.0,505.45001220703125,485.3564147949219,605.0
2013-04-18,508.5,512.9500122070312,495.04998779296875,500.0,480.1231384277344,50.0
2013-04-22,419.0,508.79998779296875,419.0,504.8999938964844,484.8282470703125,482.0
2013-04-23,510.0,510.0,500.20001220703125,501.0,481.0833435058594,245.0
2013-04-25,510.0,518.8499755859375,501.45001220703125,502.79998779296875,482.8117370605469,160.0
2013-04-26,500.5,501.5,498.0,499.95001220703125,480.0751037597656,268.0
2013-04-29,499.75,502.95001220703125,482.6000061035156,486.95001220703125,467.59185791015625,558.0
2013-04-30,499.95001220703125,504.95001220703125,476.04998779296875,491.70001220703125,472.153076171875,1228.0
2013-05-02,505.0,515.0,500.0,504.95001220703125,484.8763427734375,877.0
2013-05-03,507.95001220703125,507.95001220703125,490.0,494.1499938964844,474.505615234375,192.0
2013-05-06,504.0,514.75,504.0,510.04998779296875,489.7735595703125,395.0
2013-05-07,514.0,549.9000244140625,514.0,539.0499877929688,517.6207885742188,2317.0
2013-05-08,530.0,535.0,525.0,525.0,504.12921142578125,622.0
2013-05-09,530.0,531.0,530.0,531.0,509.8906555175781,27.0
2013-05-10,514.0,541.0499877929688,514.0,537.0,515.6521606445312,640.0
2013-05-13,530.0,531.9500122070312,514.5,523.0,502.20880126953125,401.0
2013-05-14,520.6500244140625,534.5,520.6500244140625,521.5,500.7684020996094,117.0
2013-05-15,521.0499877929688,527.9500122070312,514.2000122070312,518.4000244140625,497.7916564941406,759.0
2013-05-16,520.0,549.9000244140625,510.1499938964844,527.9500122070312,506.9620056152344,1223.0
2013-05-17,518.75,539.3499755859375,518.0,527.7999877929688,506.8179016113281,767.0
2013-05-20,530.0,541.0,511.5,519.1500244140625,498.51177978515625,2329.0
2013-05-21,508.0,515.0,455.04998779296875,473.6499938964844,454.82061767578125,48874.0
2013-05-22,441.1000061035156,443.0,431.1000061035156,433.8500061035156,416.6028137207031,181530.0
2013-05-23,439.8500061035156,439.8999938964844,422.3999938964844,429.6499938964844,412.56982421875,14574.0
2013-05-24,431.0,439.0,427.0,434.25,416.9869079589844,51890.0
2013-05-27,431.95001220703125,439.0,430.0,435.79998779296875,418.4753112792969,22292.0
2013-05-28,438.0,438.0,435.04998779296875,437.5,420.10772705078125,2330.0
2013-05-29,435.8500061035156,437.5,430.1000061035156,435.1000061035156,417.8031311035156,7699.0
2013-05-30,444.8999938964844,455.0,421.95001220703125,445.5,427.7896423339844,19124.0
2013-05-31,436.25,438.79998779296875,428.0,429.79998779296875,412.7138366699219,2404.0
2013-06-03,430.0,437.8500061035156,430.0,435.0,417.70709228515625,3232.0
2013-06-04,437.0,439.95001220703125,426.04998779296875,429.29998779296875,412.23370361328125,3308.0
2013-06-05,437.54998779296875,437.54998779296875,432.5,433.04998779296875,415.8345947265625,4136.0
2013-06-06,438.8999938964844,440.0,429.75,430.1499938964844,413.04986572265625,8476.0
2013-06-07,431.0,432.0,426.25,427.20001220703125,410.2171936035156,1137.0
2013-06-10,427.0,427.0,420.0,420.8999938964844,404.1676025390625,2124.0
2013-06-11,416.25,419.79998779296875,412.1000061035156,416.0,399.4624328613281,1237.0
2013-06-12,419.0,426.70001220703125,411.6499938964844,414.04998779296875,397.58990478515625,2158.0
2013-06-13,420.8999938964844,420.8999938964844,409.6499938964844,415.3500061035156,398.8382873535156,2028.0
2013-06-14,414.04998779296875,415.75,401.70001220703125,412.0,395.6214294433594,2307.0
2013-06-17,412.0,412.0,408.0,410.0,393.700927734375,1325.0
2013-06-18,406.25,414.0,406.20001220703125,410.0,393.700927734375,590.0
2013-06-19,417.3999938964844,435.0,417.3999938964844,426.75,409.78509521484375,8573.0
2013-06-20,418.0,428.0,418.0,421.20001220703125,404.4557189941406,2222.0
2013-06-21,420.0,426.95001220703125,414.95001220703125,415.1499938964844,398.6462097167969,2064.0
2013-06-24,419.79998779296875,419.79998779296875,400.04998779296875,400.6499938964844,384.72265625,2059.0
2013-06-25,404.5,404.5,391.1000061035156,395.29998779296875,379.5853271484375,1205.0
2013-06-26,389.0,420.95001220703125,351.20001220703125,396.54998779296875,380.7855529785156,2929.0
2013-06-27,406.0,406.0,383.0,385.6000061035156,370.2709045410156,3533.0
2013-06-28,387.0,397.0,387.0,395.04998779296875,379.34521484375,787.0
2013-07-01,396.20001220703125,407.70001220703125,396.0,400.8500061035156,384.91473388671875,1265.0
2013-07-02,401.0,401.0,396.04998779296875,400.70001220703125,384.7706604003906,324.0
2013-07-03,397.29998779296875,400.0,385.5,397.1499938964844,381.36175537109375,648.0
2013-07-04,405.0,405.0,390.1499938964844,395.0,379.2972106933594,2080.0
2013-07-05,405.0,413.0,399.1000061035156,406.20001220703125,390.052001953125,5152.0
2013-07-08,406.0,413.95001220703125,401.0,410.0,393.700927734375,152.0
2013-07-09,413.5,413.79998779296875,402.8999938964844,410.0,393.700927734375,4202.0
2013-07-10,410.0,412.6499938964844,403.95001220703125,412.5,396.1015319824219,3279.0
2013-07-11,417.0,418.0,411.29998779296875,413.95001220703125,397.4939270019531,5151.0
2013-07-12,406.04998779296875,420.8500061035156,406.04998779296875,413.79998779296875,397.349853515625,10678.0
2013-07-15,425.0,425.0,413.0,415.0,398.50213623046875,6836.0
2013-07-16,411.79998779296875,415.0,410.0,412.6000061035156,396.1976013183594,1293.0
2013-07-17,419.8999938964844,419.95001220703125,410.0,413.25,396.82171630859375,2170.0
2013-07-18,420.0,420.0,410.0,411.54998779296875,395.1893005371094,630.0
2013-07-19,410.0,413.04998779296875,410.0,410.3500061035156,394.0369873046875,2035.0
2013-07-22,410.04998779296875,410.79998779296875,410.0,410.0,393.700927734375,2141.0
2013-07-23,407.45001220703125,417.45001220703125,405.0,410.0,393.700927734375,2033.0
2013-07-24,409.1000061035156,414.6000061035156,400.54998779296875,410.45001220703125,394.1330261230469,5049.0
2013-07-25,410.0,410.0,406.1000061035156,407.54998779296875,391.34832763671875,677.0
2013-07-26,407.0,420.0,407.0,417.75,401.1428527832031,29525.0
2013-07-29,409.0,409.75,401.0,402.1000061035156,386.1150207519531,15675.0
2013-07-30,405.0,405.0,390.1000061035156,391.45001220703125,375.8883972167969,16479.0
2013-07-31,385.0,388.8999938964844,355.0,373.8500061035156,358.988037109375,10989.0
2013-08-01,371.04998779296875,380.04998779296875,365.0,367.3999938964844,352.7944641113281,6372.0
2013-08-02,367.0,373.25,361.0,363.1000061035156,348.6653747558594,1435.0
2013-08-05,379.95001220703125,435.5,360.1000061035156,363.95001220703125,349.48162841796875,3952.0
2013-08-06,365.04998779296875,365.04998779296875,347.0,348.8999938964844,335.0299072265625,1358.0
2013-08-07,346.75,367.8500061035156,337.0,355.20001220703125,341.0794677734375,1558.0
2013-08-08,359.0,359.0,350.0,356.20001220703125,342.0397033691406,2010.0
2013-08-12,359.45001220703125,360.0,352.45001220703125,355.3500061035156,341.2234802246094,1010.0
2013-08-13,367.0,367.95001220703125,346.3500061035156,358.8999938964844,344.63232421875,6265.0
2013-08-14,359.0,368.8999938964844,355.5,360.79998779296875,346.45684814453125,509.0
2013-08-16,360.0,360.04998779296875,350.0,350.1000061035156,336.18218994140625,1929.0
2013-08-19,350.1499938964844,358.0,347.5,349.75,335.8460998535156,993.0
2013-08-20,349.20001220703125,355.0,345.04998779296875,350.8500061035156,336.90234375,595.0
2013-08-21,361.25,361.25,345.0,347.29998779296875,333.4934997558594,630.0
2013-08-22,347.04998779296875,349.8500061035156,347.0,347.1000061035156,333.30145263671875,2048.0
2013-08-23,347.25,353.29998779296875,341.5,348.0,334.1656799316406,1325.0
2013-08-26,340.0,358.0,340.0,354.1000061035156,340.023193359375,827.0
2013-08-27,341.6499938964844,354.6000061035156,341.6499938964844,346.29998779296875,332.53326416015625,727.0
2013-08-28,346.0,346.25,339.0,343.8500061035156,330.1806640625,1573.0
2013-08-29,344.0,348.95001220703125,340.0,344.20001220703125,330.5167541503906,150.0
2013-08-30,342.0,344.0,339.0,343.5,329.84454345703125,186.0
2013-09-02,350.0,350.0,327.29998779296875,345.95001220703125,332.1971435546875,3498.0
2013-09-03,349.75,349.79998779296875,339.5,348.45001220703125,334.5978088378906,257.0
2013-09-04,333.0,349.3999938964844,332.8500061035156,347.45001220703125,333.63751220703125,5154.0
2013-09-05,349.5,350.0,340.0,343.8999938964844,330.2286682128906,1271.0
2013-09-06,343.25,347.8999938964844,343.0,343.0,329.36444091796875,2167.0
2013-09-10,349.8500061035156,349.8999938964844,344.5,347.45001220703125,333.63751220703125,971.0
2013-09-11,344.20001220703125,368.5,344.20001220703125,364.8500061035156,350.3458251953125,1966.0
2013-09-12,370.0,376.0,369.0,370.04998779296875,355.3390808105469,1046.0
2013-09-13,372.0,383.79998779296875,372.0,380.95001220703125,365.8057861328125,392.0
2013-09-16,390.79998779296875,394.5,385.0,390.0,374.49603271484375,857.0
2013-09-17,385.0,386.95001220703125,371.75,383.75,368.4945068359375,1499.0
2013-09-18,375.04998779296875,388.0,375.04998779296875,381.04998779296875,365.9017639160156,397.0
2013-09-19,375.04998779296875,399.8999938964844,375.0,393.6000061035156,377.9529113769531,2602.0
2013-09-20,384.1000061035156,399.5,384.1000061035156,394.25,378.5770568847656,885.0
2013-09-23,409.25,409.25,387.54998779296875,394.45001220703125,378.7691345214844,355.0
2013-09-24,394.5,394.5,385.0,385.5,370.1749572753906,233.0
2013-09-25,437.95001220703125,437.95001220703125,385.0,385.0,369.6947937011719,127.0
2013-09-26,394.95001220703125,395.0,387.79998779296875,391.1000061035156,375.55230712890625,947.0
2013-09-27,395.0,395.0,384.0,388.8500061035156,373.3916931152344,156.0
2013-09-30,384.0,389.0,377.25,377.25,362.25286865234375,346.0
2013-10-01,377.04998779296875,382.20001220703125,377.0,382.04998779296875,366.862060546875,106.0
2013-10-03,380.25,388.95001220703125,380.25,387.8999938964844,372.4795227050781,593.0
2013-10-04,387.0,390.0,381.5,381.5,366.3338623046875,346.0
2013-10-07,375.1499938964844,381.04998779296875,375.1499938964844,380.0,364.8935546875,351.0
2013-10-08,384.6000061035156,385.0,370.04998779296875,375.6000061035156,360.6684875488281,7961.0
2013-10-09,375.0,375.0,372.0,373.54998779296875,358.699951171875,241.0
2013-10-10,389.95001220703125,400.0,386.20001220703125,388.1000061035156,372.6715087890625,598.0
2013-10-11,391.0,391.0,378.0,387.3500061035156,371.9513854980469,1494.0
2013-10-14,389.0,389.0,380.5,382.45001220703125,367.24615478515625,1408.0
2013-10-15,402.0,402.0,380.5,383.0,367.7742614746094,1424.0
2013-10-17,385.0,385.1000061035156,381.0,384.95001220703125,369.6467590332031,270.0
2013-10-18,380.0,389.79998779296875,378.0,381.6000061035156,366.429931640625,2880.0
2013-10-21,380.1499938964844,388.75,380.1000061035156,384.95001220703125,369.6467590332031,802.0
2013-10-22,388.0,390.0,385.0,385.54998779296875,370.222900390625,1186.0
2013-10-23,390.0,390.0,386.04998779296875,389.70001220703125,374.20794677734375,155.0
2013-10-24,382.3500061035156,390.0,381.20001220703125,385.45001220703125,370.12689208984375,956.0
2013-10-25,376.6000061035156,386.5,376.3999938964844,386.04998779296875,370.7030029296875,2240.0
2013-10-28,382.1000061035156,382.20001220703125,380.0,380.0,364.8935546875,237.0
2013-10-29,380.5,388.20001220703125,378.0,381.0,365.8538513183594,2690.0
2013-10-30,381.25,388.95001220703125,380.0,380.1499938964844,365.03759765625,1156.0
2013-10-31,378.8999938964844,386.5,378.8999938964844,384.6499938964844,369.358642578125,1395.0
2013-11-01,375.04998779296875,390.8999938964844,375.04998779296875,384.95001220703125,369.6467590332031,11580.0
2013-11-05,387.0,392.29998779296875,386.04998779296875,389.95001220703125,374.447998046875,1590.0
2013-11-06,394.0,395.0,388.0,389.1000061035156,373.6318054199219,11432.0
2013-11-07,389.1000061035156,413.8999938964844,389.0,409.3500061035156,393.0767517089844,10421.0
2013-11-08,415.0,415.0,401.1000061035156,404.04998779296875,387.98748779296875,254.0
2013-11-11,400.0,400.0,390.0,393.5,377.8569030761719,599.0
2013-11-12,400.0,400.0,387.04998779296875,387.95001220703125,372.5274963378906,1616.0
2013-11-13,380.0,389.0,380.0,386.20001220703125,370.8470458984375,2270.0
2013-11-14,392.95001220703125,392.95001220703125,380.0,381.54998779296875,366.3819274902344,2032.0
2013-11-18,383.8999938964844,392.95001220703125,379.95001220703125,384.45001220703125,369.1666564941406,5063.0
2013-11-19,394.5,394.5,383.25,388.8999938964844,373.4397277832031,2536.0
2013-11-20,395.95001220703125,395.95001220703125,384.0,388.6499938964844,373.1996765136719,1956.0
2013-11-21,395.0,401.79998779296875,384.6000061035156,386.45001220703125,371.0871276855469,6885.0
2013-11-22,392.8500061035156,401.70001220703125,390.0,394.45001220703125,378.7691345214844,1886.0
2013-11-25,400.0,405.0,400.0,400.1499938964844,384.24249267578125,949.0
2013-11-26,405.0,418.5,395.20001220703125,409.04998779296875,392.7886657714844,1062.0
2013-11-27,400.0,416.3999938964844,385.04998779296875,410.0,393.700927734375,1665.0
2013-11-28,415.0,421.70001220703125,412.95001220703125,415.04998779296875,398.5501403808594,1819.0
2013-11-29,401.1000061035156,421.0,395.1499938964844,412.79998779296875,396.38958740234375,2492.0
2013-12-02,410.0,414.0,406.5,413.1499938964844,396.7256774902344,1009.0
2013-12-03,416.95001220703125,419.8999938964844,410.20001220703125,416.8500061035156,400.27862548828125,1725.0
2013-12-04,419.5,419.5,411.0,417.75,401.1428527832031,2118.0
2013-12-05,420.0,420.0,410.1000061035156,416.70001220703125,400.1346130371094,3169.0
2013-12-06,415.0,419.5,410.1499938964844,411.0,394.66119384765625,607.0
2013-12-09,410.0,414.8500061035156,402.04998779296875,413.1000061035156,396.67767333984375,1453.0
2013-12-10,410.0,412.95001220703125,400.25,405.8999938964844,389.7638854980469,2038.0
2013-12-11,400.0,420.0,400.0,407.0,390.8201904296875,795.0
2013-12-12,401.70001220703125,410.0,400.0,410.0,393.700927734375,41622.0
2013-12-13,414.0,417.95001220703125,403.0,416.75,400.18255615234375,515.0
2013-12-16,410.0,414.5,405.04998779296875,407.8500061035156,391.6363830566406,593.0
2013-12-17,408.04998779296875,411.6499938964844,403.04998779296875,403.6499938964844,387.6033630371094,1870.0
2013-12-18,405.0,414.6499938964844,402.5,403.6000061035156,387.555419921875,804.0
2013-12-19,401.04998779296875,423.0,401.0,416.04998779296875,399.51043701171875,30502.0
2013-12-20,410.1499938964844,424.8999938964844,386.0,423.20001220703125,406.3761901855469,6087.0
2013-12-23,424.04998779296875,426.5,414.95001220703125,415.75,399.22235107421875,480.0
2013-12-24,424.8500061035156,429.0,411.0,414.1499938964844,397.68597412109375,804.0
2013-12-26,417.0,425.0,412.0,413.6000061035156,397.1578369140625,2657.0
2013-12-27,420.0,422.04998779296875,419.0,420.29998779296875,403.59149169921875,1125.0
2013-12-30,422.0,425.04998779296875,419.0,420.6499938964844,403.9275817871094,4927.0
2013-12-31,418.70001220703125,422.0,417.0,419.8500061035156,403.1593933105469,1256.0
2014-01-01,421.0,421.1000061035156,418.0,419.6000061035156,402.9192810058594,1663.0
2014-01-02,416.04998779296875,420.5,404.0,411.6000061035156,395.2372741699219,2369.0
2014-01-03,410.0,419.0,409.0,414.79998779296875,398.31011962890625,1183.0
2014-01-06,424.8999938964844,424.95001220703125,415.0,417.54998779296875,400.9508056640625,3557.0
2014-01-07,416.0,425.0,410.0,411.6499938964844,395.28533935546875,2042.0
2014-01-08,419.5,419.5,410.0,411.54998779296875,395.1893005371094,2172.0
2014-01-09,412.0,418.70001220703125,412.0,415.1499938964844,398.6462097167969,923.0
2014-01-10,416.75,416.75,409.0,410.3500061035156,394.0369873046875,619.0
2014-01-13,415.0,415.8500061035156,411.0,411.20001220703125,394.853271484375,1249.0
2014-01-14,411.04998779296875,417.5,410.5,415.0,398.50213623046875,335.0
2014-01-15,412.5,416.8999938964844,411.0,414.5,398.02203369140625,360.0
2014-01-16,405.3999938964844,411.0,400.29998779296875,409.75,393.4609069824219,1463.0
2014-01-17,405.25,413.70001220703125,400.1000061035156,404.8999938964844,388.80364990234375,5271.0
2014-01-20,415.0,416.0,409.0,412.3500061035156,395.9574890136719,6855.0
2014-01-21,410.54998779296875,412.0,407.6499938964844,411.79998779296875,395.4293518066406,1148.0
2014-01-22,412.0,412.0,405.04998779296875,405.6000061035156,389.475830078125,6550.0
2014-01-23,401.04998779296875,410.0,401.04998779296875,404.54998779296875,388.46759033203125,1301.0
2014-01-24,403.3500061035156,406.0,401.1499938964844,403.04998779296875,387.0272216796875,1583.0
2014-01-27,400.29998779296875,409.0,400.29998779296875,402.54998779296875,386.5470886230469,762.0
2014-01-28,420.0,434.0,402.0,408.45001220703125,392.2125549316406,26642.0
2014-01-29,404.0,414.95001220703125,404.0,406.1000061035156,389.95599365234375,6775.0
2014-01-30,404.3999938964844,408.70001220703125,395.0,401.29998779296875,385.3467712402344,5007.0
2014-01-31,402.0,409.0,400.0,401.75,385.7789001464844,4629.0
2014-02-03,402.0,406.5,396.54998779296875,401.95001220703125,385.9709777832031,6574.0
2014-02-04,405.0,405.0,400.3500061035156,404.0,387.9394226074219,2597.0
2014-02-05,405.0,405.0,401.8999938964844,401.95001220703125,385.9709777832031,229.0
2014-02-06,401.20001220703125,404.95001220703125,400.0,402.5,386.4991149902344,523.0
2014-02-07,410.0,410.0,402.0,403.1000061035156,387.0751953125,424.0
2014-02-10,398.5,409.8999938964844,398.5,403.8999938964844,387.8434753417969,1663.0
2014-02-11,405.0,406.45001220703125,402.5,404.79998779296875,388.7076721191406,1681.0
2014-02-12,404.0,408.0,403.0,406.0,389.8599548339844,2734.0
2014-02-13,407.0,407.0,403.5,403.6000061035156,387.555419921875,1013.0
2014-02-14,407.0,407.0,403.0,405.0,388.8996887207031,2517.0
2014-02-17,408.8999938964844,408.8999938964844,400.0,403.1499938964844,387.123291015625,3920.0
2014-02-18,401.04998779296875,405.0,398.0,401.0,385.0587158203125,2038.0
2014-02-19,401.04998779296875,408.0,400.04998779296875,401.6499938964844,385.6828918457031,2195.0
2014-02-20,402.0,405.95001220703125,400.04998779296875,403.0,386.9792175292969,774.0
2014-02-21,403.0,408.0,401.95001220703125,401.95001220703125,385.9709777832031,232.0
2014-02-24,404.95001220703125,405.0,402.0,403.0,386.9792175292969,995.0
2014-02-25,407.79998779296875,407.79998779296875,400.6000061035156,401.0,385.0587158203125,566.0
2014-02-26,405.0,406.8500061035156,392.54998779296875,395.0,379.2972106933594,55377.0
2014-02-28,403.8999938964844,403.8999938964844,395.0,400.04998779296875,384.1464538574219,13878.0
2014-03-03,402.0,416.29998779296875,400.04998779296875,404.70001220703125,388.6116638183594,15472.0
2014-03-04,404.25,419.5,404.25,413.45001220703125,397.0137634277344,19391.0
2014-03-05,419.8999938964844,419.8999938964844,410.25,418.04998779296875,401.430908203125,4614.0
2014-03-06,424.0,454.6499938964844,416.0,446.54998779296875,428.7979431152344,38763.0
2014-03-07,455.0,455.0,422.6499938964844,425.75,408.8247985839844,14881.0
2014-03-10,428.45001220703125,430.0,419.8999938964844,420.0,403.30340576171875,3407.0
2014-03-11,425.0,425.0,413.3500061035156,415.8500061035156,399.318359375,1888.0
2014-03-12,415.04998779296875,424.0,415.04998779296875,416.1000061035156,399.5584411621094,3050.0
2014-03-13,418.6000061035156,422.0,407.0,410.5,394.1810607910156,3211.0
2014-03-14,407.29998779296875,420.0,407.29998779296875,419.3500061035156,402.6792297363281,2622.0
2014-03-18,428.0,443.95001220703125,426.0,430.1499938964844,413.04986572265625,14864.0
2014-03-19,431.54998779296875,435.04998779296875,417.0,425.1000061035156,408.2006530761719,6254.0
2014-03-20,425.0,433.0,423.1499938964844,430.6000061035156,413.4820251464844,769.0
2014-03-21,443.5,443.5,430.0,438.1499938964844,420.7318420410156,1915.0
2014-03-24,448.70001220703125,479.3999938964844,444.95001220703125,465.29998779296875,446.80255126953125,43199.0
2014-03-25,469.95001220703125,474.95001220703125,465.3500061035156,474.04998779296875,455.2047119140625,22911.0
2014-03-26,474.95001220703125,484.0,465.3500061035156,474.1499938964844,455.30072021484375,20324.0
2014-03-27,475.04998779296875,487.0,473.0,477.79998779296875,458.80560302734375,83874.0
2014-03-28,485.0,490.0,475.25,477.25,458.27752685546875,8120.0
2014-03-31,472.04998779296875,479.0,460.04998779296875,465.79998779296875,447.28265380859375,5881.0
2014-04-01,479.75,479.79998779296875,467.0,472.1499938964844,453.3802185058594,5021.0
2014-04-02,468.04998779296875,479.95001220703125,468.04998779296875,476.8500061035156,457.8934020996094,2102.0
2014-04-03,479.95001220703125,480.0,474.0,477.3500061035156,458.3735046386719,2773.0
2014-04-04,472.0,479.0,461.25,470.8500061035156,452.1319274902344,4000.0
2014-04-07,475.0,478.95001220703125,465.0,469.1499938964844,450.49951171875,1089.0
2014-04-09,477.5,477.5,469.0,470.0,451.3157043457031,6932.0
2014-04-10,480.0,490.0,468.0,468.95001220703125,450.3074645996094,14868.0
2014-04-11,480.0,480.0,465.6000061035156,470.29998779296875,451.6037902832031,3874.0
2014-04-15,471.04998779296875,483.8999938964844,469.0,478.75,459.71783447265625,6009.0
2014-04-16,478.0,483.8999938964844,472.0,474.95001220703125,459.9115295410156,8510.0
2014-04-17,479.8500061035156,480.0,472.25,475.5,460.4441223144531,6307.0
2014-04-21,483.95001220703125,490.0,481.1499938964844,487.54998779296875,472.112548828125,8625.0
2014-04-22,489.95001220703125,490.0,475.0,485.25,469.8854064941406,5027.0
2014-04-23,488.8999938964844,489.79998779296875,477.3999938964844,485.8500061035156,470.4664001464844,5653.0
2014-04-24,485.8500061035156,485.8500061035156,485.8500061035156,485.8500061035156,470.4664001464844,0.0
2014-04-25,486.0,488.75,477.5,480.1000061035156,464.89849853515625,5637.0
2014-04-28,486.95001220703125,487.70001220703125,481.0,486.1499938964844,470.75689697265625,9936.0
2014-04-29,486.0,488.95001220703125,477.0,484.6499938964844,469.30438232421875,11019.0
2014-04-30,474.1000061035156,474.1000061035156,443.0,461.45001220703125,446.8390197753906,31161.0
2014-05-02,464.5,464.5,448.29998779296875,451.75,437.44610595703125,3033.0
2014-05-05,451.75,458.95001220703125,441.04998779296875,455.8500061035156,441.4162902832031,4103.0
2014-05-06,456.04998779296875,456.04998779296875,446.0,453.79998779296875,439.4311828613281,1089.0
2014-05-07,450.1499938964844,450.5,431.0,439.75,425.8260803222656,4231.0
2014-05-08,434.04998779296875,445.0,431.0,432.45001220703125,418.7572326660156,2541.0
2014-05-09,454.70001220703125,454.70001220703125,433.6499938964844,441.8999938964844,427.907958984375,7726.0
2014-05-12,441.6499938964844,459.5,441.6000061035156,454.70001220703125,440.3027038574219,3121.0
2014-05-13,451.3500061035156,455.0,440.0,446.29998779296875,432.1686706542969,1881.0
2014-05-14,450.0,450.0,439.0,440.1499938964844,426.2134094238281,3602.0
2014-05-15,442.1499938964844,447.0,440.0,441.95001220703125,427.9563903808594,1742.0
2014-05-16,450.0,455.0,425.0,444.25,430.1835632324219,2386.0
2014-05-19,457.79998779296875,485.0,444.3999938964844,449.45001220703125,435.2189636230469,2368.0
2014-05-20,458.0,469.79998779296875,451.1499938964844,463.8999938964844,449.2113952636719,80968.0
2014-05-21,470.0,474.79998779296875,455.0,472.25,457.2970275878906,7011.0
2014-05-22,466.5,505.0,466.25,491.04998779296875,475.501708984375,14487.0
2014-05-23,485.5,501.0,484.25,494.75,479.0845947265625,9844.0
2014-05-26,490.0,507.0,484.0,497.6000061035156,481.8443603515625,7700.0
2014-05-27,493.0,498.95001220703125,485.25,494.95001220703125,479.27825927734375,1604.0
2014-05-28,490.0,497.75,482.25,486.3999938964844,470.99896240234375,2046.0
2014-05-29,490.0,495.04998779296875,490.0,492.04998779296875,476.4701232910156,929.0
2014-05-30,497.0,499.0,488.0,489.45001220703125,473.952392578125,1464.0
2014-06-02,495.0,503.0,493.29998779296875,498.8500061035156,483.05474853515625,4976.0
2014-06-03,497.0,498.1000061035156,485.20001220703125,496.45001220703125,480.7307434082031,1761.0
2014-06-04,499.8500061035156,537.0,497.1499938964844,530.25,513.4605712890625,13246.0
2014-06-05,530.25,574.4000244140625,525.0,558.2999877929688,540.6223754882812,22592.0
2014-06-06,545.5,566.0,545.0,550.7999877929688,533.3598022460938,5100.0
2014-06-09,555.0499877929688,556.5,526.0,546.8499755859375,529.534912109375,17506.0
2014-06-10,534.0499877929688,549.7999877929688,534.0499877929688,536.2000122070312,519.22216796875,2548.0
2014-06-11,546.0,553.0,522.0499877929688,530.7999877929688,513.9931030273438,3502.0
2014-06-12,527.0499877929688,546.0499877929688,527.0499877929688,539.8499755859375,522.7565307617188,2036.0
2014-06-13,550.0,555.0,513.0,519.8499755859375,503.3898010253906,3849.0
2014-06-16,515.0,535.0999755859375,513.0,531.4000244140625,514.5741577148438,1100.0
2014-06-17,548.4000244140625,594.7999877929688,548.4000244140625,563.0,545.173583984375,45568.0
2014-06-18,572.3499755859375,572.3499755859375,543.0499877929688,556.1500244140625,538.5404052734375,12910.0
2014-06-19,562.0,565.0,552.5,555.5,537.9110107421875,6786.0
2014-06-20,542.0,558.9500122070312,542.0,548.3499755859375,530.9874267578125,4359.0
2014-06-23,552.9000244140625,555.0,540.0,542.3499755859375,525.1773681640625,1618.0
2014-06-24,537.0499877929688,552.0,537.0499877929688,545.0999755859375,527.8402709960938,798.0
2014-06-25,550.0,583.9500122070312,550.0,562.4500122070312,544.6409912109375,15979.0
2014-06-26,562.4500122070312,574.5,559.5,566.7999877929688,548.853271484375,5527.0
2014-06-27,568.75,575.0,560.0,569.7000122070312,551.6614379882812,4754.0
2014-06-30,574.5,615.0,567.0,587.75,569.1398315429688,30682.0
2014-07-01,608.0,639.0,591.3499755859375,601.1500244140625,582.11572265625,37009.0
2014-07-02,609.0,610.0,587.0,590.7000122070312,571.9965209960938,8954.0
2014-07-03,588.2999877929688,588.2999877929688,573.6500244140625,576.4000244140625,558.1492919921875,8628.0
2014-07-04,584.9500122070312,588.2999877929688,573.5999755859375,580.9000244140625,562.5068969726562,5372.0
2014-07-07,609.9000244140625,615.0,569.2000122070312,571.5,553.4044799804688,8594.0
2014-07-08,584.9000244140625,584.9000244140625,554.0,557.7999877929688,540.13818359375,3739.0
2014-07-09,550.25,552.0,530.0,532.7000122070312,515.8329467773438,5203.0
2014-07-10,526.0999755859375,548.9000244140625,517.0,534.25,517.3338623046875,5300.0
2014-07-11,523.5499877929688,548.75,515.5499877929688,524.9500122070312,508.3283386230469,4342.0
2014-07-14,522.0,540.0,517.0,522.4500122070312,505.90753173828125,3268.0
2014-07-15,525.0,540.0,525.0,532.7999877929688,515.9297485351562,2719.0
2014-07-16,520.0,559.0,520.0,548.25,530.890625,2425.0
2014-07-17,544.2000122070312,555.0,536.0999755859375,551.0499877929688,533.6019287109375,1260.0
2014-07-18,568.75,569.9000244140625,542.5999755859375,556.5999755859375,538.9761352539062,1880.0
2014-07-21,572.0,572.0,550.0,552.4500122070312,534.9575805664062,1907.0
2014-07-22,552.1500244140625,557.5,540.0999755859375,543.9500122070312,526.7266845703125,3385.0
2014-07-23,542.0499877929688,552.7000122070312,527.25,545.0,527.7435302734375,11255.0
2014-07-24,541.1500244140625,555.0,540.3499755859375,549.25,531.8589477539062,4307.0
2014-07-25,555.0,558.8499755859375,535.4500122070312,539.0499877929688,521.98193359375,3711.0
2014-07-28,540.0,542.9000244140625,525.5499877929688,541.8499755859375,524.6931762695312,3492.0
2014-07-30,549.9500122070312,549.9500122070312,535.0,541.3499755859375,524.2091064453125,7591.0
2014-07-31,548.9500122070312,557.0,541.1500244140625,546.5999755859375,529.2927856445312,2986.0
2014-08-01,542.25,549.2999877929688,536.0,538.4000244140625,521.3525390625,4890.0
2014-08-04,540.0,559.0,540.0,546.0499877929688,528.76025390625,2274.0
2014-08-05,556.0,559.4500122070312,543.0,550.0999755859375,532.6820678710938,3329.0
2014-08-06,546.5499877929688,579.9500122070312,542.3499755859375,562.5999755859375,544.7861938476562,11477.0
2014-08-07,567.9500122070312,605.0,567.9500122070312,579.0499877929688,560.7153930664062,23849.0
2014-08-08,577.5,580.0,564.0,566.2000122070312,548.272216796875,3706.0
2014-08-11,559.25,570.0499877929688,550.0,552.1500244140625,534.667236328125,4710.0
2014-08-12,550.0999755859375,566.0,549.9500122070312,559.9000244140625,542.1717529296875,1102.0
2014-08-13,562.0,565.0,546.5,549.8499755859375,532.4398803710938,2758.0
2014-08-14,555.0,555.0,550.0,551.3499755859375,533.8923950195312,2689.0
2014-08-18,556.9500122070312,576.8499755859375,552.1500244140625,563.6500244140625,545.802978515625,3784.0
2014-08-19,568.0,585.0,562.0999755859375,566.75,548.8048095703125,2019.0
2014-08-20,565.0,566.0,558.0999755859375,563.5499877929688,545.7061767578125,1345.0
2014-08-21,563.5499877929688,579.4000244140625,556.5999755859375,570.9000244140625,552.8234252929688,3948.0
2014-08-22,581.2999877929688,610.0,566.0999755859375,582.4000244140625,563.959228515625,14489.0
2014-08-25,592.5,598.0,571.1500244140625,578.9500122070312,560.6185913085938,5243.0
2014-08-26,575.1500244140625,609.0,575.1500244140625,592.9500122070312,574.1751708984375,18005.0
2014-08-27,598.9500122070312,605.0,590.0,593.0,574.2236328125,5613.0
2014-08-28,590.0,614.4000244140625,590.0,599.75,580.7599487304688,23117.0
2014-09-01,612.75,612.75,591.1500244140625,595.9500122070312,577.0802612304688,3971.0
2014-09-02,600.0,603.0999755859375,592.5999755859375,595.2999877929688,576.4508666992188,4853.0
2014-09-03,593.2000122070312,615.7999877929688,593.2000122070312,600.2999877929688,581.29248046875,10102.0
2014-09-04,600.0499877929688,606.9000244140625,595.0,599.7999877929688,580.808349609375,13477.0
2014-09-05,605.9500122070312,612.0,600.0,605.8499755859375,586.6668090820312,25839.0
2014-09-08,605.2000122070312,628.0,605.2000122070312,624.5499877929688,604.7747192382812,41010.0
2014-09-09,630.0,645.0,620.3499755859375,627.0,607.1470947265625,34156.0
2014-09-10,627.5,640.0,627.0499877929688,629.1500244140625,609.22900390625,31077.0
2014-09-11,634.2999877929688,642.0,619.0,631.4500122070312,611.4562377929688,33550.0
2014-09-12,639.7999877929688,639.7999877929688,621.0999755859375,624.2000122070312,604.4357299804688,15086.0
2014-09-15,620.0499877929688,622.5999755859375,610.5499877929688,617.5999755859375,598.0446166992188,20259.0
2014-09-16,617.0,617.0,581.0,586.9000244140625,568.3168334960938,15069.0
2014-09-17,589.9500122070312,600.0499877929688,581.1500244140625,589.0499877929688,570.3987426757812,5502.0
2014-09-18,590.0499877929688,611.0,589.9500122070312,603.6500244140625,584.5364379882812,17871.0
2014-09-19,603.4500122070312,615.0,601.0,609.2000122070312,589.9107666015625,15529.0
2014-09-22,618.5,618.5,606.0499877929688,614.6500244140625,595.1881713867188,14527.0
2014-09-23,615.0499877929688,618.5999755859375,595.0,598.0,579.0653076171875,36319.0
2014-09-24,599.9500122070312,601.9000244140625,580.4000244140625,584.5999755859375,566.089599609375,6556.0
2014-09-25,589.0,590.9500122070312,567.0499877929688,577.7000122070312,559.4080810546875,7278.0
2014-09-26,572.0,591.0,570.3499755859375,589.0499877929688,570.3987426757812,8482.0
2014-09-29,591.0,591.0,581.9000244140625,584.9500122070312,566.4285278320312,3443.0
2014-09-30,594.9000244140625,594.9000244140625,572.2999877929688,578.9000244140625,560.5701904296875,9860.0
2014-10-01,588.8499755859375,591.0,585.0,589.25,570.5924072265625,2143.0
2014-10-07,592.0,592.0,564.0,566.7000122070312,548.7564086914062,9546.0
2014-10-08,569.9000244140625,570.2000122070312,561.0499877929688,563.4500122070312,545.6093139648438,7822.0
2014-10-09,567.0,571.5499877929688,567.0,569.8499755859375,551.806640625,26167.0
2014-10-10,570.0,572.0,566.0,569.7000122070312,551.6614379882812,5874.0
2014-10-13,567.0,570.0499877929688,561.0,570.0,551.951904296875,2190.0
2014-10-14,574.9000244140625,578.9500122070312,570.0,574.0,555.8252563476562,82585.0
2014-10-15,574.0,574.0,574.0,574.0,555.8252563476562,0.0
2014-10-16,575.0,577.5,555.5,559.3499755859375,541.6392211914062,5572.0
2014-10-17,573.9500122070312,574.0,550.0499877929688,555.2000122070312,537.6204833984375,8064.0
2014-10-20,570.0,576.0,560.2000122070312,562.75,544.9315185546875,13905.0
2014-10-21,560.0,568.75,560.0,564.75,546.8681640625,7547.0
2014-10-22,559.2999877929688,565.0499877929688,558.0,561.8499755859375,544.0599365234375,6961.0
2014-10-27,584.0,599.75,583.9500122070312,589.75,571.0765380859375,121576.0
2014-10-28,606.0999755859375,634.0,605.0,608.4000244140625,589.1361083984375,157990.0
2014-10-29,618.0499877929688,640.25,613.0,638.9000244140625,618.6703491210938,84775.0
2014-10-30,641.0,662.0,638.0,646.3499755859375,625.8843994140625,84789.0
2014-10-31,648.9500122070312,649.0,626.4000244140625,634.0499877929688,613.973876953125,21074.0
2014-11-03,638.2999877929688,644.0,632.0,639.8499755859375,619.5901489257812,18219.0
2014-11-05,631.5999755859375,675.0,631.5999755859375,645.3499755859375,624.9160766601562,45216.0
2014-11-07,645.3499755859375,668.0,636.0,648.9000244140625,628.3536987304688,25010.0
2014-11-10,650.7000122070312,666.0,641.0499877929688,651.7999877929688,631.161865234375,26339.0
2014-11-11,650.0499877929688,657.7000122070312,636.0,644.7000122070312,624.2866821289062,13019.0
2014-11-12,648.8499755859375,651.3499755859375,633.75,643.5,623.1246948242188,10044.0
2014-11-13,633.0,642.0,618.0,624.5999755859375,604.822998046875,25713.0
2014-11-14,630.0,639.7999877929688,620.0,630.0999755859375,610.1488647460938,9426.0
2014-11-17,632.0,652.0,629.9500122070312,642.6500244140625,622.3016357421875,86303.0
2014-11-18,658.7000122070312,658.7000122070312,635.0,641.5999755859375,621.2847900390625,27512.0
2014-11-19,640.0,734.0,640.0,653.7000122070312,633.001708984375,197250.0
2014-11-20,667.0,681.4500122070312,655.0499877929688,657.9500122070312,637.1171264648438,149299.0
2014-11-21,667.0,672.0,655.1500244140625,657.5999755859375,636.7781982421875,33542.0
2014-11-24,666.9500122070312,666.9500122070312,651.0499877929688,656.0999755859375,635.3257446289062,15469.0
2014-11-25,657.2000122070312,662.9500122070312,625.6500244140625,638.3499755859375,618.1377563476562,19967.0
2014-11-26,638.0,653.0,636.0999755859375,643.2000122070312,622.8341674804688,8545.0
2014-11-27,648.9500122070312,649.0,634.0,635.75,615.6200561523438,6007.0
2014-11-28,634.0499877929688,658.0,633.0,635.4500122070312,615.3295288085938,13877.0
2014-12-01,640.0,650.0,620.5,623.5499877929688,603.8063354492188,11743.0
2014-12-02,621.5999755859375,634.25,618.0,622.3499755859375,602.644287109375,9311.0
2014-12-03,620.25,700.0,620.25,665.8499755859375,644.7670288085938,109457.0
2014-12-04,688.0,688.0,647.0,665.8499755859375,644.7670288085938,23487.0
2014-12-05,666.0,702.0,661.7999877929688,677.75,656.2902221679688,59693.0
2014-12-08,686.5999755859375,694.4000244140625,648.0,657.5,636.6814575195312,23968.0
2014-12-09,660.0,664.0,640.0999755859375,650.4500122070312,629.8546142578125,17341.0
2014-12-10,652.0,656.7999877929688,645.1500244140625,648.25,627.7242431640625,9418.0
2014-12-11,650.0,651.0,636.0,643.0499877929688,622.68896484375,15796.0
2014-12-12,647.0,654.0,630.0499877929688,632.0,611.9888305664062,20586.0
2014-12-15,629.9500122070312,650.0,621.0499877929688,643.4000244140625,623.02783203125,9578.0
2014-12-16,646.7999877929688,646.8499755859375,606.3499755859375,618.0499877929688,598.4805297851562,18928.0
2014-12-17,612.0,634.7999877929688,588.2999877929688,608.7000122070312,589.426513671875,16616.0
2014-12-18,620.0,645.0,615.0499877929688,636.2999877929688,616.152587890625,19486.0
2014-12-19,641.0,652.0,636.0999755859375,638.9500122070312,618.7188110351562,16187.0
2014-12-22,642.4500122070312,647.0999755859375,635.5499877929688,639.9000244140625,619.6387329101562,5000.0
2014-12-23,644.0,649.2999877929688,633.0,635.5,615.3779296875,7709.0
2014-12-24,638.5999755859375,647.9500122070312,635.1500244140625,639.2999877929688,619.0576171875,6761.0
2014-12-26,638.8499755859375,650.4500122070312,636.5,647.5499877929688,627.0464477539062,9559.0
2014-12-29,651.7000122070312,652.0,636.2999877929688,639.2000122070312,618.9608764648438,8576.0
2014-12-30,635.1500244140625,676.0,635.1500244140625,658.7999877929688,637.940185546875,25536.0
2014-12-31,654.0,663.0,644.2000122070312,646.75,626.2717895507812,8590.0
2015-01-01,642.0,653.0499877929688,642.0,649.1500244140625,628.5957641601562,5328.0
2015-01-02,650.0,680.0,650.0,664.1500244140625,643.1207885742188,44349.0
2015-01-05,665.1500244140625,672.5,648.7000122070312,651.4500122070312,630.822998046875,9993.0
2015-01-06,647.0499877929688,652.9500122070312,630.0999755859375,633.3499755859375,613.2960205078125,7863.0
2015-01-07,632.0,641.2999877929688,621.0,628.8499755859375,608.9384155273438,9272.0
2015-01-08,639.7000122070312,652.5,626.0,643.0,622.6405029296875,17047.0
2015-01-09,649.9500122070312,650.0499877929688,635.0999755859375,637.4000244140625,617.2178344726562,19028.0
2015-01-12,630.0,651.9000244140625,630.0,647.7999877929688,627.2885131835938,9859.0
2015-01-13,642.5499877929688,665.7999877929688,642.5499877929688,647.7999877929688,627.2885131835938,16469.0
2015-01-14,652.9500122070312,659.7999877929688,647.0499877929688,652.9500122070312,632.275390625,9177.0
2015-01-15,659.4000244140625,678.0,652.25,661.25,640.3125610351562,25463.0
2015-01-16,664.9500122070312,724.3499755859375,664.8499755859375,697.3499755859375,675.2696533203125,102853.0
2015-01-19,691.0,704.7999877929688,685.9000244140625,688.2999877929688,666.5061645507812,21348.0
2015-01-20,691.0,703.9500122070312,686.0,692.5999755859375,670.6699829101562,34999.0
2015-01-21,690.0499877929688,745.0,690.0499877929688,715.0,692.3607177734375,111024.0
2015-01-22,717.0,728.7000122070312,711.4000244140625,717.8499755859375,695.1204833984375,35691.0
2015-01-23,721.0,721.2999877929688,696.0,713.0499877929688,690.4725341796875,15877.0
2015-01-27,713.0,714.9500122070312,704.0,709.7000122070312,687.2285766601562,11895.0
2015-01-28,710.9500122070312,712.0,677.0,692.5999755859375,670.6699829101562,14590.0
2015-01-29,690.0499877929688,694.0,675.0999755859375,684.0999755859375,662.4391479492188,10618.0
2015-01-30,687.0,714.0,675.5,704.4500122070312,682.144775390625,13868.0
2015-02-02,706.9000244140625,719.75,689.0999755859375,696.1500244140625,674.1076049804688,6617.0
2015-02-03,699.0,708.5,680.4000244140625,688.75,666.9419555664062,8766.0
2015-02-04,686.0999755859375,695.0499877929688,653.0499877929688,656.7999877929688,636.0036010742188,19344.0
2015-02-05,659.0,674.7000122070312,645.0999755859375,652.8499755859375,632.1785888671875,9380.0
2015-02-06,650.2999877929688,664.0,635.0,640.9000244140625,620.6070556640625,8819.0
2015-02-09,638.0,644.9000244140625,626.0,629.1500244140625,609.22900390625,41618.0
2015-02-10,610.0,640.0,607.0,625.9000244140625,606.0819702148438,8255.0
2015-02-11,628.0,632.9000244140625,615.0,621.9500122070312,602.2570190429688,5669.0
2015-02-12,622.0999755859375,636.4000244140625,612.25,615.5,596.01123046875,9392.0
2015-02-13,618.0,654.8499755859375,616.0,640.6500244140625,620.3649291992188,42676.0
2015-02-16,638.0999755859375,655.0,635.25,652.4000244140625,631.7428588867188,15048.0
2015-02-18,654.9000244140625,680.0,650.0,675.7999877929688,654.4019165039062,19313.0
2015-02-19,675.0499877929688,689.7999877929688,675.0,680.4000244140625,658.8563232421875,9298.0
2015-02-20,682.0,694.0,679.9500122070312,686.0,664.2789916992188,10648.0
2015-02-23,689.0,697.0,679.75,680.75,659.1951904296875,10927.0
2015-02-24,680.0499877929688,682.0,676.25,680.25,658.7110595703125,8342.0
2015-02-25,683.0,688.9500122070312,652.3499755859375,655.9500122070312,635.1804809570312,4680.0
2015-02-26,658.0,668.9500122070312,632.75,637.0499877929688,616.87890625,7204.0
2015-02-27,639.0,684.6500244140625,637.1500244140625,666.7000122070312,645.590087890625,14511.0
2015-03-02,665.0,714.0,665.0,691.0,669.1207275390625,44382.0
2015-03-03,694.0,708.3499755859375,674.9500122070312,679.7999877929688,658.2752685546875,13305.0
2015-03-04,682.0,698.9000244140625,662.2000122070312,667.4000244140625,646.2678833007812,13877.0
2015-03-05,667.5,684.2000122070312,663.0,669.5999755859375,648.398193359375,10033.0
2015-03-09,671.9500122070312,672.0,650.0999755859375,654.4500122070312,633.7279663085938,5462.0
2015-03-10,656.9500122070312,669.9500122070312,653.0,657.0999755859375,636.2940673828125,6063.0
2015-03-11,656.9000244140625,664.2000122070312,647.0999755859375,653.5499877929688,632.8565063476562,8324.0
2015-03-12,684.0,711.0,675.0,682.75,661.1318359375,35504.0
2015-03-13,685.0,692.75,666.0,669.25,648.0593872070312,9787.0
2015-03-16,671.9500122070312,678.8499755859375,657.0,665.0999755859375,644.0407104492188,7554.0
2015-03-17,667.9500122070312,687.6500244140625,663.1500244140625,669.0999755859375,647.9140625,9486.0
2015-03-18,678.4000244140625,679.5499877929688,652.5499877929688,656.2000122070312,635.4225463867188,10533.0
2015-03-19,657.5,666.9500122070312,652.0,653.8499755859375,633.14697265625,5103.0
2015-03-20,647.1500244140625,655.75,618.0499877929688,624.2999877929688,604.5325927734375,22783.0
2015-03-23,622.2000122070312,637.0,622.2000122070312,630.2000122070312,610.245849609375,14138.0
2015-03-24,622.0,630.9000244140625,607.0,610.0999755859375,590.7822265625,8855.0
2015-03-25,619.4500122070312,622.0,610.0,612.3499755859375,592.9609375,3558.0
2015-03-26,617.9500122070312,631.0,611.5,623.9000244140625,604.1453857421875,18835.0
2015-03-27,626.0,650.0,618.0,641.4000244140625,621.0911865234375,25299.0
2015-03-30,635.3499755859375,664.0,635.3499755859375,651.7999877929688,631.161865234375,3547.0
2015-03-31,655.1500244140625,677.5,650.0,667.5,646.3648071289062,15581.0
2015-04-01,665.0,673.0,662.5,668.0,646.8489379882812,3168.0
2015-04-06,669.0,687.9500122070312,667.6500244140625,673.8499755859375,652.513671875,7183.0
2015-04-07,679.4500122070312,680.0,656.1500244140625,661.7000122070312,640.7484130859375,2783.0
2015-04-08,666.25,672.0,656.25,659.9500122070312,639.0537719726562,5339.0
2015-04-09,658.0499877929688,689.0,657.9000244140625,669.3499755859375,648.1561279296875,8714.0
2015-04-10,676.7000122070312,678.0,658.0,662.2999877929688,641.3294677734375,3405.0
2015-04-13,662.2999877929688,686.0,662.2999877929688,682.25,660.647705078125,14262.0
2015-04-15,677.1500244140625,721.2000122070312,672.1500244140625,698.2999877929688,676.189453125,57328.0
2015-04-16,703.75,715.0,691.2000122070312,695.0,672.9939575195312,21845.0
2015-04-17,696.0,709.9500122070312,686.25,695.5,673.4782104492188,19628.0
2015-04-20,692.0499877929688,697.0,663.7000122070312,674.0999755859375,652.7557983398438,7062.0
2015-04-21,677.7000122070312,681.4000244140625,655.0,661.9500122070312,640.990478515625,4633.0
2015-04-22,661.5999755859375,671.5,645.0,656.0,635.2289428710938,8674.0
2015-04-23,666.2999877929688,683.6500244140625,663.5999755859375,671.5999755859375,650.3348999023438,4460.0
2015-04-24,675.1500244140625,675.1500244140625,641.0,650.2000122070312,629.612548828125,12582.0
2015-04-27,651.0499877929688,651.0499877929688,618.0,623.5999755859375,603.854736328125,6519.0
2015-04-28,626.5499877929688,647.5499877929688,620.1500244140625,634.9500122070312,614.8453979492188,4564.0
2015-04-29,636.4000244140625,654.9000244140625,625.0999755859375,637.0,616.8305053710938,5886.0
2015-04-30,647.9500122070312,648.0,623.4000244140625,639.7000122070312,619.4448852539062,2271.0
2015-05-04,641.6500244140625,672.5999755859375,636.1500244140625,646.75,626.2717895507812,28667.0
2015-05-05,665.0,665.0,636.5,641.8499755859375,621.5269775390625,9743.0
2015-05-06,635.0,644.7000122070312,613.0,620.9000244140625,601.240234375,6891.0
2015-05-07,623.8499755859375,627.3499755859375,605.25,610.9000244140625,591.556884765625,4792.0
2015-05-08,622.0499877929688,623.25,610.0,620.75,601.0950317382812,7692.0
2015-05-11,652.5,653.9500122070312,631.25,642.4000244140625,622.0595703125,14913.0
2015-05-12,650.0,650.0,619.4500122070312,628.8499755859375,608.9384155273438,2462.0
2015-05-13,628.4000244140625,638.0,624.0499877929688,629.1500244140625,609.22900390625,2272.0
2015-05-14,626.1500244140625,636.5,625.2000122070312,631.9500122070312,611.9404296875,1982.0
2015-05-15,637.9500122070312,653.25,635.0,649.5999755859375,629.031494140625,7955.0
2015-05-18,665.5,665.5,640.0,649.8499755859375,629.2736206054688,17685.0
2015-05-19,665.2999877929688,666.2000122070312,626.0999755859375,629.7999877929688,609.8584594726562,80569.0
2015-05-20,630.3499755859375,640.0999755859375,620.0,621.1500244140625,601.4824829101562,12375.0
2015-05-21,621.1500244140625,629.9500122070312,619.5,621.7999877929688,602.1117553710938,9244.0
2015-05-22,623.8499755859375,625.4000244140625,616.0,618.2000122070312,598.6257934570312,9921.0
2015-05-25,618.4000244140625,619.9000244140625,607.75,608.3499755859375,589.087646484375,5339.0
2015-05-26,609.5,609.9000244140625,597.0,599.3499755859375,580.3726196289062,14523.0
2015-05-27,594.1500244140625,600.0,588.7999877929688,591.8499755859375,573.1099853515625,8313.0
2015-05-28,592.0999755859375,603.0,590.0999755859375,593.9000244140625,575.0952758789062,4442.0
2015-05-29,596.4000244140625,600.0,591.0499877929688,597.4500122070312,578.5327758789062,2932.0
2015-06-01,596.0499877929688,602.9000244140625,587.2999877929688,589.4000244140625,570.7376708984375,5852.0
2015-06-02,590.0,590.0,575.0,578.5,560.182861328125,6861.0
2015-06-03,582.7999877929688,582.7999877929688,550.0,556.7999877929688,539.169921875,4616.0
2015-06-04,560.2999877929688,578.2000122070312,555.2000122070312,573.3499755859375,555.19580078125,3668.0
2015-06-05,574.0,578.9500122070312,568.0999755859375,570.0499877929688,552.0004272460938,4460.0
2015-06-08,570.0499877929688,570.9500122070312,555.25,568.4500122070312,550.4509887695312,157911.0
2015-06-09,568.4500122070312,568.8499755859375,555.0,559.3499755859375,541.6392211914062,1833.0
2015-06-10,559.0,574.7999877929688,559.0,569.7999877929688,551.75830078125,4821.0
2015-06-11,575.0,575.1500244140625,561.0,567.0499877929688,549.0953369140625,5870.0
2015-06-12,557.0499877929688,566.9500122070312,551.25,553.6500244140625,536.1196899414062,4422.0
2015-06-15,553.6500244140625,577.2999877929688,553.6500244140625,568.6500244140625,550.6446533203125,3454.0
2015-06-16,561.0999755859375,575.0,556.1500244140625,569.9000244140625,551.8551025390625,4924.0
2015-06-17,570.0499877929688,574.9500122070312,564.0,569.4500122070312,551.4192504882812,11704.0
2015-06-18,565.1500244140625,572.0499877929688,565.0999755859375,569.5999755859375,551.564453125,10849.0
2015-06-19,574.8499755859375,574.9000244140625,565.0499877929688,569.6500244140625,551.613037109375,48653.0
2015-06-22,570.0,583.4000244140625,568.0,569.9500122070312,551.903564453125,41456.0
2015-06-23,569.9500122070312,571.0,566.5,569.5999755859375,551.564453125,9932.0
2015-06-24,569.5499877929688,572.7999877929688,565.9500122070312,568.0499877929688,550.0636596679688,41399.0
2015-06-25,569.8499755859375,570.0999755859375,568.2000122070312,569.9000244140625,551.8551025390625,6895.0
2015-06-26,566.25,570.0499877929688,562.1500244140625,569.3499755859375,551.3224487304688,5718.0
2015-06-29,565.5499877929688,570.0,558.5499877929688,569.0,550.9835815429688,47575.0
2015-06-30,573.0,573.0,565.0,569.7999877929688,551.75830078125,51216.0
2015-07-01,570.4000244140625,600.0,570.4000244140625,584.9500122070312,566.4285278320312,22325.0
2015-07-02,586.0,590.9500122070312,581.0,582.3499755859375,563.9108276367188,9573.0
2015-07-03,587.4500122070312,593.0,583.0,589.75,571.0765380859375,21610.0
2015-07-06,588.9500122070312,613.9500122070312,582.0,612.6500244140625,593.2515258789062,20886.0
2015-07-07,617.9500122070312,625.0,610.0,617.8499755859375,598.2868041992188,18657.0
2015-07-08,615.0,624.7999877929688,596.5999755859375,603.9500122070312,584.8269653320312,12001.0
2015-07-09,604.0,618.0,604.0,610.0,590.6853637695312,6341.0
2015-07-10,617.7000122070312,629.9500122070312,611.0499877929688,624.5499877929688,604.7747192382812,28432.0
2015-07-13,629.9500122070312,689.7999877929688,627.0999755859375,678.25,656.7743530273438,67287.0
2015-07-14,684.0,699.0,677.5499877929688,683.75,662.1002197265625,38170.0
2015-07-15,685.0,699.8499755859375,678.25,682.9500122070312,661.3255615234375,22077.0
2015-07-16,680.25,700.9500122070312,680.25,691.1500244140625,669.2659301757812,35088.0
2015-07-17,691.0499877929688,699.0,677.0999755859375,683.5999755859375,661.9549560546875,8189.0
2015-07-20,683.5999755859375,695.0,677.0,685.6500244140625,663.9401245117188,9250.0
2015-07-21,688.8499755859375,724.9000244140625,685.0,701.0,678.8040161132812,38230.0
2015-07-22,702.0,748.0,700.0,729.2000122070312,706.1112060546875,111970.0
2015-07-23,735.5999755859375,754.0,726.0,733.4500122070312,710.2265625,39319.0
2015-07-24,738.25,744.0,717.0,722.5999755859375,699.7200927734375,25380.0
2015-07-27,729.5,729.5,715.0,719.6500244140625,696.863525390625,8987.0
2015-07-28,732.9500122070312,732.9500122070312,700.0,705.4500122070312,683.1130981445312,8474.0
2015-07-29,714.2000122070312,723.0,705.3499755859375,712.0,693.3873901367188,8515.0
2015-07-30,717.0,717.0,705.0,708.0,689.491943359375,9801.0
2015-07-31,719.9500122070312,765.0,712.0,743.25,723.8204345703125,72201.0
2015-08-03,746.0,795.0,743.75,776.6500244140625,756.3473510742188,81404.0
2015-08-04,826.5,872.0,822.0,834.5,812.6849975585938,191860.0
2015-08-05,845.0,943.9000244140625,844.0,899.2999877929688,875.7910766601562,248409.0
2015-08-06,895.0,925.0,882.9500122070312,901.3499755859375,877.787353515625,73898.0
2015-08-07,902.0,917.9500122070312,886.0,889.5,866.2472534179688,45420.0
2015-08-10,890.0,896.8499755859375,850.0999755859375,856.0,833.623046875,30264.0
2015-08-11,855.0499877929688,888.0,843.25,876.3499755859375,853.4410400390625,37362.0
2015-08-12,870.0,879.0,820.0,824.4500122070312,802.8977661132812,41366.0
2015-08-13,838.4000244140625,842.0,783.0,794.75,773.97412109375,24346.0
2015-08-14,798.0,824.9000244140625,797.0,802.5999755859375,781.6189575195312,25171.0
2015-08-17,810.1500244140625,822.5999755859375,780.75,803.0499877929688,782.0571899414062,27920.0
2015-08-18,809.9500122070312,853.0,809.9500122070312,842.4500122070312,820.42724609375,21734.0
2015-08-19,840.8499755859375,849.0,816.25,834.8499755859375,813.02587890625,8356.0
2015-08-20,834.0499877929688,868.3499755859375,815.2000122070312,821.0,799.5379028320312,17638.0
2015-08-21,814.0,831.9000244140625,792.9000244140625,823.6500244140625,802.11865234375,12071.0
2015-08-24,799.7000122070312,799.7000122070312,710.0,715.8499755859375,697.1365966796875,43821.0
2015-08-25,730.1500244140625,747.5999755859375,675.0,723.7000122070312,704.781494140625,49050.0
2015-08-26,739.9500122070312,753.0,712.8499755859375,740.0,720.6553955078125,11470.0
2015-08-27,750.0,780.0499877929688,749.9500122070312,761.6500244140625,741.7393798828125,13772.0
2015-08-28,769.5499877929688,790.0499877929688,742.4000244140625,762.75,742.8106689453125,13414.0
2015-08-31,757.6500244140625,777.25,757.5999755859375,763.75,743.7845458984375,9340.0
2015-09-01,769.9000244140625,769.9000244140625,719.9500122070312,743.0499877929688,723.6256103515625,8990.0
2015-09-02,738.0,745.0,729.2000122070312,734.2000122070312,715.0070190429688,7607.0
2015-09-03,738.8499755859375,789.0,727.8499755859375,763.1500244140625,743.2001342773438,15612.0
2015-09-04,756.0499877929688,766.0,738.7999877929688,759.75,739.8890991210938,16856.0
2015-09-07,767.8499755859375,774.4000244140625,728.7999877929688,740.7999877929688,721.4344482421875,6636.0
2015-09-08,735.5999755859375,741.9500122070312,717.7999877929688,725.6500244140625,706.6805419921875,9210.0
2015-09-09,759.9500122070312,760.0,727.0999755859375,743.2999877929688,723.8690795898438,11270.0
2015-09-10,743.0,763.0,715.0499877929688,738.9500122070312,719.6328125,9139.0
2015-09-11,749.9500122070312,772.2999877929688,735.0,740.4000244140625,721.044921875,6066.0
2015-09-14,750.0,755.0,731.5,739.3499755859375,720.0224609375,5432.0
2015-09-15,739.0,746.9000244140625,735.0,741.5499877929688,722.1648559570312,3325.0
2015-09-16,748.0,777.0,740.0,768.0,747.9234619140625,49322.0
2015-09-18,769.0,794.9500122070312,760.0,763.5499877929688,743.5897216796875,7156.0
2015-09-21,764.0,773.9000244140625,746.7999877929688,756.8499755859375,737.0648803710938,7866.0
2015-09-22,764.9500122070312,765.0,742.0,744.0,724.5508422851562,6511.0
2015-09-23,737.0,773.5,735.0,748.0999755859375,728.5435180664062,6838.0
2015-09-24,752.6500244140625,778.0,750.0499877929688,762.5499877929688,742.6158447265625,3225.0
2015-09-28,762.9500122070312,788.75,737.7999877929688,742.1500244140625,722.7491455078125,6308.0
2015-09-29,732.2000122070312,749.9000244140625,725.0,745.5999755859375,726.1089477539062,7174.0
2015-09-30,751.0499877929688,755.0,741.0499877929688,743.8499755859375,724.4047241210938,5035.0
2015-10-01,750.25,750.25,734.1500244140625,740.3499755859375,720.9962158203125,7528.0
2015-10-05,739.9500122070312,787.8499755859375,739.9500122070312,776.0499877929688,755.762939453125,23103.0
2015-10-06,784.9500122070312,784.9500122070312,765.0499877929688,771.5,751.3319702148438,4748.0
2015-10-07,771.5,779.0999755859375,743.7000122070312,754.9000244140625,735.1659545898438,7272.0
2015-10-08,755.9500122070312,760.0,752.1500244140625,755.4000244140625,735.6528930664062,3581.0
2015-10-09,775.9500122070312,775.9500122070312,752.0,755.3499755859375,735.6041259765625,4451.0
2015-10-12,774.8499755859375,774.8499755859375,745.3499755859375,752.0999755859375,732.4390869140625,3698.0
2015-10-13,753.2000122070312,763.0,750.0,753.4000244140625,733.705078125,3263.0
2015-10-14,775.0,824.0,753.0,809.8499755859375,788.6793212890625,46371.0
2015-10-15,808.0,825.0,789.0,806.4500122070312,785.3682861328125,12756.0
2015-10-16,805.9500122070312,830.0,801.0,814.4500122070312,793.1592407226562,12434.0
2015-10-19,808.5499877929688,838.7000122070312,808.5,822.4500122070312,800.9500122070312,8267.0
2015-10-20,824.25,831.9500122070312,804.5499877929688,817.5,796.12939453125,5038.0
2015-10-21,817.5999755859375,819.3499755859375,805.0,811.6500244140625,790.4323120117188,6690.0
2015-10-23,819.5,842.0,816.0999755859375,823.2000122070312,801.6803588867188,10157.0
2015-10-26,833.4500122070312,833.4500122070312,806.0,810.7000122070312,789.5072021484375,5115.0
2015-10-27,803.0,811.75,794.0,799.4000244140625,778.5026245117188,9278.0
2015-10-28,809.0,809.0,791.75,799.0499877929688,778.1617431640625,4766.0
2015-10-29,804.0,806.0,785.0,788.1500244140625,767.5467529296875,8091.0
2015-10-30,784.9500122070312,811.0,784.0,794.4500122070312,773.6820068359375,9472.0
2015-11-02,794.4500122070312,809.9500122070312,789.9500122070312,799.0999755859375,778.2103881835938,7847.0
2015-11-03,807.9000244140625,807.9000244140625,788.9500122070312,800.1500244140625,779.2330322265625,7166.0
2015-11-04,804.9500122070312,830.0,790.0999755859375,799.1500244140625,778.2590942382812,26354.0
2015-11-05,779.0,779.0,730.0,735.1500244140625,715.9321899414062,27270.0
2015-11-06,744.5,748.0,707.0,717.25,698.5001220703125,11607.0
2015-11-09,693.9000244140625,722.7999877929688,677.0,715.5499877929688,696.8446044921875,8504.0
2015-11-10,721.0499877929688,744.9500122070312,721.0499877929688,724.3499755859375,705.4144287109375,1308.0
2015-11-13,725.0,736.0,701.0,720.2999877929688,701.4702758789062,5490.0
2015-11-16,734.0,738.0,711.0,729.8499755859375,710.7706909179688,5222.0
2015-11-17,720.8499755859375,734.5,720.7999877929688,728.8499755859375,709.7967529296875,3057.0
2015-11-18,728.1500244140625,755.0,722.0,732.5999755859375,713.4487915039062,7180.0
2015-11-19,739.9500122070312,744.9000244140625,730.3499755859375,736.5999755859375,717.34423828125,3040.0
2015-11-20,741.25,741.2999877929688,725.0,732.0999755859375,712.9618530273438,4685.0
2015-11-23,725.0499877929688,745.0,713.2000122070312,728.9000244140625,709.8455810546875,3703.0
2015-11-24,729.0,742.0,725.0499877929688,731.9000244140625,712.76708984375,3967.0
2015-11-26,733.0499877929688,740.0,717.5,729.4000244140625,710.3324584960938,10569.0
2015-11-27,715.0499877929688,740.0,715.0,734.0499877929688,714.8609008789062,4991.0
2015-11-30,720.0499877929688,747.0,720.0,729.0999755859375,710.0403442382812,3730.0
2015-12-01,722.0999755859375,736.9500122070312,722.0499877929688,724.5999755859375,705.657958984375,5352.0
2015-12-02,738.0,738.0,723.0,725.9000244140625,706.9240112304688,5885.0
2015-12-03,729.0,735.0,724.9500122070312,727.5,708.4821166992188,5680.0
2015-12-04,722.25,729.0,716.2000122070312,718.8499755859375,700.0582885742188,6041.0
2015-12-07,719.0499877929688,737.9500122070312,712.2000122070312,718.9500122070312,700.1556396484375,7953.0
2015-12-08,715.5999755859375,728.0,704.75,705.9500122070312,687.4954833984375,5739.0
2015-12-09,701.0499877929688,708.7999877929688,689.0999755859375,690.5999755859375,672.5467529296875,3209.0
2015-12-10,685.0499877929688,709.5,685.0,698.6500244140625,680.3863525390625,2015.0
2015-12-11,685.0499877929688,705.0499877929688,685.0,697.4500122070312,679.2177124023438,2163.0
2015-12-14,690.2999877929688,714.8499755859375,680.0,700.5,682.18798828125,2547.0
2015-12-15,686.4500122070312,707.7999877929688,686.4500122070312,703.9000244140625,685.4991455078125,2917.0
2015-12-16,700.0499877929688,714.0,695.0999755859375,700.7000122070312,682.3826904296875,3764.0
2015-12-17,700.0499877929688,709.0,683.0499877929688,701.3499755859375,683.0157470703125,4903.0
2015-12-18,704.75,705.0,689.0,690.7999877929688,672.7415161132812,5323.0
2015-12-21,690.0999755859375,701.7999877929688,682.5499877929688,687.75,669.7713012695312,6704.0
2015-12-22,687.0,745.1500244140625,687.0,724.2999877929688,705.36572265625,23341.0
2015-12-23,728.0,740.0,718.0,725.75,706.7778930664062,5909.0
2015-12-24,718.0499877929688,735.9500122070312,718.0,726.75,707.751708984375,10448.0
2015-12-28,735.0,759.9500122070312,733.4500122070312,756.3499755859375,736.5779418945312,27563.0
2015-12-29,756.2999877929688,769.9000244140625,751.5,755.7999877929688,736.0422973632812,6643.0
2015-12-30,760.0,770.0,742.0999755859375,750.0499877929688,730.442626953125,4600.0
2015-12-31,763.75,769.7000122070312,746.0,755.7000122070312,735.9449462890625,8095.0
2016-01-01,748.0499877929688,778.1500244140625,748.0,767.5499877929688,747.4852294921875,6819.0
2016-01-04,773.9500122070312,776.0,743.0,752.6500244140625,732.9747314453125,8518.0
2016-01-05,736.0999755859375,771.0,736.0999755859375,768.5999755859375,748.5076904296875,5859.0
2016-01-06,760.5499877929688,765.0,743.0499877929688,758.4000244140625,738.5744018554688,10763.0
2016-01-07,748.0,750.0,706.5999755859375,716.9000244140625,698.1593017578125,9610.0
2016-01-08,726.5499877929688,770.0,720.0,730.8499755859375,711.7445678710938,4352.0
2016-01-11,737.9500122070312,749.0,705.5,729.7000122070312,710.6246948242188,5927.0
2016-01-12,733.5999755859375,738.4500122070312,728.0,730.1500244140625,711.0629272460938,8223.0
2016-01-13,731.4500122070312,731.4500122070312,685.0,703.0999755859375,684.7200317382812,9278.0
2016-01-14,690.5,705.0499877929688,680.0,700.7999877929688,682.4801025390625,9558.0
2016-01-15,707.9500122070312,709.0,680.0,680.25,662.4673461914062,4426.0
2016-01-18,682.0499877929688,688.0,641.9500122070312,647.6500244140625,630.7195434570312,11369.0
2016-01-19,644.9500122070312,675.0,634.6500244140625,673.5999755859375,655.9910888671875,4578.0
2016-01-20,659.25,668.9500122070312,636.9500122070312,650.7999877929688,633.787109375,4480.0
2016-01-21,659.9500122070312,673.0,635.0,643.2999877929688,626.4832763671875,4990.0
2016-01-22,647.25,691.5,647.25,683.25,665.388916015625,7744.0
2016-01-25,694.9500122070312,701.9000244140625,685.0499877929688,689.4500122070312,671.4268798828125,1055.0
2016-01-27,689.5,724.9000244140625,675.0,684.2999877929688,666.4114379882812,2266.0
2016-01-28,694.0499877929688,694.0499877929688,670.0,672.4000244140625,654.8225708007812,1859.0
2016-01-29,685.0499877929688,709.9500122070312,671.5,696.7000122070312,678.4873046875,5919.0
2016-02-01,706.5,706.5,693.0499877929688,698.2999877929688,680.0454711914062,3968.0
2016-02-02,686.0499877929688,700.0499877929688,684.0,686.3499755859375,668.4077758789062,3596.0
2016-02-03,675.0999755859375,689.7000122070312,668.7999877929688,670.75,653.2156982421875,3540.0
2016-02-04,671.0499877929688,693.0,645.2999877929688,651.2999877929688,634.2741088867188,4383.0
2016-02-05,606.0,613.9500122070312,581.0,585.9500122070312,570.6325073242188,25277.0
2016-02-08,598.0,598.0,584.0,586.0,570.68115234375,7624.0
2016-02-09,584.75,584.75,553.7000122070312,557.2000122070312,542.634033203125,13375.0
2016-02-10,556.0,572.0,542.3499755859375,552.5999755859375,538.1542358398438,8782.0
2016-02-11,559.5,559.5,520.0,523.7999877929688,510.1072082519531,11187.0
2016-02-12,545.0,545.0,504.0,512.6500244140625,499.2486572265625,5287.0
2016-02-15,502.0,535.5499877929688,502.0,515.0999755859375,501.6345520019531,8411.0
2016-02-16,528.0,528.0,501.0,508.25,494.963623046875,5402.0
2016-02-17,505.0,516.75,495.5,506.95001220703125,493.6976318359375,2927.0
2016-02-18,508.0,522.0,508.0,519.4500122070312,505.8708801269531,2040.0
2016-02-19,519.5,527.5499877929688,505.0,509.5,496.18096923828125,7389.0
2016-02-22,509.5,520.9000244140625,498.0,499.79998779296875,486.7345275878906,13145.0
2016-02-23,500.1000061035156,502.04998779296875,481.1000061035156,491.3999938964844,478.55413818359375,7033.0
2016-02-24,481.54998779296875,506.0,481.54998779296875,491.79998779296875,478.94366455078125,4019.0
2016-02-25,486.3500061035156,490.0,475.0,482.20001220703125,469.5946044921875,5145.0
2016-02-26,480.0,500.04998779296875,480.0,489.95001220703125,477.14202880859375,7098.0
2016-02-29,509.0,509.0,479.0,494.8500061035156,481.9139404296875,3973.0
2016-03-01,498.95001220703125,504.95001220703125,497.0,497.95001220703125,484.9328918457031,33836.0
2016-03-02,509.0,592.3499755859375,494.20001220703125,567.3499755859375,552.5186767578125,108517.0
2016-03-03,573.0,588.0,532.4000244140625,568.2999877929688,553.4437866210938,19712.0
2016-03-04,580.0,580.0,560.0499877929688,566.4500122070312,551.6422119140625,3776.0
2016-03-08,574.7999877929688,585.0,558.0499877929688,576.6500244140625,561.5756225585938,6451.0
2016-03-09,574.9500122070312,579.5999755859375,562.5499877929688,571.6500244140625,556.706298828125,1094.0
2016-03-10,584.75,584.75,552.25,563.8499755859375,549.110107421875,5911.0
2016-03-11,570.0,570.0,553.0,556.25,541.7088012695312,3860.0
2016-03-14,554.2999877929688,574.9500122070312,543.4500122070312,548.4000244140625,534.0640869140625,8573.0
2016-03-15,544.0,548.9500122070312,531.0,538.9000244140625,524.8124389648438,14225.0
2016-03-16,526.4500122070312,550.0,526.4500122070312,544.1500244140625,529.9251708984375,4564.0
2016-03-17,548.0,565.0,545.0,558.5999755859375,543.9973754882812,8315.0
2016-03-18,551.0499877929688,559.9500122070312,547.0999755859375,556.4500122070312,541.9036865234375,2008.0
2016-03-21,560.0,576.0,560.0,569.8499755859375,554.9533081054688,2155.0
2016-03-22,565.7000122070312,592.8499755859375,560.0,575.7999877929688,560.747802734375,5715.0
2016-03-23,572.0499877929688,590.0,572.0,582.0,566.7857666015625,4152.0
2016-03-28,582.25,603.9500122070312,582.25,588.5999755859375,573.2131958007812,5430.0
2016-03-29,590.0,590.5,566.0,573.3499755859375,558.3618774414062,6765.0
2016-03-30,565.25,590.0,565.25,572.7000122070312,557.7288818359375,4268.0
2016-03-31,572.2000122070312,580.0,558.4500122070312,560.9500122070312,546.2860107421875,21709.0
2016-04-01,572.5,579.0,560.0,573.6500244140625,558.654052734375,2715.0
2016-04-04,579.9500122070312,594.0,579.9500122070312,587.25,571.8984985351562,4003.0
2016-04-05,581.0,590.0,578.0,580.5999755859375,565.4222412109375,3722.0
2016-04-06,578.0,592.0,575.0,585.5499877929688,570.242919921875,2758.0
2016-04-07,589.7999877929688,592.5,581.0,584.4000244140625,569.123046875,1954.0
2016-04-08,580.0,587.5,572.0,579.2000122070312,564.0588989257812,762.0
2016-04-11,590.0,590.9000244140625,578.0,587.2999877929688,571.9471435546875,2970.0
2016-04-12,590.0,616.0,590.0,598.6500244140625,583.00048828125,6584.0
2016-04-13,603.0,610.0,594.0499877929688,600.6500244140625,584.9483032226562,2227.0
2016-04-18,606.0,619.0,600.0,618.2999877929688,602.13671875,3431.0
2016-04-20,605.0,630.0,600.1500244140625,621.1500244140625,604.9122314453125,4642.0
2016-04-21,612.5,628.9500122070312,612.5,621.0,604.7662353515625,2623.0
2016-04-22,612.0499877929688,627.5,612.0499877929688,614.75,598.6795654296875,2384.0
2016-04-25,620.0,624.4500122070312,608.0,614.8499755859375,598.7769165039062,1712.0
2016-04-26,610.0,624.5,610.0,621.7000122070312,605.4479370117188,1230.0
2016-04-27,623.7999877929688,623.7999877929688,611.0999755859375,618.0,601.8446044921875,981.0
2016-04-28,619.9500122070312,628.7999877929688,606.0,609.8499755859375,593.9076538085938,2930.0
2016-04-29,611.0,624.9000244140625,610.5,620.9500122070312,604.717529296875,4165.0
2016-05-02,619.5,623.9500122070312,604.0,611.9000244140625,595.9041137695312,1871.0
2016-05-03,610.0499877929688,629.0,610.0499877929688,616.2999877929688,600.1890258789062,5318.0
2016-05-04,625.0,634.4500122070312,612.5,619.3499755859375,603.1593627929688,7958.0
2016-05-05,603.0,622.0,603.0,615.75,599.6534423828125,2932.0
2016-05-06,615.0,621.5,606.2999877929688,615.9500122070312,599.8482666015625,1472.0
2016-05-09,610.0499877929688,621.2999877929688,610.0499877929688,615.8499755859375,599.7507934570312,2468.0
2016-05-10,605.2000122070312,620.9500122070312,605.2000122070312,611.5,595.5145874023438,1216.0
2016-05-11,617.3499755859375,622.0,607.1500244140625,621.1500244140625,604.9122314453125,6313.0
2016-05-12,625.0,630.0,614.5,622.7000122070312,606.4218139648438,26611.0
2016-05-13,625.0,632.0,618.0,626.25,609.87890625,6759.0
2016-05-16,630.0,634.0,621.2999877929688,624.5,608.1746215820312,7155.0
2016-05-17,649.9500122070312,679.0,634.0499877929688,635.5999755859375,618.9844360351562,87258.0
2016-05-18,643.0,647.0,615.0499877929688,629.4000244140625,612.9465942382812,19212.0
2016-05-19,630.0,641.0,614.0499877929688,621.5999755859375,605.3504638671875,11812.0
2016-05-20,619.2000122070312,622.0,613.0,616.0499877929688,599.945556640625,15758.0
2016-05-23,621.9500122070312,622.0,600.0499877929688,604.3499755859375,588.5513916015625,9618.0
2016-05-24,602.2000122070312,602.2000122070312,572.0,579.9000244140625,564.7406616210938,38898.0
2016-05-25,589.9000244140625,590.0,568.0,576.5,561.429443359375,11600.0
2016-05-26,580.0,609.8499755859375,571.0,592.1500244140625,576.67041015625,7110.0
2016-05-27,592.0,605.0,587.5,599.25,583.5847778320312,7171.0
2016-05-30,595.0999755859375,606.0,593.0,594.5999755859375,579.0562744140625,3940.0
2016-05-31,600.0,600.0,585.0,593.5499877929688,578.0338134765625,6002.0
2016-06-01,588.0,597.0,586.0,594.2999877929688,578.76416015625,2343.0
2016-06-02,591.0,605.0,590.4500122070312,602.6500244140625,586.8958740234375,1714.0
2016-06-03,608.0,617.7000122070312,600.0,601.75,586.0194091796875,3834.0
2016-06-06,605.0499877929688,608.3499755859375,591.0499877929688,596.5499877929688,580.9553833007812,2779.0
2016-06-07,597.0999755859375,600.7000122070312,588.0,592.7000122070312,577.2060546875,1397.0
2016-06-08,594.9000244140625,634.0,594.9000244140625,621.8499755859375,605.593994140625,20052.0
2016-06-09,627.0999755859375,639.0,624.0,633.0499877929688,616.501220703125,10956.0
2016-06-10,631.0,634.0,618.0,621.5999755859375,605.3504638671875,2984.0
2016-06-13,622.5,624.0,604.0,621.1500244140625,604.9122314453125,5469.0
2016-06-14,621.1500244140625,623.5,611.1500244140625,619.9000244140625,603.6949462890625,3542.0
2016-06-15,616.2999877929688,644.4000244140625,616.2999877929688,629.0999755859375,612.6544189453125,8005.0
2016-06-16,637.9500122070312,638.0,615.0499877929688,618.4500122070312,602.2828979492188,3071.0
2016-06-17,628.7999877929688,628.7999877929688,604.0999755859375,605.7999877929688,589.9635620117188,6421.0
2016-06-20,600.0,622.9000244140625,600.0,605.5499877929688,589.7200927734375,4361.0
2016-06-21,609.0,609.0499877929688,599.0,600.5999755859375,584.8994750976562,4054.0
2016-06-22,606.0,606.0,595.0,599.5999755859375,583.9255981445312,4798.0
2016-06-23,596.3499755859375,600.0499877929688,595.0,599.7000122070312,584.0230102539062,5244.0
2016-06-24,589.7000122070312,609.0,580.0,601.2000122070312,585.4837646484375,4060.0
2016-06-27,590.0,621.9500122070312,590.0,608.4500122070312,592.5443115234375,3694.0
2016-06-28,610.9500122070312,613.9500122070312,605.0,606.9000244140625,591.0347900390625,3419.0
2016-06-29,618.8499755859375,622.0,606.1500244140625,618.6500244140625,602.4776611328125,6448.0
2016-06-30,621.2000122070312,640.0,619.0,626.4000244140625,610.0250244140625,9918.0
2016-07-01,626.0,654.9500122070312,626.0,640.8499755859375,624.0972900390625,18226.0
2016-07-04,642.0,663.0,641.0999755859375,659.25,642.0162353515625,12924.0
2016-07-05,651.5499877929688,657.0,645.0,648.5,631.5472412109375,3150.0
2016-07-07,658.0,658.0,617.7000122070312,643.4500122070312,626.6293334960938,4777.0
2016-07-08,640.0,649.9500122070312,638.0,648.3499755859375,631.4011840820312,4545.0
2016-07-11,643.0999755859375,659.0,630.0499877929688,634.3499755859375,617.7671508789062,8433.0
2016-07-12,639.0,642.0,632.0,638.0,621.32177734375,3612.0
2016-07-13,634.0,644.9500122070312,631.3499755859375,641.0,624.2433471679688,3044.0
2016-07-14,633.7000122070312,655.0,633.7000122070312,652.2000122070312,635.150634765625,5127.0
2016-07-15,660.0,662.0,640.5,644.8499755859375,627.99267578125,7082.0
2016-07-18,642.0499877929688,659.9000244140625,637.7999877929688,640.75,623.9998779296875,6221.0
2016-07-19,639.0,643.0,635.2000122070312,638.9500122070312,622.2469482421875,2018.0
2016-07-20,629.2000122070312,647.9500122070312,629.2000122070312,642.7000122070312,625.89892578125,5224.0
2016-07-21,640.0,644.0,621.0,625.7999877929688,609.4407348632812,5469.0
2016-07-22,630.0499877929688,633.9500122070312,620.2000122070312,624.6500244140625,608.32080078125,4923.0
2016-07-25,633.9500122070312,641.0,628.0,634.25,617.6698608398438,5345.0
2016-07-26,641.0,642.9500122070312,621.0499877929688,629.75,613.2874755859375,6365.0
2016-07-27,637.5,640.9500122070312,621.0,622.6500244140625,606.3731079101562,4601.0
2016-07-28,623.0999755859375,630.0999755859375,614.1500244140625,624.25,607.9312744140625,8945.0
2016-07-29,635.0,637.0499877929688,609.0,613.7999877929688,597.7544555664062,12812.0
2016-08-01,618.0,625.0,595.5,600.6500244140625,584.9483032226562,24354.0
2016-08-02,601.0,614.0,599.0999755859375,600.7000122070312,584.9968872070312,8789.0
2016-08-03,605.0,607.9500122070312,596.0,598.7000122070312,583.0491943359375,9025.0
2016-08-04,601.9500122070312,604.7999877929688,589.7000122070312,601.4000244140625,589.617919921875,3793.0
2016-08-05,602.0,629.7999877929688,600.0,626.1500244140625,613.883056640625,9991.0
2016-08-08,638.0,638.0,615.2000122070312,623.2999877929688,611.0888671875,3514.0
2016-08-09,622.0,624.5999755859375,616.25,618.8499755859375,606.7260131835938,3873.0
2016-08-10,620.0999755859375,625.0,611.0,622.2999877929688,610.1083984375,3296.0
2016-08-11,626.9500122070312,629.0,593.0,599.9500122070312,588.1962890625,11118.0
2016-08-12,580.0,592.5,536.5499877929688,543.0999755859375,532.4600219726562,71125.0
2016-08-16,557.7000122070312,568.7999877929688,550.1500244140625,553.5499877929688,542.705322265625,10188.0
2016-08-17,557.0,558.5999755859375,548.3499755859375,554.75,543.8817749023438,4161.0
2016-08-18,557.9000244140625,566.0,554.25,564.2999877929688,553.2447509765625,8695.0
2016-08-19,566.0,578.0,562.0,574.5999755859375,563.3428955078125,6863.0
2016-08-22,578.0,583.8499755859375,565.5499877929688,574.75,563.4899291992188,5514.0
2016-08-23,574.5,579.7999877929688,562.0999755859375,563.9000244140625,552.8526000976562,4792.0
2016-08-24,570.0,586.0,564.0,580.0,568.6371459960938,3099.0
2016-08-25,585.0,585.0,568.0999755859375,573.7999877929688,562.55859375,6280.0
2016-08-26,585.0,585.0,566.0,566.75,555.646728515625,3931.0
2016-08-29,573.5,578.0,560.6500244140625,574.0999755859375,562.8527221679688,6637.0
2016-08-30,581.9500122070312,581.9500122070312,570.0,577.2999877929688,565.9900512695312,3121.0
2016-08-31,587.9500122070312,587.9500122070312,565.0499877929688,567.75,556.627197265625,6812.0
2016-09-01,580.0,580.0,568.0,572.5999755859375,561.3821411132812,2207.0
2016-09-02,565.0499877929688,577.8499755859375,564.7999877929688,569.0499877929688,557.901611328125,2926.0
2016-09-06,579.9500122070312,579.9500122070312,564.7999877929688,569.2000122070312,558.0487060546875,9454.0
2016-09-07,574.9500122070312,574.9500122070312,553.5999755859375,559.1500244140625,548.1956787109375,19409.0
2016-09-08,562.0499877929688,570.0,556.2999877929688,568.1500244140625,557.0193481445312,6872.0
2016-09-09,565.0,573.4500122070312,562.2000122070312,570.9500122070312,559.7644653320312,2461.0
2016-09-12,572.0,572.0,551.0,562.6500244140625,551.6271362304688,3342.0
2016-09-14,565.0,574.0,557.0499877929688,569.9500122070312,558.7840576171875,2350.0
2016-09-15,576.8499755859375,588.7999877929688,561.5999755859375,583.9000244140625,572.4607543945312,5085.0
2016-09-16,571.0,589.9500122070312,571.0,579.7000122070312,568.3429565429688,3957.0
2016-09-19,575.0499877929688,605.0,568.0,601.1500244140625,589.372802734375,8899.0
2016-09-20,602.0,609.0,593.0,595.1500244140625,583.4903564453125,4140.0
2016-09-21,595.1500244140625,600.0,587.0999755859375,590.7000122070312,579.1275634765625,1496.0
2016-09-22,600.0,613.9500122070312,592.2000122070312,598.7999877929688,587.06884765625,23879.0
2016-09-23,608.5,610.0,594.9500122070312,595.4500122070312,583.7844848632812,6577.0
2016-09-26,600.0,601.0999755859375,595.4500122070312,599.5,587.755126953125,4458.0
2016-09-27,599.5,607.4500122070312,593.0499877929688,594.9000244140625,583.2452392578125,4351.0
2016-09-28,604.0,604.0,591.7999877929688,594.3499755859375,582.7059326171875,4473.0
2016-09-29,610.0,610.0,565.0,572.7999877929688,561.5781860351562,5145.0
2016-09-30,552.4500122070312,588.9500122070312,552.4500122070312,580.5,569.1273193359375,5138.0
2016-10-03,588.0,615.0,575.0,589.5999755859375,578.049072265625,4233.0
2016-10-04,599.0,599.0,588.0,593.75,582.1177978515625,3432.0
2016-10-05,591.1500244140625,609.0,591.1500244140625,603.6500244140625,591.8237915039062,7690.0
2016-10-06,609.0,619.9500122070312,603.1500244140625,608.5,596.5787353515625,6961.0
2016-10-07,611.0,621.0,602.0,615.75,603.686767578125,8022.0
2016-10-10,619.75,628.0,614.0499877929688,624.2000122070312,611.9712524414062,8272.0
2016-10-13,630.0,631.0,608.2999877929688,613.4000244140625,601.3828125,10198.0
2016-10-14,610.0,617.0,607.6500244140625,611.0,599.02978515625,1126.0
2016-10-17,614.0,618.9500122070312,606.1500244140625,611.5,599.52001953125,816.0
2016-10-18,611.0499877929688,616.0,603.6500244140625,605.7999877929688,593.9317016601562,3242.0
2016-10-19,611.0499877929688,625.0,601.0,610.7999877929688,598.833740234375,11143.0
2016-10-20,614.1500244140625,622.0,607.5,619.5499877929688,607.4122924804688,8293.0
2016-10-21,620.0,625.0,611.6500244140625,615.0499877929688,603.00048828125,3467.0
2016-10-24,615.0499877929688,656.0,615.0,648.0,635.3049926757812,17141.0
2016-10-25,653.9500122070312,653.9500122070312,640.0,645.9500122070312,633.295166015625,3901.0
2016-10-26,648.0,655.0,632.0999755859375,636.6500244140625,624.1773071289062,7488.0
2016-10-27,644.9500122070312,653.0,626.0,640.75,628.1968994140625,4851.0
2016-10-28,643.8499755859375,650.0,639.0,648.7000122070312,635.9912109375,3591.0
2016-11-01,650.0499877929688,659.0,643.2000122070312,648.25,635.550048828125,5352.0
2016-11-02,650.0,650.0,634.5,636.2999877929688,623.8341674804688,6900.0
2016-11-03,649.9500122070312,649.9500122070312,629.0499877929688,632.2000122070312,619.814453125,4755.0
2016-11-04,628.0,637.7999877929688,607.0,612.9000244140625,600.8926391601562,4708.0
2016-11-07,622.0,643.9500122070312,615.0,621.25,609.0790405273438,5718.0
2016-11-08,619.9500122070312,621.0,613.0,614.4000244140625,602.3632202148438,8071.0
2016-11-09,555.1500244140625,612.2000122070312,555.1500244140625,607.8499755859375,595.9415283203125,6941.0
2016-11-10,610.0,616.9500122070312,606.0,607.4000244140625,595.5003662109375,17341.0
2016-11-11,620.0,620.0,593.7999877929688,598.0499877929688,586.3335571289062,1891.0
2016-11-15,620.0,625.25,578.2000122070312,594.2000122070312,582.5589599609375,12072.0
2016-11-16,607.0499877929688,610.0499877929688,569.2000122070312,576.7999877929688,565.4998168945312,5325.0
2016-11-17,580.0,586.9500122070312,569.0,570.4500122070312,559.2742309570312,5699.0
2016-11-18,581.9500122070312,582.0,561.2999877929688,576.1500244140625,564.8626098632812,4250.0
2016-11-21,584.3499755859375,584.4000244140625,555.1500244140625,563.9500122070312,552.9015502929688,4344.0
2016-11-22,569.9500122070312,579.9500122070312,555.0,572.75,561.5291748046875,3700.0
2016-11-23,579.9500122070312,590.0,569.9500122070312,586.9000244140625,575.4019775390625,1185.0
2016-11-24,571.0,594.0,571.0,583.7000122070312,572.2646484375,2302.0
2016-11-25,582.1500244140625,605.0,580.0499877929688,593.0999755859375,581.48046875,4853.0
2016-11-28,598.0,607.9000244140625,546.5999755859375,598.75,587.019775390625,6113.0
2016-11-29,590.0499877929688,606.9000244140625,590.0,594.25,582.6079711914062,3478.0
2016-11-30,595.5499877929688,603.0,588.0,591.7999877929688,580.2059936523438,1817.0
2016-12-01,613.9500122070312,613.9500122070312,592.1500244140625,598.2999877929688,586.57861328125,1335.0
2016-12-02,595.8499755859375,598.9000244140625,572.0999755859375,576.7000122070312,565.40185546875,2592.0
2016-12-05,577.0999755859375,585.0,570.2000122070312,575.8499755859375,564.568359375,1707.0
2016-12-06,574.2999877929688,585.0,574.2999877929688,578.25,566.9214477539062,893.0
2016-12-07,575.7000122070312,585.0,567.0499877929688,579.5499877929688,568.1959838867188,1268.0
2016-12-08,586.4000244140625,589.0,581.0,586.75,575.2548828125,1110.0
2016-12-09,591.9500122070312,597.5,587.9500122070312,590.7000122070312,579.1275634765625,1246.0
2016-12-12,599.9500122070312,600.0,580.0999755859375,589.5499877929688,578.0000610351562,3790.0
2016-12-13,600.0,600.0,580.0999755859375,583.2999877929688,571.8724365234375,2727.0
2016-12-14,577.0499877929688,592.0,577.0,589.1500244140625,577.6078491210938,1980.0
2016-12-15,589.0,589.9500122070312,581.2000122070312,583.2000122070312,571.7744140625,571.0
2016-12-16,584.0499877929688,593.0,584.0,589.7000122070312,578.1471557617188,1910.0
2016-12-19,585.0,592.0,585.0,588.3499755859375,576.8235473632812,550.0
2016-12-20,588.9500122070312,589.8499755859375,585.0,589.5,577.9509887695312,228.0
2016-12-21,585.0,589.75,584.0,586.6500244140625,575.1568603515625,756.0
2016-12-22,578.0499877929688,587.9500122070312,578.0499877929688,581.9500122070312,570.5489501953125,836.0
2016-12-23,582.0499877929688,589.8499755859375,579.0,580.0,568.6371459960938,1617.0
2016-12-26,577.0,577.8499755859375,565.0999755859375,575.1500244140625,563.8822021484375,2186.0
2016-12-27,572.5499877929688,588.0,570.0,586.1500244140625,574.6666870117188,4259.0
2016-12-28,593.75,593.75,577.0499877929688,580.9500122070312,569.5684814453125,788.0
2016-12-29,580.0,583.0,577.1500244140625,580.4500122070312,569.078369140625,482.0
2016-12-30,585.0499877929688,594.0,581.0499877929688,588.7999877929688,577.2647094726562,987.0
2017-01-02,597.0,599.9500122070312,580.1500244140625,597.0499877929688,585.3531494140625,954.0
2017-01-03,588.2999877929688,601.9000244140625,588.2999877929688,599.0499877929688,587.3139038085938,1965.0
2017-01-04,595.9500122070312,605.9500122070312,595.9500122070312,601.5999755859375,589.81396484375,2184.0
2017-01-05,593.5499877929688,610.0,593.0999755859375,607.8499755859375,595.9415283203125,2971.0
2017-01-06,608.9500122070312,610.0,600.5,601.9500122070312,590.1571044921875,2256.0
2017-01-09,600.5,604.9000244140625,597.0,597.0499877929688,585.3531494140625,2404.0
2017-01-10,597.0,600.75,571.0,596.0999755859375,584.4216918945312,2688.0
2017-01-11,596.0,605.75,596.0,599.7999877929688,588.0492553710938,27042.0
2017-01-12,595.5499877929688,605.0,595.0499877929688,600.0,588.2453002929688,14305.0
2017-01-13,600.0499877929688,600.0499877929688,592.0,594.6500244140625,583.0001831054688,2609.0
2017-01-16,609.75,609.75,596.0499877929688,596.9000244140625,585.2061157226562,3103.0
2017-01-17,599.9500122070312,607.9500122070312,595.0499877929688,602.7000122070312,590.8924560546875,5012.0
2017-01-18,610.0,616.0,592.0,612.7999877929688,600.7945556640625,3156.0
2017-01-19,609.0,613.9500122070312,603.5999755859375,610.5999755859375,598.6376342773438,1100.0
2017-01-20,607.0,613.0,602.4500122070312,602.7999877929688,590.9904174804688,7581.0
2017-01-23,606.5,608.9500122070312,602.0,605.2000122070312,593.3434448242188,1564.0
2017-01-24,605.0499877929688,615.0,602.9500122070312,611.25,599.27490234375,795.0
2017-01-25,611.25,618.2000122070312,607.0,614.1500244140625,602.1181640625,3829.0
2017-01-27,615.0,630.0,606.7999877929688,610.4500122070312,598.4906616210938,7708.0
2017-01-30,615.2999877929688,617.4000244140625,609.5499877929688,615.3499755859375,603.2945556640625,2820.0
2017-01-31,616.2000122070312,617.0,601.0999755859375,607.5999755859375,595.6963500976562,2721.0
2017-02-01,611.4000244140625,614.9500122070312,592.5999755859375,607.75,595.8434448242188,2530.0
2017-02-02,608.5,633.9500122070312,608.0,620.7000122070312,608.5398559570312,8493.0
2017-02-03,624.5,640.0,617.0,636.5,624.0302124023438,9228.0
2017-02-06,640.0,664.0,631.1500244140625,650.4500122070312,637.7069702148438,20590.0
2017-02-07,658.0,658.0,635.0,641.5999755859375,629.0302734375,3201.0
2017-02-08,654.9000244140625,655.0499877929688,644.0,650.25,637.5109252929688,10890.0
2017-02-09,649.9000244140625,661.0,645.0999755859375,654.9500122070312,642.1187744140625,15149.0
2017-02-10,648.0499877929688,648.0499877929688,622.0,624.75,612.5103759765625,21522.0
2017-02-13,627.7000122070312,628.0,606.75,609.2000122070312,597.26513671875,10312.0
2017-02-14,610.9500122070312,615.0,601.0999755859375,607.9000244140625,595.9905395507812,2569.0
2017-02-15,605.9500122070312,608.2999877929688,596.4000244140625,598.4500122070312,586.7257080078125,3478.0
2017-02-16,596.4000244140625,607.0,591.5999755859375,605.2000122070312,593.3434448242188,2632.0
2017-02-17,609.9500122070312,610.0,592.5999755859375,599.7000122070312,587.9512329101562,3926.0
2017-02-20,596.75,607.4500122070312,571.2999877929688,604.7999877929688,592.9512939453125,5371.0
2017-02-21,604.25,607.9000244140625,596.3499755859375,604.9500122070312,593.098388671875,6109.0
2017-02-22,608.0499877929688,608.0499877929688,601.0,603.0999755859375,591.2846069335938,1168.0
2017-02-23,602.0499877929688,610.0,598.0,605.0,593.1473999023438,2406.0
2017-02-27,596.1500244140625,615.0,596.1500244140625,611.3499755859375,599.3729248046875,25358.0
2017-02-28,608.0499877929688,614.9500122070312,604.0499877929688,607.0,595.108154296875,6413.0
2017-03-01,618.75,618.7999877929688,602.9500122070312,606.7000122070312,594.8141479492188,6946.0
2017-03-02,604.1500244140625,615.0,602.0999755859375,608.25,596.333740234375,3112.0
2017-03-03,604.1500244140625,615.0,598.2000122070312,611.7999877929688,599.8141479492188,5546.0
2017-03-06,618.9000244140625,618.9500122070312,605.5999755859375,614.5,602.461181640625,30625.0
2017-03-07,614.0,618.0499877929688,609.0,614.6500244140625,602.6083374023438,8264.0
2017-03-08,615.0,615.0499877929688,610.0,611.9000244140625,599.9121704101562,3242.0
2017-03-09,611.2000122070312,614.0,601.1500244140625,606.4500122070312,594.5690307617188,2572.0
2017-03-10,613.2999877929688,613.2999877929688,601.2999877929688,603.75,591.921875,2118.0
2017-03-14,605.6500244140625,614.7999877929688,600.2999877929688,602.8499755859375,591.0394897460938,13494.0
2017-03-15,602.0499877929688,612.0,598.0,609.5499877929688,597.6082153320312,2800.0
2017-03-16,615.1500244140625,618.75,609.0,611.2000122070312,599.2258911132812,7085.0
2017-03-17,613.0499877929688,615.5,608.2000122070312,611.4500122070312,599.4710693359375,7023.0
2017-03-20,614.9500122070312,615.0,603.0,606.25,594.3728637695312,2389.0
2017-03-21,608.4500122070312,612.5,600.0999755859375,608.5999755859375,596.6768188476562,2464.0
2017-03-22,596.5,611.6500244140625,596.5,610.0999755859375,598.1473388671875,5316.0
2017-03-23,611.0999755859375,611.0999755859375,599.0,602.7000122070312,590.8924560546875,9390.0
2017-03-24,602.0499877929688,640.0,602.0499877929688,629.5999755859375,617.2653198242188,17823.0
2017-03-27,611.3499755859375,652.7999877929688,611.3499755859375,641.9500122070312,629.37353515625,14333.0
2017-03-28,650.0,685.0,640.0,680.0999755859375,666.7760620117188,41811.0
2017-03-29,685.0,703.0,680.9500122070312,692.3499755859375,678.7860717773438,44230.0
2017-03-30,698.0,702.0,689.0,694.2000122070312,680.599853515625,11290.0
2017-03-31,694.75,703.0,681.0999755859375,687.2000122070312,673.7369384765625,12373.0
2017-04-03,692.0,699.0,680.5,689.2000122070312,675.6978149414062,12277.0
2017-04-05,699.8499755859375,719.0,677.0,712.5,698.541259765625,25476.0
2017-04-06,711.0499877929688,733.0,706.9000244140625,722.6500244140625,708.492431640625,15537.0
2017-04-07,735.0,759.7999877929688,727.5,750.8499755859375,736.1399536132812,73204.0
2017-04-10,754.7000122070312,766.9000244140625,732.0,742.9000244140625,728.3457641601562,16140.0
2017-04-11,754.9000244140625,766.0,737.0,746.2999877929688,731.6790771484375,26316.0
2017-04-12,750.0,750.0,710.0,731.2000122070312,716.875,15418.0
2017-04-13,728.0499877929688,749.9000244140625,725.0499877929688,727.7000122070312,713.4435424804688,9127.0
2017-04-17,737.0,768.7000122070312,735.0499877929688,764.5999755859375,749.62060546875,38241.0
2017-04-18,768.0,790.0,715.0499877929688,738.4500122070312,723.9829711914062,49543.0
2017-04-19,749.9500122070312,759.9500122070312,736.7999877929688,753.0499877929688,738.2968139648438,9254.0
2017-04-20,741.5999755859375,769.7000122070312,741.5999755859375,759.8499755859375,744.963623046875,9319.0
2017-04-21,761.2999877929688,770.0,742.25,748.8499755859375,734.1791381835938,7517.0
2017-04-24,764.0,765.0,737.0,746.9500122070312,732.3164672851562,6299.0
2017-04-25,746.9500122070312,764.0,745.0,750.6500244140625,735.9439697265625,9468.0
2017-04-26,752.2999877929688,753.0,740.0,740.7000122070312,726.1888427734375,11322.0
2017-04-27,744.9000244140625,751.0,740.0,748.0,733.3458251953125,12369.0
2017-04-28,748.0499877929688,751.9500122070312,735.0,737.9500122070312,723.4927368164062,6140.0
2017-05-02,730.0,749.0,728.0,733.2999877929688,718.933837890625,5916.0
2017-05-03,735.0,740.0,722.0,725.9500122070312,711.7278442382812,6778.0
2017-05-04,732.5,732.5,722.0,725.4500122070312,711.2376098632812,2256.0
2017-05-05,715.1500244140625,724.5,704.0499877929688,706.8499755859375,693.0020141601562,4937.0
2017-05-08,705.25,726.0,705.25,711.2999877929688,697.3648681640625,5914.0
2017-05-09,722.0,723.5499877929688,712.8499755859375,717.9500122070312,703.8845825195312,13704.0
2017-05-10,729.0,729.0,712.0,718.7999877929688,704.7178344726562,3485.0
2017-05-11,712.9500122070312,721.0,710.0,711.3499755859375,697.4138793945312,5359.0
2017-05-12,717.7000122070312,717.9500122070312,704.0,707.0,693.1491088867188,5033.0
2017-05-15,715.0499877929688,728.0,710.0,720.1500244140625,706.04150390625,13099.0
2017-05-16,730.0,735.0999755859375,718.2999877929688,732.75,718.39453125,5434.0
2017-05-17,733.0,773.7999877929688,720.0,768.7999877929688,753.7383422851562,18798.0
2017-05-18,758.25,773.8499755859375,755.0,768.0,752.9540405273438,23983.0
2017-05-19,773.8499755859375,777.7000122070312,742.25,752.0,737.2675170898438,15090.0
2017-05-22,765.0,765.0,743.0,744.2000122070312,729.6203002929688,4280.0
2017-05-23,745.0,745.0,708.2000122070312,727.3499755859375,713.1004028320312,18228.0
2017-05-24,725.5,731.9000244140625,710.0,715.4000244140625,701.384521484375,9088.0
2017-05-25,705.0,726.5,705.0,722.9500122070312,708.7865600585938,6856.0
2017-05-26,722.9500122070312,754.9500122070312,722.9500122070312,744.75,730.1594848632812,6147.0
2017-05-29,760.0,780.0,752.0,770.25,755.159912109375,19354.0
2017-05-30,765.0499877929688,770.0,756.3499755859375,764.1500244140625,749.179443359375,6306.0
2017-05-31,769.4500122070312,776.9500122070312,765.0,765.9000244140625,750.8951416015625,5490.0
2017-06-01,767.5499877929688,775.0,767.5499877929688,773.9500122070312,758.7874755859375,3174.0
2017-06-02,774.9500122070312,774.9500122070312,760.0999755859375,761.8499755859375,746.9244995117188,4601.0
2017-06-05,779.0,779.0,768.5499877929688,774.7999877929688,759.6207885742188,8157.0
2017-06-06,775.0999755859375,779.9500122070312,765.0,770.7999877929688,755.6990966796875,3457.0
2017-06-07,753.0,783.9500122070312,751.0,774.5499877929688,759.3756713867188,9175.0
2017-06-08,779.0,819.9500122070312,775.0,806.5,790.69970703125,46102.0
2017-06-09,815.0,845.0,811.0,833.4500122070312,817.1217651367188,51223.0
2017-06-12,833.5,839.9500122070312,809.0,814.2999877929688,798.346923828125,10036.0
2017-06-13,815.1500244140625,824.9500122070312,808.7999877929688,810.5,794.6213989257812,4064.0
2017-06-14,810.0,849.9000244140625,794.3499755859375,829.6500244140625,813.396240234375,14762.0
2017-06-15,841.9000244140625,866.0,838.0,860.9500122070312,844.0830078125,17426.0
2017-06-16,864.0,878.2000122070312,846.5,854.5499877929688,837.8084106445312,9564.0
2017-06-19,869.9000244140625,869.9000244140625,847.0,857.8499755859375,841.043701171875,5986.0
2017-06-20,861.9000244140625,885.0,849.25,866.4000244140625,849.42626953125,18072.0
2017-06-21,867.0,867.0,845.0999755859375,853.0999755859375,836.3867797851562,10922.0
2017-06-22,855.0,865.0,843.0,850.2000122070312,833.543701171875,16346.0
2017-06-23,842.0499877929688,847.9500122070312,825.0,829.9500122070312,813.6903686523438,6348.0
2017-06-27,820.0,834.7000122070312,812.0,815.0999755859375,799.1312255859375,9380.0
2017-06-28,830.0,830.0,809.2999877929688,813.0999755859375,797.1704711914062,7796.0
2017-06-29,822.0,835.0,810.0499877929688,825.8499755859375,809.6705932617188,15888.0
2017-06-30,812.0,857.7000122070312,812.0,832.2999877929688,815.9943237304688,6287.0
2017-07-03,845.0,898.0,828.7999877929688,891.3499755859375,873.8873901367188,39463.0
2017-07-04,900.0,904.7000122070312,875.5499877929688,894.75,877.2208862304688,28602.0
2017-07-05,880.0999755859375,920.0,880.0999755859375,917.0,899.0349731445312,48840.0
2017-07-06,920.0,955.5,914.4500122070312,943.3499755859375,924.86865234375,54166.0
2017-07-07,948.0,988.9000244140625,940.0,950.9000244140625,932.270751953125,54144.0
2017-07-10,940.0,978.0,940.0,945.9000244140625,927.3687133789062,2435.0
2017-07-11,950.0,950.0,919.0,922.5499877929688,904.4761962890625,13512.0
2017-07-12,922.5,930.0,917.0,924.25,906.1428833007812,7458.0
2017-07-13,927.1500244140625,935.1500244140625,920.0,920.6500244140625,902.6134643554688,10322.0
2017-07-14,921.0,935.0,902.25,922.0999755859375,904.0350341796875,9553.0
2017-07-17,940.0,1038.9000244140625,933.0499877929688,996.4000244140625,976.8794555664062,130567.0
2017-07-18,996.0,1022.7000122070312,980.0,1008.2000122070312,988.4482421875,38853.0
2017-07-19,1020.0,1088.0,1012.0499877929688,1062.0,1041.1942138671875,95045.0
2017-07-20,1077.300048828125,1108.0,1051.0,1058.550048828125,1037.8118896484375,44984.0
2017-07-21,1059.0,1080.949951171875,1045.0,1060.25,1039.478515625,20234.0
2017-07-24,1072.0,1090.050048828125,1062.0999755859375,1078.5999755859375,1057.468994140625,22210.0
2017-07-25,1090.0,1115.8499755859375,1072.550048828125,1088.9000244140625,1067.5672607421875,17833.0
2017-07-26,1108.699951171875,1136.0,1082.0,1110.300048828125,1088.5479736328125,26522.0
2017-07-27,1107.3499755859375,1119.699951171875,1059.0,1063.199951171875,1042.3707275390625,15737.0
2017-07-28,1060.0,1084.75,1040.0,1073.550048828125,1052.5179443359375,13820.0
2017-07-31,1080.0,1104.0,1050.0,1082.300048828125,1061.0965576171875,14198.0
2017-08-01,1072.050048828125,1090.0,1066.4000244140625,1071.1500244140625,1050.1650390625,6028.0
2017-08-02,1087.0,1087.0,1045.0999755859375,1049.25,1032.5499267578125,6857.0
2017-08-03,1041.6500244140625,1045.0,1023.0,1026.199951171875,1009.86669921875,13193.0
2017-08-04,1034.0,1034.0,1005.0,1022.1500244140625,1005.8812255859375,9375.0
2017-08-07,1035.0,1035.0,992.8499755859375,1003.7000122070312,987.724853515625,18027.0
2017-08-08,1018.5,1020.0,971.0,974.5999755859375,959.0879516601562,10350.0
2017-08-09,962.0,1056.0,944.0,954.0999755859375,938.9142456054688,31723.0
2017-08-10,890.0,893.9500122070312,822.0,843.5,830.0746459960938,81011.0
2017-08-11,822.25,862.2999877929688,803.0,846.2999877929688,832.830078125,25351.0
2017-08-14,855.0499877929688,885.0999755859375,827.0499877929688,849.3499755859375,835.8314819335938,17667.0
2017-08-16,845.0999755859375,870.4000244140625,845.0999755859375,860.5999755859375,846.9024047851562,14832.0
2017-08-17,871.9500122070312,876.0,860.8499755859375,865.4000244140625,851.6260375976562,5192.0
2017-08-18,855.4000244140625,884.0,855.25,877.8499755859375,863.8778686523438,5994.0
2017-08-21,888.9500122070312,924.0,876.0499877929688,909.0,894.5321044921875,21813.0
2017-08-22,916.0,923.9500122070312,881.75,897.0,882.7230834960938,6078.0
2017-08-23,892.0,913.9000244140625,891.5999755859375,897.25,882.9691162109375,1693.0
2017-08-24,913.0,913.0,885.0,894.3499755859375,880.1152954101562,6715.0
2017-08-28,913.0,923.0,895.4000244140625,917.5,902.8967895507812,6848.0
2017-08-29,912.0,920.0499877929688,895.25,905.75,891.3338623046875,5397.0
2017-08-30,899.4000244140625,918.3499755859375,895.25,904.6500244140625,890.2513427734375,3883.0
2017-08-31,890.0,909.0,887.9500122070312,901.7000122070312,887.3482666015625,7690.0
2017-09-01,890.0499877929688,949.0,890.0,938.9500122070312,924.0054321289062,4329.0
2017-09-04,940.0,940.0,904.2999877929688,919.9500122070312,905.3078002929688,4688.0
2017-09-05,913.7999877929688,923.2000122070312,898.5499877929688,908.2000122070312,893.7448120117188,9661.0
2017-09-06,908.9000244140625,925.0,904.0499877929688,920.4500122070312,905.7999267578125,4591.0
2017-09-07,920.0499877929688,931.9500122070312,916.0499877929688,921.1500244140625,906.48876953125,7084.0
2017-09-08,930.3499755859375,934.3499755859375,912.0499877929688,920.4000244140625,905.7506713867188,8014.0
2017-09-11,929.5999755859375,937.6500244140625,903.0,907.3499755859375,892.9083862304688,4794.0
2017-09-12,900.0,960.2999877929688,900.0,939.3499755859375,924.3990478515625,11085.0
2017-09-13,959.0,959.0,935.2999877929688,946.3499755859375,931.28759765625,5790.0
2017-09-14,946.4000244140625,946.4000244140625,921.9500122070312,926.25,911.507568359375,2463.0
2017-09-15,934.9500122070312,958.0,909.0499877929688,948.9500122070312,933.8463134765625,7328.0
2017-09-18,948.9000244140625,967.0,947.0,952.5499877929688,937.388916015625,6273.0
2017-09-19,948.0499877929688,954.5,930.0,934.4000244140625,919.5278930664062,2984.0
2017-09-20,930.9500122070312,937.5499877929688,918.0,920.75,906.0950317382812,3033.0
2017-09-21,919.5999755859375,923.5499877929688,901.4000244140625,908.7000122070312,894.2368774414062,3292.0
2017-09-22,907.0999755859375,907.9000244140625,873.0,884.25,870.1759643554688,4595.0
2017-09-25,871.0499877929688,880.0499877929688,832.5499877929688,853.0499877929688,839.47265625,7583.0
2017-09-26,861.5499877929688,872.0,850.0,852.7000122070312,839.128173828125,4678.0
2017-09-27,850.25,864.5,840.1500244140625,849.75,836.2251586914062,5617.0
2017-09-28,848.5499877929688,850.0,840.0,849.0,835.487060546875,3858.0
2017-09-29,856.0,909.0,856.0,892.8499755859375,878.6390991210938,12476.0
2017-10-03,892.5,900.0,880.7999877929688,886.1500244140625,872.0457763671875,3159.0
2017-10-04,892.9000244140625,960.0,892.7000122070312,947.25,932.17333984375,17667.0
2017-10-05,970.0,1039.0,952.0,1002.9500122070312,986.9867553710938,80805.0
2017-10-06,1005.0,1035.0,999.0,1003.0,987.0359497070312,10642.0
2017-10-09,1020.0,1034.6500244140625,977.9000244140625,1019.5499877929688,1003.3225708007812,19023.0
2017-10-10,1024.949951171875,1050.0,1010.0,1024.8499755859375,1008.5382080078125,11898.0
2017-10-11,1042.6500244140625,1042.6500244140625,998.9500122070312,1012.75,996.6307373046875,16766.0
2017-10-12,1030.0,1072.949951171875,1029.949951171875,1057.050048828125,1040.2257080078125,28092.0
2017-10-13,1067.5999755859375,1080.25,1035.0,1042.25,1025.6612548828125,14089.0
2017-10-16,1073.0,1079.800048828125,1034.25,1056.4000244140625,1039.5860595703125,15618.0
2017-10-17,1073.5,1073.5,1038.5999755859375,1045.300048828125,1028.6627197265625,7890.0
2017-10-18,1049.0,1064.0,1026.6500244140625,1031.5999755859375,1015.1807250976562,8895.0
2017-10-19,1047.0,1047.0,1024.0,1030.449951171875,1014.0490112304688,6156.0
2017-10-23,1049.0,1049.0,1020.0,1022.2999877929688,1006.0287475585938,8070.0
2017-10-24,1038.0,1038.9000244140625,988.0999755859375,1001.5999755859375,985.6582641601562,11429.0
2017-10-25,1010.0,1011.5,994.5,1007.0999755859375,991.0707397460938,8992.0
2017-10-26,1011.9000244140625,1012.0,988.0,1002.1500244140625,986.199462890625,4469.0
2017-10-27,1008.0,1035.9000244140625,990.0,1033.0,1016.5584716796875,11243.0
2017-10-30,1041.0,1041.0,966.0999755859375,976.2999877929688,960.7609252929688,46583.0
2017-10-31,995.0,995.5,976.0,986.3499755859375,970.6509399414062,15673.0
2017-11-01,986.5,996.0,965.0,970.9000244140625,955.4468994140625,9780.0
2017-11-02,980.5999755859375,983.1500244140625,941.0999755859375,949.6500244140625,934.53515625,12432.0
2017-11-03,959.9500122070312,970.0,942.9500122070312,947.9500122070312,932.8621215820312,9559.0
2017-11-06,945.0,954.5,940.0,951.3499755859375,936.2080078125,9196.0
2017-11-07,948.4000244140625,968.9000244140625,940.0499877929688,950.2999877929688,935.1747436523438,9315.0
2017-11-08,959.7999877929688,959.7999877929688,935.0,937.7000122070312,922.7753295898438,4062.0
2017-11-09,935.25,959.0,935.25,955.0999755859375,939.8983154296875,4547.0
2017-11-10,960.0,979.9500122070312,952.0,960.2999877929688,945.0155639648438,6906.0
2017-11-13,987.9500122070312,987.9500122070312,940.0,945.3499755859375,930.3035278320312,3500.0
2017-11-14,960.0,960.0,933.0,944.7000122070312,929.6638793945312,3049.0
2017-11-15,931.25,940.0,931.0499877929688,931.9000244140625,917.0676879882812,2070.0
2017-11-16,950.0,950.0,916.25,929.0999755859375,914.3121337890625,9194.0
2017-11-17,944.0,944.0,912.0999755859375,915.3499755859375,900.7809448242188,5086.0
2017-11-20,939.8499755859375,939.8499755859375,915.0,923.3499755859375,908.6536865234375,3603.0
2017-11-21,921.0,933.0,911.0,916.8499755859375,902.2571411132812,5998.0
2017-11-22,925.0,929.9000244140625,903.0499877929688,917.1500244140625,902.5524291992188,5673.0
2017-11-23,926.2999877929688,926.2999877929688,908.0,911.5,896.9923095703125,7215.0
2017-11-24,920.5999755859375,1018.7000122070312,920.5999755859375,995.7999877929688,979.9505615234375,65002.0
2017-11-27,1020.0,1033.0,1000.0,1012.8499755859375,996.7291870117188,28404.0
2017-11-28,1025.0,1049.0,1010.0,1035.0,1018.5266723632812,33320.0
2017-11-29,1081.0,1148.0,1070.0,1108.550048828125,1090.906005859375,181421.0
2017-11-30,1110.0,1168.0,1109.0999755859375,1132.199951171875,1114.1795654296875,65444.0
2017-12-01,1148.0,1165.0,1074.0,1086.3499755859375,1069.0592041015625,31008.0
2017-12-04,1087.0,1087.0,1015.5999755859375,1037.4000244140625,1020.8884887695312,21471.0
2017-12-05,1037.0,1070.0,1003.25,1054.3499755859375,1037.568603515625,24805.0
2017-12-06,1059.9000244140625,1119.0,1045.050048828125,1054.3499755859375,1037.568603515625,22140.0
2017-12-07,1040.199951171875,1095.0,1034.0,1042.5999755859375,1026.0057373046875,10545.0
2017-12-08,1073.550048828125,1073.550048828125,1045.0,1052.550048828125,1035.79736328125,7844.0
2017-12-11,1074.699951171875,1110.0,1055.0,1084.1500244140625,1066.8944091796875,28158.0
2017-12-12,1070.0,1078.050048828125,1050.0,1051.5999755859375,1034.8624267578125,6569.0
2017-12-13,1051.0,1075.0,1032.050048828125,1066.8499755859375,1049.86962890625,10106.0
2017-12-14,1057.4000244140625,1074.0,1032.0,1045.300048828125,1028.6627197265625,8948.0
2017-12-15,1049.0,1099.1500244140625,1040.8499755859375,1078.6500244140625,1061.48193359375,11700.0
2017-12-18,1095.0,1098.0,1040.0,1076.8499755859375,1059.71044921875,7816.0
2017-12-19,1098.0,1098.0,1055.5,1066.949951171875,1049.9681396484375,4247.0
2017-12-20,1055.5,1105.0,1055.5,1084.800048828125,1067.5340576171875,9884.0
2017-12-21,1098.300048828125,1098.300048828125,1072.0,1077.0,1059.8582763671875,5051.0
2017-12-22,1087.0,1087.0,1055.550048828125,1061.5,1044.6048583984375,7204.0
2017-12-26,1081.199951171875,1081.199951171875,1056.0,1072.550048828125,1055.47900390625,3707.0
2017-12-27,1082.050048828125,1098.0,1062.0999755859375,1073.8499755859375,1056.7581787109375,9355.0
2017-12-28,1070.0,1082.0,1046.0999755859375,1058.8499755859375,1041.9970703125,8780.0
2017-12-29,1068.25,1079.699951171875,1058.8499755859375,1066.0999755859375,1049.131591796875,5246.0
2018-01-01,1076.75,1085.0,1045.0999755859375,1052.449951171875,1035.6988525390625,7722.0
2018-01-02,1062.800048828125,1062.800048828125,1040.0,1044.300048828125,1027.6787109375,5084.0
2018-01-03,1054.449951171875,1078.0,1030.0,1071.5999755859375,1054.5440673828125,13100.0
2018-01-04,1082.0,1082.0,1061.0999755859375,1066.050048828125,1049.08251953125,9486.0
2018-01-05,1068.050048828125,1085.0,1055.25,1078.300048828125,1061.1375732421875,18138.0
2018-01-08,1082.0,1141.0,1076.0,1108.449951171875,1090.8076171875,29194.0
2018-01-09,1119.449951171875,1119.449951171875,1080.0,1087.449951171875,1070.141845703125,12691.0
2018-01-10,1096.0999755859375,1097.449951171875,1079.050048828125,1081.5,1064.28662109375,5766.0
2018-01-11,1092.25,1106.949951171875,1076.1500244140625,1099.6500244140625,1082.147705078125,4775.0
2018-01-12,1110.550048828125,1110.550048828125,1085.050048828125,1096.3499755859375,1078.900146484375,9962.0
2018-01-15,1130.0,1175.0,1127.0,1141.5,1123.3316650390625,26862.0
2018-01-16,1144.0,1152.800048828125,1081.0999755859375,1088.550048828125,1071.224365234375,14575.0
2018-01-17,1075.0,1112.0,1054.300048828125,1103.9000244140625,1086.330078125,8082.0
2018-01-18,1114.8499755859375,1114.8499755859375,1061.25,1071.3499755859375,1054.298095703125,12753.0
2018-01-19,1097.0,1097.0,1045.0,1062.25,1045.3428955078125,4842.0
2018-01-22,1078.1500244140625,1078.1500244140625,1036.0,1043.3499755859375,1026.7437744140625,95039.0
2018-01-23,1053.6500244140625,1084.9000244140625,1046.0,1066.050048828125,1049.08251953125,4625.0
2018-01-24,1079.949951171875,1079.949951171875,1048.0999755859375,1054.4000244140625,1037.6177978515625,5074.0
2018-01-25,1059.949951171875,1059.949951171875,1036.4000244140625,1045.3499755859375,1028.7117919921875,4223.0
2018-01-29,1050.0,1060.0,1024.550048828125,1029.5999755859375,1013.212646484375,7809.0
2018-01-30,1050.0,1050.4000244140625,989.0,995.9500122070312,980.09814453125,14199.0
2018-01-31,998.0,1007.9000244140625,972.4000244140625,978.75,963.1719360351562,5881.0
2018-02-01,983.4000244140625,998.9500122070312,974.0,982.1500244140625,966.5178833007812,4628.0
2018-02-02,961.0,971.0499877929688,915.2000122070312,926.7999877929688,912.0487670898438,13674.0
2018-02-05,926.7999877929688,949.9500122070312,851.0,940.6500244140625,925.6784057617188,6544.0
2018-02-06,918.0,935.0,882.4500122070312,913.8499755859375,899.3048706054688,5510.0
2018-02-07,922.9500122070312,955.9000244140625,922.9500122070312,931.9000244140625,917.0676879882812,7932.0
2018-02-08,930.0,969.0,923.0,962.2000122070312,946.8853759765625,8699.0
2018-02-09,960.0,963.0999755859375,932.5,943.9500122070312,928.9259033203125,3801.0
2018-02-12,979.9000244140625,979.9000244140625,930.0,950.5999755859375,935.469970703125,3702.0
2018-02-14,974.0,998.0,951.5999755859375,987.9000244140625,972.1763305664062,4499.0
2018-02-15,997.75,997.75,942.75,952.9500122070312,937.7825927734375,9834.0
2018-02-16,962.4500122070312,975.0,937.0499877929688,951.0999755859375,935.9620361328125,3786.0
2018-02-19,960.5499877929688,960.5499877929688,918.0,921.9500122070312,907.2760009765625,2469.0
2018-02-20,929.9500122070312,956.0,899.7000122070312,925.25,910.5234375,7694.0
2018-02-21,919.5,935.5,911.25,926.8499755859375,912.0979614257812,5111.0
2018-02-22,934.7999877929688,951.5,907.0499877929688,912.0499877929688,897.5335083007812,5954.0
2018-02-23,921.1500244140625,935.0,895.1500244140625,904.3499755859375,889.9560546875,9388.0
2018-02-26,929.8499755859375,946.0,901.0,939.5999755859375,924.6450805664062,6264.0
2018-02-27,947.5,955.25,936.4500122070312,950.5999755859375,935.469970703125,3381.0
2018-02-28,950.0,950.0,925.0999755859375,942.4000244140625,927.4005126953125,2885.0
2018-03-01,936.0,949.0499877929688,921.25,930.5499877929688,915.7390747070312,1634.0
2018-03-05,940.0,940.0,917.7999877929688,924.5,909.785400390625,1811.0
2018-03-06,933.5,933.5,920.5999755859375,929.25,914.4598388671875,7279.0
2018-03-07,937.9500122070312,937.9500122070312,895.0499877929688,900.5499877929688,886.2166137695312,6181.0
2018-03-08,908.9500122070312,908.9500122070312,868.0499877929688,889.4500122070312,875.2932739257812,6326.0
2018-03-09,898.2000122070312,898.2000122070312,875.0,879.0,865.0095825195312,3089.0
2018-03-12,887.7000122070312,906.3499755859375,869.0499877929688,894.8499755859375,880.6072387695312,7445.0
2018-03-13,903.7000122070312,903.7000122070312,885.0499877929688,892.0499877929688,877.8518676757812,1169.0
2018-03-14,886.0999755859375,892.0,868.0,880.0,865.9937133789062,3966.0
2018-03-15,887.7000122070312,899.9000244140625,878.0999755859375,890.25,876.0805053710938,3493.0
2018-03-16,898.0,898.0,865.0,877.5499877929688,863.5827026367188,3823.0
2018-03-19,897.0,897.0,860.0,861.7999877929688,848.0833129882812,5018.0
2018-03-20,869.0499877929688,869.0999755859375,856.2999877929688,859.6500244140625,845.9676513671875,5129.0
2018-03-21,878.0,878.0,850.0499877929688,851.7999877929688,838.2425537109375,3736.0
2018-03-22,851.2999877929688,858.3499755859375,841.0,847.7999877929688,834.30615234375,22762.0
2018-03-23,854.8499755859375,854.8499755859375,808.0999755859375,828.5,815.3133544921875,12234.0
2018-03-26,849.0,850.0,814.5,843.5499877929688,830.123779296875,13272.0
2018-03-27,848.0999755859375,852.0499877929688,835.2999877929688,846.5999755859375,833.125244140625,6145.0
2018-03-28,844.9500122070312,864.9000244140625,837.9000244140625,857.0499877929688,843.4088745117188,2775.0
2018-04-02,843.0,920.0,843.0,903.7999877929688,889.4148559570312,2804.0
2018-04-03,912.7000122070312,923.6500244140625,900.9500122070312,917.7000122070312,903.0936279296875,2985.0
2018-04-04,924.9500122070312,925.0,885.0,890.1500244140625,875.982177734375,3483.0
2018-04-05,899.0499877929688,923.7999877929688,899.0499877929688,919.0999755859375,904.4713134765625,2273.0
2018-04-06,924.9500122070312,928.0,908.2999877929688,918.4000244140625,903.7825317382812,904.0
2018-04-09,926.9500122070312,926.9500122070312,910.25,917.2000122070312,902.6016235351562,4998.0
2018-04-10,917.7000122070312,930.0,917.0,919.75,905.1110229492188,2442.0
2018-04-11,929.9000244140625,929.9000244140625,905.0,907.0999755859375,892.662353515625,1693.0
2018-04-12,924.75,924.75,896.5499877929688,905.2999877929688,890.8909912109375,1326.0
2018-04-13,905.0,910.0499877929688,888.0499877929688,890.2999877929688,876.1297607421875,2422.0
2018-04-16,900.0,900.0,879.0,888.8499755859375,874.7028198242188,2910.0
2018-04-17,899.9000244140625,899.9000244140625,883.2000122070312,889.5999755859375,875.4408569335938,1733.0
2018-04-18,878.0,905.6500244140625,878.0,898.5,884.1992797851562,3011.0
2018-04-19,890.0499877929688,908.0,888.0,904.3499755859375,889.9560546875,2394.0
2018-04-20,910.0,910.0,897.0,902.75,888.3815307617188,3466.0
2018-04-23,923.8499755859375,923.8499755859375,904.6500244140625,909.5499877929688,895.0733032226562,1810.0
2018-04-24,920.75,932.0,904.5499877929688,911.1500244140625,896.64794921875,9266.0
2018-04-25,913.2000122070312,925.0499877929688,905.0,907.9500122070312,893.4988403320312,5868.0
2018-04-26,915.0,921.75,905.0,913.3499755859375,898.8128051757812,1897.0
2018-04-27,935.0,935.0,899.2999877929688,909.5999755859375,895.12255859375,1444.0
2018-04-30,903.5,921.75,903.5,920.8499755859375,906.1934814453125,1147.0
2018-05-02,908.1500244140625,920.0,895.0999755859375,898.9500122070312,884.6420288085938,2456.0
2018-05-03,899.9000244140625,902.0499877929688,865.6500244140625,883.1500244140625,869.0936279296875,3657.0
2018-05-04,882.9000244140625,893.5,866.5999755859375,875.4500122070312,861.51611328125,2236.0
2018-05-07,896.9000244140625,896.9000244140625,865.0,874.9500122070312,861.0240478515625,6804.0
2018-05-08,878.7999877929688,888.0,872.0,882.9500122070312,868.896728515625,1206.0
2018-05-09,893.75,893.75,874.0,878.75,864.7635498046875,1300.0
2018-05-10,865.25,903.0,865.25,879.5999755859375,865.6000366210938,2629.0
2018-05-11,895.9000244140625,895.9000244140625,872.2000122070312,878.3499755859375,864.3699340820312,1149.0
2018-05-14,865.25,884.0999755859375,853.0499877929688,855.5999755859375,841.9819946289062,1992.0
2018-05-15,879.7000122070312,879.7000122070312,840.0,848.9000244140625,835.3887329101562,3457.0
2018-05-16,870.0,882.0,860.25,869.0499877929688,855.2179565429688,10963.0
2018-05-17,860.0499877929688,861.75,819.5499877929688,825.5999755859375,812.45947265625,63763.0
2018-05-18,828.0,844.9500122070312,828.0,830.7000122070312,817.4783935546875,6982.0
2018-05-21,838.9500122070312,856.5,826.0999755859375,838.4000244140625,825.0557861328125,6969.0
2018-05-22,845.5999755859375,856.0,836.9500122070312,848.2999877929688,834.7981567382812,2747.0
2018-05-23,851.25,856.0,831.25,837.0,823.6781005859375,1925.0
2018-05-24,831.1500244140625,842.2999877929688,825.0,827.9000244140625,814.7229614257812,835.0
2018-05-25,829.8499755859375,837.0,800.0,810.5999755859375,797.6982421875,2534.0
2018-05-28,825.0,839.0,801.9500122070312,820.5,807.440673828125,3183.0
2018-05-29,839.7999877929688,848.0,827.2000122070312,835.5,822.201904296875,1229.0
2018-05-30,822.6500244140625,849.9500122070312,816.0499877929688,824.1500244140625,811.0325927734375,2303.0
2018-05-31,826.7000122070312,826.7000122070312,811.0,818.0499877929688,805.0296630859375,1486.0
2018-06-01,820.7999877929688,835.0,812.2999877929688,817.7999877929688,804.7836303710938,2302.0
2018-06-04,820.0,830.0,810.0499877929688,824.0999755859375,810.9833984375,2913.0
2018-06-05,839.8499755859375,839.8499755859375,782.0999755859375,792.1500244140625,779.5419311523438,3958.0
2018-06-06,812.9500122070312,812.9500122070312,769.9500122070312,790.0499877929688,777.475341796875,5306.0
2018-06-07,792.0,801.0,791.0,799.5999755859375,786.873291015625,5480.0
2018-06-08,790.0499877929688,814.0,790.0499877929688,811.25,798.3379516601562,2226.0
2018-06-11,823.5999755859375,823.5999755859375,805.0,810.5,797.599853515625,3439.0
2018-06-12,804.25,815.9500122070312,800.0,803.4000244140625,790.6129150390625,1975.0
2018-06-13,802.1500244140625,814.5999755859375,799.25,806.8499755859375,794.0079345703125,3388.0
2018-06-14,809.0,814.75,800.0499877929688,804.5,791.6953125,2143.0
2018-06-15,819.3499755859375,819.3499755859375,800.7999877929688,802.4500122070312,789.677978515625,4734.0
2018-06-18,809.9500122070312,809.9500122070312,795.0999755859375,798.25,785.5448608398438,3225.0
2018-06-19,800.4000244140625,800.4000244140625,781.2000122070312,785.5499877929688,773.0469360351562,1846.0
2018-06-20,806.7000122070312,806.7000122070312,780.0,798.7000122070312,785.9876708984375,3739.0
2018-06-21,806.6500244140625,806.6500244140625,786.4500122070312,792.7000122070312,780.0831298828125,3015.0
2018-06-22,796.7999877929688,796.7999877929688,784.9500122070312,789.2000122070312,776.638916015625,1047.0
2018-06-25,793.7999877929688,793.7999877929688,780.0,780.7000122070312,768.274169921875,1153.0
2018-06-26,798.7999877929688,798.7999877929688,767.0,769.5499877929688,757.3015747070312,1931.0
2018-06-27,766.0499877929688,777.5499877929688,753.0999755859375,759.5499877929688,747.4607543945312,3882.0
2018-06-28,761.25,761.25,751.5,753.0499877929688,741.064208984375,1765.0
2018-06-29,759.9500122070312,784.9500122070312,745.0499877929688,756.9500122070312,744.9022216796875,1735.0
2018-07-02,777.0499877929688,777.0499877929688,744.7999877929688,748.5999755859375,736.68505859375,1342.0
2018-07-03,748.0,773.0,748.0,759.0,746.9195556640625,680.0
2018-07-04,769.2999877929688,770.5,730.0,740.5999755859375,728.8123168945312,6221.0
2018-07-05,739.9500122070312,753.9000244140625,739.9500122070312,745.4000244140625,733.5360107421875,1230.0
2018-07-06,752.8499755859375,752.8499755859375,730.0,733.2999877929688,721.6286010742188,3339.0
2018-07-09,726.3499755859375,737.75,723.25,729.6500244140625,718.0366821289062,4303.0
2018-07-10,730.5499877929688,752.0,730.5499877929688,739.4000244140625,727.6314697265625,3467.0
2018-07-11,745.0,759.5,743.9500122070312,751.3499755859375,739.3912963867188,2800.0
2018-07-12,747.0,778.0499877929688,747.0,768.0999755859375,755.8746948242188,3678.0
2018-07-13,760.0999755859375,773.9500122070312,749.0,753.4500122070312,741.4578857421875,2287.0
2018-07-16,745.4000244140625,759.0,715.0,724.2000122070312,712.6734008789062,2399.0
2018-07-17,720.0499877929688,748.4500122070312,705.2000122070312,716.5499877929688,705.1451416015625,3743.0
2018-07-18,715.0499877929688,735.0,715.0499877929688,727.9500122070312,716.3637084960938,2169.0
2018-07-19,728.5,729.5499877929688,701.0,708.5499877929688,697.2725219726562,2182.0
2018-07-20,707.0499877929688,713.7999877929688,701.0,704.4500122070312,693.23779296875,5241.0
2018-07-23,691.2000122070312,708.5,676.0999755859375,690.2000122070312,679.214599609375,7427.0
2018-07-24,681.5,725.5,681.5,712.7000122070312,701.3564453125,4182.0
2018-07-25,702.1500244140625,741.0,702.1500244140625,722.6500244140625,711.1481323242188,7292.0
2018-07-26,713.0,731.1500244140625,712.0,715.6500244140625,704.2595825195312,2910.0
2018-07-27,726.3499755859375,733.0,717.3499755859375,719.6500244140625,708.1958618164062,5348.0
2018-07-30,706.5,745.0,706.5,737.0999755859375,725.3681030273438,3757.0
2018-07-31,750.0,768.0,738.0999755859375,741.4500122070312,729.6488647460938,12481.0
2018-08-01,742.6500244140625,760.0,737.1500244140625,740.5,732.6665649414062,4289.0
2018-08-02,741.0999755859375,764.9500122070312,741.0999755859375,760.1500244140625,756.1934814453125,7591.0
2018-08-03,755.0499877929688,785.0,747.4500122070312,755.75,751.81640625,11117.0
2018-08-06,744.5,799.0,744.5,765.8499755859375,761.86376953125,5110.0
2018-08-07,777.0,788.0,762.0,767.2999877929688,763.3062744140625,7434.0
2018-08-08,778.75,833.0,778.75,824.7000122070312,820.4075317382812,29845.0
2018-08-09,811.5499877929688,821.0,777.5499877929688,786.2999877929688,782.2073364257812,20004.0
2018-08-10,785.0999755859375,790.0,764.0999755859375,771.8499755859375,767.8325805664062,8950.0
2018-08-13,780.0,780.0,756.0,760.0499877929688,756.093994140625,7758.0
2018-08-14,761.0,798.9500122070312,761.0,774.5499877929688,770.5184936523438,5840.0
2018-08-16,779.9500122070312,779.9500122070312,755.2999877929688,762.7999877929688,758.8296508789062,4214.0
2018-08-17,753.0,770.0,753.0,766.8499755859375,762.8585815429688,2398.0
2018-08-20,766.8499755859375,789.0,759.7000122070312,767.0499877929688,763.0575561523438,3954.0
2018-08-21,764.0999755859375,778.5,757.0499877929688,760.75,756.7903442382812,6548.0
2018-08-23,755.0,770.0,752.0,758.5,754.5520629882812,6915.0
2018-08-24,758.0,774.0,756.9500122070312,770.4500122070312,766.4398803710938,6457.0
2018-08-27,781.9500122070312,785.0,762.8499755859375,768.8499755859375,764.8482055664062,5543.0
2018-08-28,777.0,783.9500122070312,765.4500122070312,769.75,765.7435302734375,4229.0
2018-08-29,770.9000244140625,792.0,770.9000244140625,777.7000122070312,773.6521606445312,5897.0
2018-08-30,770.0,820.0,770.0,814.9500122070312,810.708251953125,13930.0
2018-08-31,818.0,840.0,813.0,818.0499877929688,813.7921142578125,15636.0
2018-09-03,844.0,844.0,806.0,808.5,804.2918090820312,8240.0
2018-09-04,808.5,831.0,800.0,804.5,800.3126220703125,4438.0
2018-09-05,803.9500122070312,810.6500244140625,784.4000244140625,790.9500122070312,786.8331909179688,5024.0
2018-09-06,787.0,804.2999877929688,786.5499877929688,796.5,792.3543090820312,1815.0
2018-09-07,799.0499877929688,803.9500122070312,783.5999755859375,798.4000244140625,794.2444458007812,7775.0
2018-09-10,804.2000122070312,805.0,777.0,787.9000244140625,783.799072265625,3670.0
2018-09-11,786.9500122070312,797.0,765.0999755859375,771.0999755859375,767.0864868164062,2491.0
2018-09-12,774.0499877929688,789.9500122070312,765.0499877929688,786.8499755859375,782.7545166015625,5042.0
2018-09-14,787.5999755859375,812.0,764.0,803.7000122070312,799.516845703125,8336.0
2018-09-17,803.75,817.2000122070312,791.0499877929688,806.75,802.5509643554688,4001.0
2018-09-18,803.0499877929688,805.0,795.0,800.3499755859375,796.1842041015625,2257.0
2018-09-19,792.0,803.0,781.5999755859375,785.0,780.9141235351562,814.0
2018-09-21,780.1500244140625,786.0499877929688,741.3499755859375,755.9500122070312,752.015380859375,7503.0
2018-09-24,748.0,770.0,730.0,732.9000244140625,729.0853271484375,3298.0
2018-09-25,730.0,759.0,730.0,735.9500122070312,732.1194458007812,1822.0
2018-09-26,750.5999755859375,750.5999755859375,715.0,718.6500244140625,714.9094848632812,3845.0
2018-09-27,722.7000122070312,728.5999755859375,711.0,712.7000122070312,708.990478515625,1032.0
2018-09-28,725.5999755859375,725.5999755859375,611.8499755859375,668.7000122070312,665.219482421875,9298.0
2018-10-01,699.0,699.0,652.0,681.2999877929688,677.75390625,4928.0
2018-10-03,684.9500122070312,692.5,680.25,688.8499755859375,685.2645874023438,1534.0
2018-10-04,680.25,704.0,679.4500122070312,698.5999755859375,694.9638061523438,1963.0
2018-10-05,698.25,706.9500122070312,650.0,665.5,662.0361328125,5014.0
2018-10-08,671.9000244140625,675.0499877929688,651.5,662.5499877929688,659.1014404296875,2986.0
2018-10-09,645.0499877929688,663.0,645.0499877929688,658.3499755859375,654.92333984375,1120.0
2018-10-10,654.2000122070312,748.9000244140625,629.9500122070312,703.0,699.3409423828125,9224.0
2018-10-11,692.5999755859375,713.4500122070312,670.0,708.6500244140625,704.9615478515625,2711.0
2018-10-12,707.9500122070312,725.5,694.0,707.5999755859375,703.9169921875,1164.0
2018-10-15,702.0499877929688,716.0,700.0,711.75,708.04541015625,2358.0
2018-10-16,705.0,735.0,705.0,715.5499877929688,711.8256225585938,1671.0
2018-10-17,719.6500244140625,725.0499877929688,706.0,709.0999755859375,705.4091796875,444.0
2018-10-19,700.5499877929688,721.2000122070312,695.0,714.75,711.02978515625,1821.0
2018-10-22,706.0,714.0,684.1500244140625,691.9500122070312,688.3484497070312,3722.0
2018-10-23,680.0,692.0,666.0499877929688,684.7999877929688,681.2356567382812,1869.0
2018-10-24,675.1500244140625,705.0,674.9500122070312,691.9500122070312,688.3484497070312,2369.0
2018-10-25,681.9500122070312,688.7999877929688,672.0,675.0999755859375,671.5861206054688,856.0
2018-10-26,681.9500122070312,682.0499877929688,660.5499877929688,666.2000122070312,662.7324829101562,632.0
2018-10-29,666.25,675.0999755859375,661.0,672.0499877929688,668.552001953125,6844.0
2018-10-30,682.0499877929688,685.0,670.0,678.6500244140625,675.1177368164062,612.0
2018-10-31,672.0,699.0499877929688,667.0,670.9500122070312,667.457763671875,4367.0
2018-11-01,677.8499755859375,690.0,669.9500122070312,680.5,676.9580688476562,2446.0
2018-11-02,685.9500122070312,705.0,682.25,684.0999755859375,680.539306640625,1877.0
2018-11-05,694.3499755859375,695.0,681.0999755859375,693.0499877929688,689.4427490234375,1351.0
2018-11-06,688.1500244140625,694.8499755859375,666.3499755859375,677.9500122070312,674.4213256835938,3615.0
2018-11-07,682.0,687.0499877929688,667.0,682.25,678.698974609375,1923.0
2018-11-09,680.0499877929688,729.0,677.1500244140625,719.0499877929688,715.307373046875,5660.0
2018-11-12,729.75,770.0,727.0,760.1500244140625,756.1934814453125,10852.0
2018-11-13,761.0,771.0499877929688,738.0,749.4500122070312,745.5491943359375,4584.0
2018-11-14,732.9000244140625,742.0,708.9500122070312,735.5499877929688,731.7214965820312,10528.0
2018-11-15,725.5,735.9500122070312,716.0,724.2000122070312,720.4306030273438,3659.0
2018-11-16,724.0499877929688,735.0,712.0,719.5,715.7550659179688,2455.0
2018-11-19,711.0,730.1500244140625,711.0,717.2000122070312,713.467041015625,2318.0
2018-11-20,710.0999755859375,715.0,703.8499755859375,708.9500122070312,705.260009765625,6092.0
2018-11-21,712.0,721.0,701.0,705.25,701.5792236328125,2831.0
2018-11-22,700.25,718.5,698.0,703.4000244140625,699.7388916015625,2307.0
2018-11-26,708.0499877929688,710.0,684.0999755859375,692.0,688.398193359375,5298.0
2018-11-27,690.2000122070312,703.0499877929688,690.2000122070312,696.8499755859375,693.222900390625,1286.0
2018-11-28,688.5999755859375,701.0,688.5999755859375,693.1500244140625,689.542236328125,892.0
2018-11-29,689.0499877929688,699.0,687.0499877929688,692.5,688.8955688476562,1799.0
2018-11-30,698.9500122070312,702.0,689.9500122070312,690.7000122070312,687.10498046875,2567.0
2018-12-03,693.8499755859375,695.0,670.0,689.25,685.6625366210938,3294.0
2018-12-04,689.9500122070312,690.0,680.7000122070312,682.6500244140625,679.0968627929688,1741.0
2018-12-05,681.0,688.0,666.25,670.7999877929688,667.3085327148438,2649.0
2018-12-06,671.2999877929688,676.7000122070312,648.5999755859375,659.7999877929688,656.3657836914062,4531.0
2018-12-07,659.3499755859375,667.0999755859375,649.4500122070312,652.5,649.1038208007812,2625.0
2018-12-10,651.5499877929688,652.5499877929688,645.0,646.6500244140625,643.2842407226562,984.0
2018-12-11,640.0499877929688,661.5999755859375,640.0,656.4000244140625,652.9835205078125,1406.0
2018-12-12,654.4500122070312,675.0,654.4500122070312,659.7000122070312,656.266357421875,2795.0
2018-12-13,666.25,695.0,665.0,667.5,664.0256958007812,3643.0
2018-12-14,662.0,677.0,662.0,672.5,668.9996948242188,1446.0
2018-12-17,679.0999755859375,679.1500244140625,669.0499877929688,675.9500122070312,672.4317626953125,805.0
2018-12-18,677.75,681.0499877929688,670.2999877929688,677.0,673.4762573242188,809.0
2018-12-19,672.0499877929688,691.5,672.0,690.75,687.1547241210938,3243.0
2018-12-20,689.9500122070312,696.5499877929688,687.75,693.6500244140625,690.0396118164062,2657.0
2018-12-21,694.9500122070312,704.0,676.25,684.0,680.4398193359375,3163.0
2018-12-24,678.9000244140625,690.0,678.9000244140625,680.25,676.7093505859375,1551.0
2018-12-26,675.0,695.0,669.1500244140625,672.75,669.2484130859375,1234.0
2018-12-27,679.4500122070312,698.3499755859375,679.4500122070312,686.5499877929688,682.9765625,505.0
2018-12-28,686.9500122070312,689.7999877929688,680.0,684.7999877929688,681.2356567382812,1132.0
2018-12-31,684.7999877929688,695.0,680.7999877929688,691.75,688.1494750976562,790.0
2019-01-01,689.0999755859375,705.0499877929688,685.5499877929688,696.4500122070312,692.8250732421875,2069.0
2019-01-02,694.5999755859375,707.9000244140625,682.2000122070312,691.5999755859375,688.000244140625,1460.0
2019-01-03,695.6500244140625,698.1500244140625,680.0,686.9000244140625,683.3247680664062,2228.0
2019-01-04,682.0,697.1500244140625,679.9500122070312,692.75,689.144287109375,660.0
2019-01-07,689.0499877929688,704.0,682.7000122070312,697.9500122070312,694.3172607421875,1812.0
2019-01-08,693.9500122070312,699.0,687.3499755859375,689.8499755859375,686.2593383789062,1273.0
2019-01-09,691.5499877929688,704.5,680.0,682.5,678.9476318359375,1612.0
2019-01-10,682.5,689.9500122070312,681.9000244140625,688.3499755859375,684.7671508789062,147.0
2019-01-11,688.2999877929688,688.3499755859375,672.0,676.3499755859375,672.8296508789062,2774.0
2019-01-14,676.3499755859375,702.0,670.5,691.4000244140625,687.8013305664062,1328.0
2019-01-15,689.9500122070312,707.9000244140625,681.2999877929688,698.75,695.113037109375,12269.0
2019-01-16,695.8499755859375,710.0,692.0,697.7000122070312,694.0685424804688,1366.0
2019-01-17,695.7000122070312,695.7000122070312,683.1500244140625,685.2000122070312,681.6336059570312,8342.0
2019-01-18,686.0999755859375,693.0,681.0,684.2999877929688,680.73828125,1306.0
2019-01-21,686.75,693.5,672.5,679.75,676.2119750976562,1404.0
2019-01-22,681.7000122070312,681.7000122070312,670.0,676.2999877929688,672.7799072265625,1780.0
2019-01-23,677.1500244140625,679.0999755859375,660.4500122070312,672.2000122070312,668.7012939453125,3051.0
2019-01-24,671.9500122070312,675.5499877929688,660.0499877929688,661.4000244140625,657.95751953125,1727.0
2019-01-25,705.0,705.0,652.3499755859375,655.6500244140625,652.2374267578125,1703.0
2019-01-28,655.7000122070312,660.0,635.0,639.0499877929688,635.7238159179688,1086.0
2019-01-29,637.9000244140625,655.0,618.5,628.0,624.7313232421875,3991.0
2019-01-30,630.75,636.0,630.0,632.3499755859375,629.0586547851562,579.0
2019-01-31,630.0499877929688,645.0,625.0999755859375,628.2999877929688,625.0297241210938,1969.0
2019-02-01,638.9500122070312,639.7999877929688,625.0,626.8499755859375,623.5872802734375,609.0
2019-02-04,632.2999877929688,633.0999755859375,613.0,616.8499755859375,613.6393432617188,2935.0
2019-02-05,616.8499755859375,620.5499877929688,600.0,615.2999877929688,612.097412109375,4419.0
2019-02-06,615.3499755859375,615.3499755859375,597.0,598.2999877929688,595.1859130859375,3813.0
2019-02-07,594.0,600.0,590.7000122070312,593.9000244140625,590.808837890625,1871.0
2019-02-08,592.5999755859375,620.0,588.5,595.75,592.649169921875,1494.0
2019-02-11,595.0499877929688,607.6500244140625,595.0,599.0,595.8822631835938,1168.0
2019-02-12,597.5499877929688,599.9500122070312,506.0,518.4000244140625,515.7017822265625,27687.0
2019-02-14,500.79998779296875,503.8999938964844,485.0,493.70001220703125,491.1303405761719,4534.0
2019-02-15,490.5,498.8999938964844,489.0,495.3500061035156,492.7717590332031,6107.0
2019-02-18,511.0,511.0,481.29998779296875,490.20001220703125,487.6485595703125,2084.0
2019-02-19,490.25,497.6000061035156,484.95001220703125,490.45001220703125,487.8972473144531,1301.0
2019-02-20,485.95001220703125,510.0,485.95001220703125,503.70001220703125,501.07830810546875,2039.0
2019-02-21,505.0,515.9500122070312,498.95001220703125,511.75,509.0863952636719,737.0
2019-02-22,510.95001220703125,520.9500122070312,510.95001220703125,516.5999755859375,513.9111328125,618.0
2019-02-25,514.75,538.4500122070312,501.5,527.5999755859375,524.8538818359375,5753.0
2019-02-26,535.5,542.4000244140625,507.1499938964844,519.5999755859375,516.8955078125,12545.0
2019-02-27,524.0499877929688,530.9000244140625,501.0,511.3999938964844,508.7381896972656,1800.0
2019-02-28,510.54998779296875,521.9000244140625,510.0,521.3499755859375,518.6364135742188,3250.0
2019-03-01,521.4000244140625,537.9000244140625,515.4000244140625,532.75,529.97705078125,2900.0
2019-03-05,527.0,578.0,527.0,560.7999877929688,557.8810424804688,12825.0
2019-03-06,569.2000122070312,573.0,533.5999755859375,547.8499755859375,544.9984741210938,9136.0
2019-03-07,555.0,555.0,540.7999877929688,551.9500122070312,549.0771484375,1817.0
2019-03-08,550.4000244140625,551.0,531.0,536.3499755859375,533.5582885742188,4849.0
2019-03-11,547.9500122070312,552.25,531.7999877929688,549.9500122070312,547.0875854492188,3303.0
2019-03-12,569.9000244140625,569.9000244140625,542.5,549.8499755859375,546.988037109375,3022.0
2019-03-13,544.0,552.2000122070312,540.0,543.9000244140625,541.069091796875,2678.0
2019-03-14,552.0,552.0,528.75,530.3499755859375,527.5895385742188,4089.0
2019-03-15,531.3499755859375,546.0,531.3499755859375,543.0499877929688,540.2234497070312,3338.0
2019-03-18,535.0499877929688,548.0499877929688,530.2000122070312,543.8499755859375,541.019287109375,3405.0
2019-03-19,547.0,547.0,530.5,536.8499755859375,534.0557250976562,5803.0
2019-03-20,536.0,544.9000244140625,536.0,541.25,538.432861328125,1498.0
2019-03-22,540.0,544.5499877929688,531.9000244140625,539.2999877929688,536.4929809570312,1841.0
2019-03-25,540.0499877929688,540.0499877929688,519.9500122070312,522.5499877929688,519.8301391601562,6312.0
2019-03-26,521.5,538.0,520.0999755859375,528.4000244140625,525.6497192382812,2706.0
2019-03-27,525.9500122070312,528.0499877929688,511.0,516.7000122070312,514.0106201171875,11674.0
2019-03-28,520.0499877929688,527.0,513.3499755859375,518.5999755859375,515.9006958007812,4002.0
2019-04-01,518.2999877929688,545.0,518.2999877929688,540.6500244140625,537.8359985351562,4795.0
2019-04-02,542.25,557.0,537.0,551.5,548.6295166015625,9104.0
2019-04-03,553.0499877929688,554.2000122070312,531.0,533.0,530.2257690429688,1413.0
2019-04-04,537.0499877929688,539.0,530.0,533.75,530.9718627929688,1271.0
2019-04-05,540.5499877929688,542.25,532.6500244140625,538.0,535.1997680664062,1343.0
2019-04-08,533.0499877929688,542.6500244140625,531.9500122070312,537.0999755859375,534.304443359375,681.0
2019-04-09,537.0999755859375,541.4500122070312,529.7000122070312,531.9500122070312,529.1812744140625,3390.0
2019-04-10,530.0499877929688,538.0,522.2000122070312,528.4500122070312,525.699462890625,2278.0
2019-04-11,527.9500122070312,534.5,523.0999755859375,531.25,528.48486328125,1402.0
2019-04-12,531.0999755859375,534.8499755859375,526.0499877929688,530.3499755859375,527.5895385742188,419.0
2019-04-15,532.9500122070312,538.0,515.0,530.0,527.2413940429688,1562.0
2019-04-16,527.25,535.8499755859375,524.0,531.25,528.48486328125,838.0
2019-04-18,532.0,537.0,524.0,530.2000122070312,527.4403686523438,1942.0
2019-04-22,527.4500122070312,535.0,523.0,528.0499877929688,525.301513671875,1007.0
2019-04-23,526.0999755859375,531.0,526.0,529.5,526.7440185546875,546.0
2019-04-24,528.5,532.9500122070312,525.0999755859375,526.2999877929688,523.5606689453125,1437.0
2019-04-25,531.9500122070312,548.0,531.9500122070312,544.7999877929688,541.96435546875,2215.0
2019-04-26,552.9500122070312,561.0,541.5,553.0999755859375,550.2211303710938,2797.0
2019-04-30,554.9500122070312,556.0,543.5,545.1500244140625,542.3125610351562,4383.0
2019-05-02,541.0,559.6500244140625,541.0,544.9500122070312,542.1135864257812,3252.0
2019-05-03,540.0499877929688,548.5,525.3499755859375,532.2999877929688,529.5294189453125,1275.0
2019-05-06,538.9500122070312,540.3499755859375,531.0499877929688,533.0,530.2257690429688,1177.0
2019-05-07,534.9000244140625,540.0,513.5,528.9000244140625,526.1471557617188,1015.0
2019-05-08,534.0,535.9500122070312,511.5,518.6500244140625,515.9505004882812,339.0
2019-05-09,511.04998779296875,526.4000244140625,511.04998779296875,516.7000122070312,514.0106201171875,756.0
2019-05-10,524.4500122070312,533.8499755859375,510.0,516.9500122070312,514.2593383789062,1068.0
2019-05-13,513.2999877929688,538.5499877929688,513.2999877929688,515.5,512.81689453125,814.0
2019-05-14,512.9500122070312,528.0,512.0,524.7000122070312,521.968994140625,1636.0
2019-05-15,518.3499755859375,526.7000122070312,511.1000061035156,520.9000244140625,518.1887817382812,918.0
2019-05-16,517.5499877929688,524.9000244140625,509.95001220703125,520.2000122070312,517.492431640625,3133.0
2019-05-17,512.5,512.5,486.0,492.8500061035156,490.2847595214844,7793.0
2019-05-20,504.95001220703125,505.0,481.04998779296875,483.75,481.23211669921875,2941.0
2019-05-21,481.75,487.0,473.0,474.6000061035156,472.1297607421875,2092.0
2019-05-22,471.0,477.3999938964844,465.20001220703125,468.6499938964844,466.2107238769531,4598.0
2019-05-23,463.0,475.0,463.0,471.95001220703125,469.4935607910156,7166.0
2019-05-24,477.04998779296875,488.0,476.0,478.04998779296875,475.561767578125,11837.0
2019-05-27,478.1000061035156,495.0,478.1000061035156,490.95001220703125,488.3946533203125,2678.0
2019-05-28,503.0,511.0,488.1000061035156,495.1499938964844,492.5727844238281,10835.0
2019-05-29,498.54998779296875,500.0,478.6499938964844,489.95001220703125,487.3998718261719,6720.0
2019-05-30,489.04998779296875,510.0,489.04998779296875,501.45001220703125,498.8399963378906,16361.0
2019-05-31,501.25,503.0,492.0,492.1499938964844,489.5884094238281,985.0
2019-06-03,490.04998779296875,509.95001220703125,479.0,482.5,479.9886169433594,3475.0
2019-06-04,498.8500061035156,500.1499938964844,485.0,491.1000061035156,488.54388427734375,15859.0
2019-06-06,491.79998779296875,507.0,490.0,492.0,489.4391784667969,6203.0
2019-06-07,495.95001220703125,496.54998779296875,481.0,495.6499938964844,493.0701904296875,4583.0
2019-06-10,495.04998779296875,502.3999938964844,490.0,492.04998779296875,489.4889221191406,1087.0
2019-06-11,494.0,494.0,481.79998779296875,487.20001220703125,484.6641845703125,890.0
2019-06-12,489.8500061035156,491.3500061035156,481.04998779296875,484.1000061035156,481.5802917480469,858.0
2019-06-13,478.95001220703125,484.6499938964844,472.04998779296875,478.6000061035156,476.10894775390625,1467.0
2019-06-14,470.54998779296875,480.95001220703125,470.54998779296875,475.54998779296875,473.0747985839844,932.0
2019-06-17,475.04998779296875,475.04998779296875,463.5,468.6000061035156,466.1609802246094,1924.0
2019-06-18,461.04998779296875,483.1499938964844,460.0,470.8500061035156,468.3992614746094,2698.0
2019-06-19,462.6000061035156,475.0,450.04998779296875,454.8999938964844,452.53228759765625,6478.0
2019-06-20,470.0,470.0,449.95001220703125,462.70001220703125,460.29168701171875,1444.0
2019-06-21,462.5,463.0,439.70001220703125,457.6499938964844,455.2679748535156,4124.0
2019-06-24,459.29998779296875,460.0,446.04998779296875,455.6499938964844,453.27838134765625,1456.0
2019-06-25,442.5,455.0,437.6000061035156,444.29998779296875,441.9874572753906,2985.0
2019-06-26,443.04998779296875,456.0,440.0,443.04998779296875,440.74395751953125,2762.0
2019-06-27,440.54998779296875,451.75,440.54998779296875,445.0,442.6838073730469,1321.0
2019-06-28,443.25,472.70001220703125,436.8500061035156,462.20001220703125,459.7943115234375,1509.0
2019-07-01,455.6000061035156,481.8999938964844,450.0,451.5,449.1499938964844,851.0
2019-07-02,465.6499938964844,465.6499938964844,443.0,454.79998779296875,452.43280029296875,1044.0
2019-07-03,452.0,462.0,441.3500061035156,456.75,454.3726501464844,856.0
2019-07-04,451.3999938964844,472.95001220703125,451.3999938964844,461.29998779296875,458.8989562988281,1274.0
2019-07-05,461.5,469.95001220703125,443.0,445.20001220703125,442.8827819824219,2676.0
2019-07-08,443.1499938964844,443.8500061035156,427.3500061035156,429.95001220703125,427.712158203125,2097.0
2019-07-09,425.0,434.0,425.0,428.6499938964844,426.4189147949219,1449.0
2019-07-10,425.3500061035156,434.0,422.04998779296875,426.45001220703125,424.2303771972656,2462.0
2019-07-11,423.79998779296875,434.3999938964844,414.0,420.20001220703125,418.0129089355469,1353.0
2019-07-12,417.45001220703125,428.20001220703125,417.0,422.6000061035156,420.4004211425781,1179.0
2019-07-15,419.95001220703125,427.0,413.04998779296875,426.5,424.28009033203125,2331.0
2019-07-16,423.3999938964844,429.0,418.25,421.6499938964844,419.4553527832031,1197.0
2019-07-17,422.0,432.6000061035156,419.45001220703125,426.0,423.78271484375,2396.0
2019-07-18,422.04998779296875,427.0,421.0,421.75,419.5548400878906,758.0
2019-07-19,420.0,430.0,415.0,417.54998779296875,415.3766784667969,1189.0
2019-07-22,415.45001220703125,415.5,407.0,411.8500061035156,409.70635986328125,1144.0
2019-07-23,409.70001220703125,413.95001220703125,405.0,408.45001220703125,406.3240661621094,1541.0
2019-07-24,406.04998779296875,408.95001220703125,391.0,404.6000061035156,402.4941101074219,1355.0
2019-07-25,401.1000061035156,411.0,398.20001220703125,406.0,403.8868103027344,2836.0
2019-07-26,401.75,409.0,397.1000061035156,399.0,396.9232482910156,2108.0
2019-07-29,397.0,401.04998779296875,394.0,395.1000061035156,393.0435485839844,793.0
2019-07-30,392.8500061035156,400.1000061035156,381.45001220703125,384.25,382.25,2902.0
2019-07-31,381.70001220703125,394.0,379.0,393.95001220703125,393.95001220703125,1748.0
2019-08-01,390.3999938964844,394.0,372.0,378.45001220703125,378.45001220703125,3102.0
2019-08-02,365.0,402.0,365.0,391.6000061035156,391.6000061035156,2794.0
2019-08-05,393.0,395.04998779296875,377.0,379.0,379.0,3310.0
2019-08-06,371.04998779296875,402.0,371.04998779296875,397.95001220703125,397.95001220703125,1648.0
2019-08-07,402.0,409.95001220703125,388.04998779296875,401.75,401.75,2269.0
2019-08-08,397.25,401.8999938964844,390.0,396.29998779296875,396.29998779296875,1523.0
2019-08-09,404.0,408.8500061035156,394.0,395.1000061035156,395.1000061035156,1545.0
2019-08-13,399.0,411.0,380.1000061035156,385.79998779296875,385.79998779296875,1285.0
2019-08-14,389.95001220703125,409.79998779296875,382.0,390.25,390.25,1842.0
2019-08-16,391.1000061035156,399.0,375.0,389.6499938964844,389.6499938964844,2176.0
2019-08-19,467.54998779296875,467.54998779296875,467.54998779296875,467.54998779296875,467.54998779296875,5871.0
2019-08-20,542.0,561.0499877929688,531.0,561.0499877929688,561.0499877929688,251081.0
2019-08-21,566.0,617.0,562.0,592.7000122070312,592.7000122070312,260210.0
2019-08-22,589.0,603.25,571.0,596.7000122070312,596.7000122070312,70661.0
2019-08-23,598.9000244140625,602.9500122070312,582.0999755859375,591.25,591.25,23084.0
2019-08-26,589.0,615.0,579.8499755859375,604.4500122070312,604.4500122070312,23687.0
2019-08-27,610.0,632.0,599.0,616.7000122070312,616.7000122070312,20794.0
2019-08-28,624.9500122070312,639.0,615.25,617.4000244140625,617.4000244140625,11626.0
2019-08-29,617.5,617.5,601.5499877929688,605.5499877929688,605.5499877929688,6302.0
2019-08-30,607.3499755859375,614.75,602.4000244140625,605.0499877929688,605.0499877929688,3030.0
2019-09-03,607.75,616.7999877929688,601.0,610.7999877929688,610.7999877929688,5548.0
2019-09-04,601.0,615.0,601.0,604.3499755859375,604.3499755859375,3597.0
2019-09-05,605.2000122070312,631.0,600.1500244140625,624.3499755859375,624.3499755859375,11998.0
2019-09-06,615.0499877929688,633.4500122070312,615.0499877929688,626.2999877929688,626.2999877929688,7144.0
2019-09-09,625.9500122070312,632.0,624.1500244140625,630.7000122070312,630.7000122070312,6496.0
2019-09-11,633.5,633.5,624.5,629.2000122070312,629.2000122070312,7268.0
2019-09-12,633.5,638.0,628.5,628.5999755859375,628.5999755859375,11816.0
2019-09-13,637.9000244140625,648.9000244140625,629.0,643.5499877929688,643.5499877929688,15877.0
2019-09-16,630.0999755859375,648.9000244140625,630.0999755859375,638.8499755859375,638.8499755859375,3302.0
2019-09-17,639.5,644.0,630.2000122070312,640.0999755859375,640.0999755859375,4290.0
2019-09-18,647.0,647.0,640.0,640.9000244140625,640.9000244140625,3695.0
2019-09-19,635.25,640.0,630.0,634.3499755859375,634.3499755859375,5547.0
2019-09-20,620.0,654.4000244140625,620.0,651.25,651.25,11311.0
2019-09-23,651.0,655.4000244140625,635.0,643.9500122070312,643.9500122070312,9208.0
2019-09-24,640.0,643.5,639.25,641.2999877929688,641.2999877929688,5076.0
2019-09-25,640.9500122070312,644.0,633.0,640.2999877929688,640.2999877929688,2317.0
2019-09-26,642.6500244140625,643.0,640.0,641.2999877929688,641.2999877929688,2233.0
2019-09-27,644.9500122070312,645.0,640.0,642.5999755859375,642.5999755859375,3846.0
2019-09-30,645.0,650.0,630.0999755859375,636.7999877929688,636.7999877929688,9971.0
2019-10-01,635.4500122070312,641.9000244140625,630.0,637.4000244140625,637.4000244140625,2423.0
2019-10-03,633.9500122070312,635.0,625.0999755859375,628.4000244140625,628.4000244140625,3840.0
2019-10-04,634.9500122070312,635.0,620.0,629.5,629.5,4871.0
2019-10-07,628.4500122070312,630.0499877929688,620.0999755859375,622.8499755859375,622.8499755859375,3378.0
2019-10-09,630.0,632.75,615.0999755859375,622.1500244140625,622.1500244140625,3641.0
2019-10-10,629.9500122070312,634.9500122070312,620.8499755859375,631.5999755859375,631.5999755859375,3786.0
2019-10-11,617.0,639.0,617.0,629.4000244140625,629.4000244140625,3081.0
2019-10-14,630.5,635.1500244140625,628.4000244140625,633.2000122070312,633.2000122070312,2569.0
2019-10-15,620.0499877929688,649.5,620.0,644.0,644.0,3473.0
2019-10-16,635.9000244140625,647.7000122070312,629.9500122070312,645.0999755859375,645.0999755859375,4315.0
2019-10-17,650.4500122070312,653.9000244140625,632.0499877929688,648.9000244140625,648.9000244140625,4667.0
2019-10-18,645.9000244140625,648.5499877929688,635.0999755859375,641.0499877929688,641.0499877929688,1317.0
2019-10-22,636.0,654.9500122070312,634.8499755859375,650.25,650.25,17630.0
2019-10-23,642.7000122070312,664.9000244140625,640.0,653.5499877929688,653.5499877929688,6360.0
2019-10-24,659.9500122070312,680.0,659.9500122070312,668.9000244140625,668.9000244140625,9939.0
2019-10-25,670.9500122070312,683.0,670.9500122070312,681.75,681.75,4828.0
2019-10-29,674.9000244140625,674.9500122070312,651.0499877929688,660.6500244140625,660.6500244140625,4165.0
2019-10-30,652.9000244140625,669.5,651.2000122070312,655.1500244140625,655.1500244140625,4125.0
2019-10-31,657.2000122070312,680.0,656.1500244140625,672.7000122070312,672.7000122070312,5294.0
2019-11-01,671.2999877929688,674.0499877929688,665.0,669.7000122070312,669.7000122070312,3975.0
2019-11-04,661.5499877929688,670.9000244140625,657.9500122070312,668.1500244140625,668.1500244140625,2887.0
2019-11-05,657.0,665.5,657.0,659.4000244140625,659.4000244140625,4362.0
2019-11-06,658.8499755859375,666.2000122070312,658.0999755859375,663.0499877929688,663.0499877929688,5053.0
2019-11-07,655.25,665.0,655.25,660.5999755859375,660.5999755859375,3360.0
2019-11-08,664.9000244140625,679.5,651.25,674.2999877929688,674.2999877929688,7223.0
2019-11-11,658.9000244140625,679.0,658.0499877929688,669.5,669.5,2964.0
2019-11-13,675.6500244140625,677.0499877929688,666.4500122070312,671.9500122070312,671.9500122070312,8408.0
2019-11-14,668.0,677.9000244140625,667.0,674.9500122070312,674.9500122070312,10275.0
2019-11-15,666.1500244140625,679.5,666.0,674.4000244140625,674.4000244140625,12679.0
2019-11-18,653.7000122070312,681.8499755859375,653.6500244140625,675.2999877929688,675.2999877929688,8309.0
2019-11-19,671.5,678.5,670.0,674.0499877929688,674.0499877929688,4535.0
2019-11-20,673.9000244140625,704.4500122070312,673.9000244140625,700.7000122070312,700.7000122070312,13791.0
2019-11-21,700.2000122070312,714.4000244140625,700.0,711.4500122070312,711.4500122070312,6391.0
2019-11-22,712.5499877929688,715.9500122070312,703.6500244140625,712.8499755859375,712.8499755859375,2931.0
2019-11-25,692.0499877929688,710.0,692.0499877929688,701.0,701.0,2589.0
2019-11-26,702.1500244140625,709.5999755859375,683.0,687.9000244140625,687.9000244140625,11893.0
2019-11-27,685.9000244140625,690.2000122070312,681.0,684.9500122070312,684.9500122070312,1891.0
2019-11-28,669.0999755859375,695.0,666.0499877929688,691.0999755859375,691.0999755859375,1811.0
2019-11-29,692.9000244140625,693.75,685.0999755859375,692.5499877929688,692.5499877929688,954.0
2019-12-02,682.2999877929688,690.0,680.4000244140625,683.0499877929688,683.0499877929688,6268.0
2019-12-03,678.5,692.0,676.0,685.0,685.0,6320.0
2019-12-04,674.2000122070312,683.0,670.0,679.4500122070312,679.4500122070312,55635.0
2019-12-05,679.4000244140625,685.0,679.4000244140625,681.6500244140625,681.6500244140625,1356.0
2019-12-06,681.9500122070312,688.0,675.0,675.8499755859375,675.8499755859375,5942.0
2019-12-09,675.8499755859375,700.0,675.2000122070312,690.4000244140625,690.4000244140625,9339.0
2019-12-10,691.0999755859375,702.0,685.0999755859375,690.0,690.0,7058.0
2019-12-11,695.9000244140625,700.0,689.9500122070312,693.6500244140625,693.6500244140625,4603.0
2019-12-12,695.5999755859375,708.0,695.5999755859375,702.6500244140625,702.6500244140625,4360.0
2019-12-13,683.0,725.0,683.0,708.9500122070312,708.9500122070312,21352.0
2019-12-16,709.5499877929688,717.0,704.75,708.75,708.75,2968.0
2019-12-17,711.6500244140625,716.0,711.0,713.2999877929688,713.2999877929688,1451.0
2019-12-18,703.3499755859375,717.7999877929688,699.75,708.7000122070312,708.7000122070312,10368.0
2019-12-19,700.0999755859375,713.2000122070312,699.8499755859375,708.7999877929688,708.7999877929688,4623.0
2019-12-20,706.7000122070312,715.7999877929688,705.0499877929688,709.7999877929688,709.7999877929688,2007.0
2019-12-23,700.0999755859375,717.9000244140625,700.0999755859375,713.4500122070312,713.4500122070312,9025.0
2019-12-24,725.0,725.0,707.0,713.4000244140625,713.4000244140625,1157.0
2019-12-26,710.0,718.0,709.9000244140625,716.4500122070312,716.4500122070312,6246.0
2019-12-27,710.7000122070312,717.1500244140625,710.2000122070312,715.0,715.0,1257.0
2019-12-30,701.0499877929688,716.0499877929688,650.0999755859375,713.5,713.5,15950.0
2019-12-31,713.7000122070312,722.5999755859375,712.2000122070312,717.9500122070312,717.9500122070312,8121.0
2020-01-01,715.25,725.0,715.25,723.5499877929688,723.5499877929688,2581.0
2020-01-02,729.5,730.0,714.0499877929688,724.5999755859375,724.5999755859375,3303.0
2020-01-03,725.7000122070312,736.0,716.0999755859375,730.7999877929688,730.7999877929688,5999.0
2020-01-06,720.0999755859375,730.4500122070312,717.2999877929688,724.7999877929688,724.7999877929688,3429.0
2020-01-07,730.9500122070312,742.0,730.0,739.1500244140625,739.1500244140625,3717.0
2020-01-08,730.0999755859375,738.0,730.0,736.7000122070312,736.7000122070312,10534.0
2020-01-09,736.7000122070312,755.0,736.7000122070312,753.25,753.25,5819.0
2020-01-10,750.0499877929688,755.0,745.2999877929688,750.2999877929688,750.2999877929688,2923.0
2020-01-13,749.0,765.5999755859375,735.0,760.7999877929688,760.7999877929688,3520.0
2020-01-14,769.0,769.0,751.25,763.2000122070312,763.2000122070312,2243.0
2020-01-15,755.1500244140625,772.0,755.0999755859375,761.6500244140625,761.6500244140625,5193.0
2020-01-16,756.3499755859375,768.9000244140625,755.2999877929688,756.7000122070312,756.7000122070312,1602.0
2020-01-17,751.9000244140625,772.0499877929688,751.8499755859375,768.75,768.75,3420.0
2020-01-20,775.0,775.0,748.0,762.5,762.5,1670.0
2020-01-21,755.0,760.9500122070312,747.0499877929688,756.4000244140625,756.4000244140625,958.0
2020-01-22,749.0999755859375,762.3499755859375,749.0,753.2000122070312,753.2000122070312,785.0
2020-01-23,752.4000244140625,775.0,752.0,771.5499877929688,771.5499877929688,6139.0
2020-01-24,762.1500244140625,784.9500122070312,754.0,777.25,777.25,8362.0
2020-01-27,772.6500244140625,776.9500122070312,760.0499877929688,762.5999755859375,762.5999755859375,1588.0
2020-01-28,768.9500122070312,780.0,761.7000122070312,773.5999755859375,773.5999755859375,13499.0
2020-01-29,765.0499877929688,804.0,765.0,793.6500244140625,793.6500244140625,14351.0
2020-01-30,798.9000244140625,803.75,778.0,798.25,798.25,7043.0
2020-01-31,787.7000122070312,799.0,781.9500122070312,796.75,796.75,6245.0
2020-02-03,769.9000244140625,794.4000244140625,760.0,789.9500122070312,789.9500122070312,6138.0
2020-02-04,782.0,799.4500122070312,771.4000244140625,784.8499755859375,784.8499755859375,5663.0
2020-02-05,796.8499755859375,796.8499755859375,770.0999755859375,774.9000244140625,774.9000244140625,5192.0
2020-02-06,774.1500244140625,792.9500122070312,767.0,780.25,780.25,4889.0
2020-02-07,784.75,793.9000244140625,753.3499755859375,768.9000244140625,768.9000244140625,17127.0
2020-02-10,765.0,771.7000122070312,751.4500122070312,768.7000122070312,768.7000122070312,22315.0
2020-02-11,764.1500244140625,772.0,760.0999755859375,760.5499877929688,760.5499877929688,3585.0
2020-02-12,760.1500244140625,766.7999877929688,760.0,764.5499877929688,764.5499877929688,3137.0
2020-02-13,756.2999877929688,770.0,756.2000122070312,768.7000122070312,768.7000122070312,5922.0
2020-02-14,762.0999755859375,770.0,760.0,766.8499755859375,766.8499755859375,4558.0
2020-02-17,764.0999755859375,765.0,761.0999755859375,761.1500244140625,761.1500244140625,1877.0
2020-02-18,756.2999877929688,760.0,755.25,758.9000244140625,758.9000244140625,1419.0
2020-02-19,756.5999755859375,769.9000244140625,756.5999755859375,759.8499755859375,759.8499755859375,3206.0
2020-02-20,759.7999877929688,763.6500244140625,752.5999755859375,756.5499877929688,756.5499877929688,2459.0
2020-02-24,751.5999755859375,765.0,750.0999755859375,757.3499755859375,757.3499755859375,4332.0
2020-02-25,754.8499755859375,764.9500122070312,740.4000244140625,754.5999755859375,754.5999755859375,15290.0
2020-02-26,751.4500122070312,760.9000244140625,741.2000122070312,743.7000122070312,743.7000122070312,2895.0
2020-02-27,752.4500122070312,752.4500122070312,732.0,738.25,738.25,1784.0
2020-02-28,720.0499877929688,726.5999755859375,689.9500122070312,699.5999755859375,699.5999755859375,7480.0
2020-03-02,700.0,721.0,690.0,705.2000122070312,705.2000122070312,1801.0
2020-03-03,711.6500244140625,715.0999755859375,698.0,707.5999755859375,707.5999755859375,2653.0
2020-03-04,696.7999877929688,709.5,678.3499755859375,701.0,701.0,3702.0
2020-03-05,687.0499877929688,715.0,682.0,709.4000244140625,709.4000244140625,10165.0
2020-03-06,676.0499877929688,698.9000244140625,675.0499877929688,686.8499755859375,686.8499755859375,6425.0
2020-03-09,668.0999755859375,673.9500122070312,648.0499877929688,659.7999877929688,659.7999877929688,4942.0
2020-03-11,663.0999755859375,663.0999755859375,625.5999755859375,656.2000122070312,656.2000122070312,7384.0
2020-03-12,642.0,642.0,578.0499877929688,585.0,585.0,11436.0
2020-03-13,540.5,638.3499755859375,470.20001220703125,627.0,627.0,4359.0
2020-03-16,627.9000244140625,666.0,582.0,628.7999877929688,628.7999877929688,8263.0
2020-03-17,628.6500244140625,635.0,611.0999755859375,616.6500244140625,616.6500244140625,5420.0
2020-03-18,602.25,629.7000122070312,555.1500244140625,573.6500244140625,573.6500244140625,7036.0
2020-03-19,535.2999877929688,574.1500244140625,525.0499877929688,561.7000122070312,561.7000122070312,5430.0
2020-03-20,544.8499755859375,595.0,528.0,573.75,573.75,4467.0
2020-03-23,550.0,569.8499755859375,499.8999938964844,503.54998779296875,503.54998779296875,4048.0
2020-03-24,475.1499938964844,521.9500122070312,463.0,510.1499938964844,510.1499938964844,4916.0
2020-03-25,480.1000061035156,519.0,480.04998779296875,517.5999755859375,517.5999755859375,4676.0
2020-03-26,561.9500122070312,561.9500122070312,512.0999755859375,553.2000122070312,553.2000122070312,4576.0
2020-03-27,605.0,605.0,542.0999755859375,549.6500244140625,549.6500244140625,7808.0
2020-03-30,525.1500244140625,534.75,512.8499755859375,514.75,514.75,3395.0
2020-03-31,515.0999755859375,540.0,514.0,517.25,517.25,7817.0
2020-04-01,517.2000122070312,530.0499877929688,517.2000122070312,525.25,525.25,1114.0
2020-04-03,525.8499755859375,538.5999755859375,518.2999877929688,531.9000244140625,531.9000244140625,6883.0
2020-04-07,550.0,550.0,530.0,549.5,549.5,2362.0
2020-04-08,545.0499877929688,560.9500122070312,516.5999755859375,556.4500122070312,556.4500122070312,2392.0
2020-04-09,552.1500244140625,565.2000122070312,549.9500122070312,561.4500122070312,561.4500122070312,4569.0
2020-04-13,560.9000244140625,572.0,550.0,567.3499755859375,567.3499755859375,748.0
2020-04-15,578.9500122070312,608.25,575.5,585.1500244140625,585.1500244140625,2439.0
2020-04-16,571.2999877929688,605.0,570.0,602.2000122070312,602.2000122070312,2520.0
2020-04-17,605.0499877929688,618.0,602.4000244140625,614.2000122070312,614.2000122070312,5891.0
2020-04-20,610.0999755859375,615.0499877929688,599.9500122070312,612.8499755859375,612.8499755859375,6383.0
2020-04-21,600.0999755859375,610.9500122070312,584.4000244140625,588.2999877929688,588.2999877929688,5540.0
2020-04-22,584.0499877929688,594.5,574.4500122070312,591.5,591.5,5160.0
2020-04-23,596.5999755859375,597.0,560.4000244140625,567.6500244140625,567.6500244140625,6344.0
2020-04-24,574.9500122070312,577.1500244140625,561.0999755859375,561.4500122070312,561.4500122070312,1861.0
2020-04-27,570.0,574.9500122070312,561.7999877929688,562.5999755859375,562.5999755859375,478.0
2020-04-28,566.0499877929688,584.75,566.0,575.6500244140625,575.6500244140625,3985.0
2020-04-29,574.0499877929688,585.0,570.0,571.6500244140625,571.6500244140625,1601.0
2020-04-30,580.9500122070312,597.25,574.5,580.2999877929688,580.2999877929688,4002.0
2020-05-04,580.0,583.5,563.5499877929688,574.8499755859375,574.8499755859375,3148.0
2020-05-05,573.9000244140625,584.9000244140625,570.0,572.0999755859375,572.0999755859375,3268.0
2020-05-06,572.3499755859375,574.2999877929688,570.0,571.7999877929688,571.7999877929688,1888.0
2020-05-07,575.0499877929688,575.25,570.0499877929688,571.5999755859375,571.5999755859375,1465.0
2020-05-08,571.5,575.0,565.0999755859375,566.0999755859375,566.0999755859375,2496.0
2020-05-11,564.9000244140625,590.9500122070312,564.9000244140625,573.5,573.5,1398.0
2020-05-12,567.75,568.9500122070312,563.7999877929688,564.0,564.0,2344.0
2020-05-13,562.0499877929688,565.0,559.5499877929688,563.2999877929688,563.2999877929688,3070.0
2020-05-14,561.0499877929688,568.5,557.3499755859375,562.4000244140625,562.4000244140625,1560.0
2020-05-15,560.0,567.7000122070312,560.0,561.9500122070312,561.9500122070312,1735.0
2020-05-18,563.0499877929688,563.0499877929688,550.4000244140625,558.1500244140625,558.1500244140625,4606.0
2020-05-19,559.4000244140625,573.0,559.4000244140625,566.25,566.25,264.0
2020-05-20,570.9000244140625,601.0,570.9000244140625,598.5499877929688,598.5499877929688,9498.0
2020-05-21,598.2999877929688,613.5499877929688,583.3499755859375,609.7999877929688,609.7999877929688,3095.0
2020-05-22,605.0499877929688,612.0,599.75,600.0,600.0,424.0
2020-05-26,601.0499877929688,602.0,562.5999755859375,574.0,574.0,6395.0
2020-05-27,597.0,597.0,565.0,584.0999755859375,584.0999755859375,5087.0
2020-05-28,592.9000244140625,592.9500122070312,580.0,580.0,580.0,237.0
2020-05-29,571.0999755859375,611.8499755859375,571.0999755859375,591.7000122070312,591.7000122070312,4947.0
2020-06-01,587.75,615.2999877929688,583.9500122070312,612.2000122070312,612.2000122070312,6380.0
2020-06-02,614.8499755859375,614.9000244140625,604.9500122070312,605.3499755859375,605.3499755859375,4208.0
2020-06-03,603.1500244140625,636.0,603.0999755859375,622.7000122070312,622.7000122070312,13872.0
2020-06-04,625.0,625.0,609.0,620.2999877929688,620.2999877929688,4927.0
2020-06-05,624.9500122070312,632.25,621.5,623.9500122070312,623.9500122070312,2474.0
