Date,Open,High,Low,Close,Adj Close,Volume
2009-08-14,7.360000133514404,7.360000133514404,7.300000190734863,7.360000133514404,7.360000133514404,36600
2009-08-17,8.829999923706055,8.829999923706055,8.829999923706055,8.829999923706055,8.829999923706055,35000
2009-08-18,10.569999694824219,10.59000015258789,10.569999694824219,10.59000015258789,10.59000015258789,68100
2009-08-19,12.699999809265137,12.699999809265137,11.300000190734863,12.699999809265137,12.699999809265137,131300
2009-08-20,13.25,15.239999771118164,13.25,15.239999771118164,15.239999771118164,165200
2009-08-21,16.899999618530273,18.280000686645508,16.5,18.280000686645508,18.280000686645508,158100
2009-08-24,20.100000381469727,20.100000381469727,20.100000381469727,20.100000381469727,20.100000381469727,191200
2009-08-25,22.110000610351562,22.110000610351562,18.100000381469727,18.100000381469727,18.100000381469727,185600
2009-08-26,16.299999237060547,16.299999237060547,16.299999237060547,16.299999237060547,16.299999237060547,14100
2009-08-27,14.680000305175781,14.680000305175781,14.680000305175781,14.680000305175781,14.680000305175781,28300
2009-08-28,13.220000267028809,13.220000267028809,13.220000267028809,13.220000267028809,13.220000267028809,64400
2009-08-31,13.220000267028809,13.220000267028809,12.5600004196167,12.5600004196167,12.5600004196167,28600
2009-09-01,11.949999809265137,11.949999809265137,11.9399995803833,11.9399995803833,11.9399995803833,9590
2009-09-02,11.350000381469727,11.350000381469727,11.350000381469727,11.350000381469727,11.350000381469727,8200
2009-09-03,10.789999961853027,11.800000190734863,10.789999961853027,10.789999961853027,10.789999961853027,205200
2009-09-04,10.260000228881836,11.319999694824219,10.260000228881836,11.300000190734863,11.300000190734863,390800
2009-09-07,11.779999732971191,11.859999656677246,10.739999771118164,10.739999771118164,10.739999771118164,67500
2009-09-08,10.210000038146973,10.210000038146973,10.210000038146973,10.210000038146973,10.210000038146973,17870
2009-09-09,9.699999809265137,9.699999809265137,9.699999809265137,9.699999809265137,9.699999809265137,25400
2009-09-10,9.220000267028809,9.220000267028809,9.220000267028809,9.220000267028809,9.220000267028809,78000
2009-09-11,8.770000457763672,9.25,8.760000228881836,8.760000228881836,8.760000228881836,76000
2009-09-14,8.329999923706055,8.329999923706055,8.329999923706055,8.329999923706055,8.329999923706055,25000
2009-09-15,7.920000076293945,7.920000076293945,7.920000076293945,7.920000076293945,7.920000076293945,35600
2009-09-16,7.53000020980835,7.53000020980835,7.53000020980835,7.53000020980835,7.53000020980835,21100
2009-09-17,7.159999847412109,7.159999847412109,7.159999847412109,7.159999847412109,7.159999847412109,33100
2009-09-18,6.809999942779541,6.809999942779541,6.809999942779541,6.809999942779541,6.809999942779541,36600
2009-09-22,6.46999979019165,6.989999771118164,6.46999979019165,6.489999771118164,6.489999771118164,273300
2009-09-23,6.170000076293945,6.170000076293945,6.170000076293945,6.170000076293945,6.170000076293945,153900
2009-09-24,5.869999885559082,5.869999885559082,5.869999885559082,5.869999885559082,5.869999885559082,41300
2009-09-25,5.579999923706055,5.579999923706055,5.579999923706055,5.579999923706055,5.579999923706055,53800
2009-09-29,5.309999942779541,5.309999942779541,5.309999942779541,5.309999942779541,5.309999942779541,75800
2009-09-30,5.050000190734863,5.570000171661377,5.050000190734863,5.050000190734863,5.050000190734863,603100
2009-10-01,4.800000190734863,5.139999866485596,4.800000190734863,4.800000190734863,4.800000190734863,1412000
2009-10-05,4.570000171661377,4.570000171661377,4.570000171661377,4.570000171661377,4.570000171661377,74100
2009-10-06,4.349999904632568,4.349999904632568,4.349999904632568,4.349999904632568,4.349999904632568,56500
2009-10-07,4.139999866485596,4.139999866485596,4.139999866485596,4.139999866485596,4.139999866485596,204800
2009-10-08,3.940000057220459,3.940000057220459,3.940000057220459,3.940000057220459,3.940000057220459,81300
2009-10-09,3.75,3.75,3.75,3.75,3.75,44300
2009-10-12,3.569999933242798,3.930000066757202,3.569999933242798,3.7300000190734863,3.7300000190734863,2010400
2009-10-14,3.549999952316284,3.549999952316284,3.549999952316284,3.549999952316284,3.549999952316284,407700
2009-10-15,3.380000114440918,3.380000114440918,3.380000114440918,3.380000114440918,3.380000114440918,91300
2009-10-16,3.2200000286102295,3.2200000286102295,3.2200000286102295,3.2200000286102295,3.2200000286102295,417000
2009-10-20,2.9100000858306885,2.9100000858306885,2.9100000858306885,2.9100000858306885,2.9100000858306885,492200
2009-10-21,2.7699999809265137,2.7699999809265137,2.7699999809265137,2.7699999809265137,2.7699999809265137,144200
2009-10-22,2.640000104904175,2.640000104904175,2.640000104904175,2.640000104904175,2.640000104904175,97300
2009-10-23,2.509999990463257,2.509999990463257,2.509999990463257,2.509999990463257,2.509999990463257,147100
2009-10-26,2.390000104904175,2.390000104904175,2.390000104904175,2.390000104904175,2.390000104904175,326100
2009-10-27,2.2799999713897705,2.5,2.2799999713897705,2.5,2.5,1244700
2009-10-28,2.619999885559082,2.619999885559082,2.619999885559082,2.619999885559082,2.619999885559082,533700
2009-10-29,2.75,2.75,2.75,2.75,2.75,288900
2009-10-30,2.880000114440918,2.880000114440918,2.880000114440918,2.880000114440918,2.880000114440918,16100
2009-11-03,3.0199999809265137,3.0199999809265137,2.740000009536743,2.740000009536743,2.740000009536743,5400100
2009-11-04,2.759999990463257,2.869999885559082,2.609999895095825,2.869999885559082,2.869999885559082,447100
2009-11-05,3.009999990463257,3.009999990463257,2.7300000190734863,3.009999990463257,3.009999990463257,584600
2009-11-06,3.140000104904175,3.1600000858306885,3.059999942779541,3.1600000858306885,3.1600000858306885,165800
2009-11-09,3.309999942779541,3.309999942779541,3.049999952316284,3.2100000381469727,3.2100000381469727,1248636
2009-11-10,3.3399999141693115,3.3399999141693115,3.049999952316284,3.059999942779541,3.059999942779541,716697
2009-11-11,3.0399999618530273,3.059999942779541,2.9100000858306885,2.9100000858306885,2.9100000858306885,265000
2009-11-12,2.7699999809265137,2.8299999237060547,2.7699999809265137,2.7699999809265137,2.7699999809265137,270200
2009-11-13,2.700000047683716,2.869999885559082,2.640000104904175,2.7699999809265137,2.7699999809265137,266100
2009-11-16,2.6500000953674316,2.8399999141693115,2.6500000953674316,2.799999952316284,2.799999952316284,191169
2009-11-17,2.9000000953674316,2.9000000953674316,2.75,2.8499999046325684,2.8499999046325684,169600
2009-11-18,2.8399999141693115,2.9600000381469727,2.799999952316284,2.859999895095825,2.859999895095825,147400
2009-11-19,2.880000114440918,2.9600000381469727,2.799999952316284,2.890000104904175,2.890000104904175,221494
2009-11-20,2.930000066757202,2.930000066757202,2.7699999809265137,2.859999895095825,2.859999895095825,294199
2009-11-23,2.9000000953674316,2.930000066757202,2.7799999713897705,2.809999942779541,2.809999942779541,191639
2009-11-24,2.75,2.8499999046325684,2.75,2.809999942779541,2.809999942779541,158900
2009-11-25,2.75,2.8399999141693115,2.6700000762939453,2.690000057220459,2.690000057220459,109400
2009-11-26,2.740000009536743,2.75,2.5799999237060547,2.5999999046325684,2.5999999046325684,75900
2009-11-27,2.5999999046325684,2.6500000953674316,2.509999990463257,2.549999952316284,2.549999952316284,102800
2009-11-30,2.640000104904175,2.6700000762939453,2.5999999046325684,2.6700000762939453,2.6700000762939453,76000
2009-12-01,2.75,2.7899999618530273,2.630000114440918,2.740000009536743,2.740000009536743,100300
2009-12-02,2.6700000762939453,2.7200000286102295,2.609999895095825,2.619999885559082,2.619999885559082,132000
2009-12-03,2.549999952316284,2.7300000190734863,2.509999990463257,2.690000057220459,2.690000057220459,92026
2009-12-04,2.700000047683716,2.799999952316284,2.569999933242798,2.630000114440918,2.630000114440918,49100
2009-12-07,2.5199999809265137,2.700000047683716,2.5199999809265137,2.619999885559082,2.619999885559082,120900
2009-12-08,2.609999895095825,2.6700000762939453,2.609999895095825,2.640000104904175,2.640000104904175,39300
2009-12-09,2.559999942779541,2.700000047683716,2.559999942779541,2.680000066757202,2.680000066757202,37211
2009-12-10,2.640000104904175,2.809999942779541,2.640000104904175,2.799999952316284,2.799999952316284,86500
2009-12-11,2.9000000953674316,2.940000057220459,2.75,2.8299999237060547,2.8299999237060547,95700
2009-12-14,2.809999942779541,2.930000066757202,2.809999942779541,2.9000000953674316,2.9000000953674316,47014
2009-12-15,2.950000047683716,3.0,2.819999933242798,2.9000000953674316,2.9000000953674316,67200
2009-12-16,2.9800000190734863,2.9800000190734863,2.8399999141693115,2.9000000953674316,2.9000000953674316,37900
2009-12-17,2.9700000286102295,2.9700000286102295,2.869999885559082,2.9100000858306885,2.9100000858306885,48016
2009-12-18,2.8499999046325684,2.950000047683716,2.8399999141693115,2.859999895095825,2.859999895095825,44997
2009-12-21,2.890000104904175,2.950000047683716,2.799999952316284,2.819999933242798,2.819999933242798,31000
2009-12-22,2.950000047683716,2.950000047683716,2.799999952316284,2.890000104904175,2.890000104904175,61600
2010-01-04,2.700000047683716,2.819999933242798,2.6700000762939453,2.7100000381469727,2.7100000381469727,318800
2010-01-05,2.7100000381469727,2.7899999618530273,2.630000114440918,2.6700000762939453,2.6700000762939453,275500
2010-01-06,2.740000009536743,2.740000009536743,2.619999885559082,2.640000104904175,2.640000104904175,204500
2010-01-07,2.680000066757202,2.690000057220459,2.619999885559082,2.640000104904175,2.640000104904175,189227
2010-01-08,2.619999885559082,2.7200000286102295,2.609999895095825,2.630000114440918,2.630000114440918,367494
2010-01-11,2.700000047683716,2.7200000286102295,2.609999895095825,2.630000114440918,2.630000114440918,1584100
2010-01-12,2.890000104904175,2.890000104904175,2.5899999141693115,2.5999999046325684,2.5999999046325684,661935
2010-01-13,2.5999999046325684,2.809999942779541,2.5899999141693115,2.609999895095825,2.609999895095825,1242297
2010-01-14,2.700000047683716,2.869999885559082,2.700000047683716,2.859999895095825,2.859999895095825,5575512
2010-01-15,3.0,3.0,2.6700000762939453,2.7100000381469727,2.7100000381469727,2423959
2010-01-18,2.799999952316284,2.9200000762939453,2.680000066757202,2.700000047683716,2.700000047683716,2472555
2010-01-19,2.75,2.799999952316284,2.6700000762939453,2.680000066757202,2.680000066757202,983365
2010-01-20,2.7300000190734863,2.7300000190734863,2.6500000953674316,2.6700000762939453,2.6700000762939453,840745
2010-01-21,2.5999999046325684,2.7200000286102295,2.5199999809265137,2.5799999237060547,2.5799999237060547,814023
2010-01-22,2.549999952316284,2.630000114440918,2.4000000953674316,2.5999999046325684,2.5999999046325684,569131
2010-01-25,2.5999999046325684,2.619999885559082,2.509999990463257,2.5199999809265137,2.5199999809265137,326454
2010-01-27,2.549999952316284,2.5999999046325684,2.4000000953674316,2.4000000953674316,2.4000000953674316,610314
2010-01-28,2.380000114440918,2.4700000286102295,2.359999895095825,2.4100000858306885,2.4100000858306885,233609
2010-01-29,2.380000114440918,2.4700000286102295,2.3499999046325684,2.4200000762939453,2.4200000762939453,227457
2010-02-01,2.490000009536743,2.6600000858306885,2.490000009536743,2.6600000858306885,2.6600000858306885,240510
2010-02-02,2.9200000762939453,2.9200000762939453,2.799999952316284,2.9200000762939453,2.9200000762939453,638638
2010-02-03,3.2100000381469727,3.2100000381469727,3.009999990463257,3.2100000381469727,3.2100000381469727,1346507
2010-02-04,3.369999885559082,3.369999885559082,3.369999885559082,3.369999885559082,3.369999885559082,569943
2010-02-05,3.3499999046325684,3.3499999046325684,3.2100000381469727,3.2100000381469727,3.2100000381469727,1110904
2010-02-08,3.259999990463257,3.259999990463257,2.9600000381469727,3.059999942779541,3.059999942779541,635914
2010-02-09,3.0,3.2100000381469727,3.0,3.2100000381469727,3.2100000381469727,990731
2010-02-10,3.359999895095825,3.369999885559082,3.25,3.369999885559082,3.369999885559082,1151623
2010-02-11,3.5199999809265137,3.5299999713897705,3.430000066757202,3.5299999713897705,3.5299999713897705,594988
2010-02-15,3.700000047683716,3.700000047683716,3.700000047683716,3.700000047683716,3.700000047683716,284687
2010-02-16,3.880000114440918,3.880000114440918,3.569999933242798,3.8499999046325684,3.8499999046325684,3427361
2010-02-17,3.9700000286102295,4.0,3.7100000381469727,3.9200000762939453,3.9200000762939453,1291744
2010-02-18,3.990000009536743,3.990000009536743,3.7300000190734863,3.7699999809265137,3.7699999809265137,1058555
2010-02-19,3.7899999618530273,3.799999952316284,3.5899999141693115,3.5899999141693115,3.5899999141693115,391384
2010-02-22,3.4200000762939453,3.4200000762939453,3.4200000762939453,3.4200000762939453,3.4200000762939453,148156
2010-02-23,3.25,3.25,3.25,3.25,3.25,277000
2010-02-24,3.0899999141693115,3.0899999141693115,3.0899999141693115,3.0899999141693115,3.0899999141693115,80247
2010-02-25,2.940000057220459,3.240000009536743,2.940000057220459,3.240000009536743,3.240000009536743,621765
2010-02-26,3.240000009536743,3.4000000953674316,3.2200000286102295,3.4000000953674316,3.4000000953674316,230628
2010-03-02,3.569999933242798,3.569999933242798,3.440000057220459,3.5,3.5,355776
2010-03-03,3.5999999046325684,3.6700000762939453,3.3299999237060547,3.549999952316284,3.549999952316284,355101
2010-03-04,3.549999952316284,3.690000057220459,3.4000000953674316,3.5799999237060547,3.5799999237060547,297252
2010-03-05,3.700000047683716,3.700000047683716,3.4100000858306885,3.450000047683716,3.450000047683716,350609
2010-03-08,3.549999952316284,3.5999999046325684,3.3499999046325684,3.4700000286102295,3.4700000286102295,412940
2010-03-09,3.5399999618530273,3.640000104904175,3.5,3.640000104904175,3.640000104904175,512031
2010-03-10,3.799999952316284,3.819999933242798,3.4800000190734863,3.759999990463257,3.759999990463257,510556
2010-03-11,3.75,3.7899999618530273,3.5899999141693115,3.680000066757202,3.680000066757202,176329
2010-03-12,3.640000104904175,3.759999990463257,3.5199999809265137,3.569999933242798,3.569999933242798,200341
2010-03-15,3.5999999046325684,3.5999999046325684,3.4000000953674316,3.4000000953674316,3.4000000953674316,203943
2010-03-16,3.4000000953674316,3.450000047683716,3.259999990463257,3.380000114440918,3.380000114440918,153568
2010-03-17,3.299999952316284,3.5,3.299999952316284,3.4200000762939453,3.4200000762939453,131153
2010-03-18,3.450000047683716,3.5,3.319999933242798,3.359999895095825,3.359999895095825,148731
2010-03-19,3.4000000953674316,3.509999990463257,3.299999952316284,3.3299999237060547,3.3299999237060547,248566
2010-03-22,3.4200000762939453,3.490000009536743,3.259999990463257,3.490000009536743,3.490000009536743,152474
2010-03-23,3.6600000858306885,3.6600000858306885,3.6600000858306885,3.6600000858306885,3.6600000858306885,138353
2010-03-25,3.8399999141693115,3.8399999141693115,3.6500000953674316,3.75,3.75,707153
2010-03-26,3.75,3.75,3.569999933242798,3.569999933242798,3.569999933242798,254446
2010-03-29,3.5,3.5799999237060547,3.4000000953674316,3.4200000762939453,3.4200000762939453,239556
2010-03-30,3.299999952316284,3.5899999141693115,3.299999952316284,3.559999942779541,3.559999942779541,116133
2010-03-31,3.690000057220459,3.690000057220459,3.5,3.5199999809265137,3.5199999809265137,199317
2010-04-01,3.509999990463257,3.640000104904175,3.4600000381469727,3.619999885559082,3.619999885559082,103723
2010-04-05,3.5999999046325684,3.799999952316284,3.5,3.75,3.75,213391
2010-04-06,3.7100000381469727,3.819999933242798,3.619999885559082,3.759999990463257,3.759999990463257,157077
2010-04-07,3.5999999046325684,3.8399999141693115,3.5999999046325684,3.680000066757202,3.680000066757202,118067
2010-04-08,3.5999999046325684,3.740000009536743,3.5,3.509999990463257,3.509999990463257,164321
2010-04-09,3.549999952316284,3.5999999046325684,3.4200000762939453,3.5,3.5,78774
2010-04-12,3.5,3.6500000953674316,3.4600000381469727,3.559999942779541,3.559999942779541,111194
2010-04-13,3.5999999046325684,3.630000114440918,3.5,3.5199999809265137,3.5199999809265137,54905
2010-04-15,3.630000114440918,3.6500000953674316,3.450000047683716,3.509999990463257,3.509999990463257,135663
2010-04-16,3.5,3.5999999046325684,3.450000047683716,3.5,3.5,60392
2010-04-19,3.450000047683716,3.5,3.3299999237060547,3.390000104904175,3.390000104904175,159594
2010-04-20,3.4800000190734863,3.4800000190734863,3.25,3.359999895095825,3.359999895095825,102124
2010-04-21,3.450000047683716,3.4800000190734863,3.319999933242798,3.390000104904175,3.390000104904175,107122
2010-04-22,3.4000000953674316,3.440000057220459,3.299999952316284,3.309999942779541,3.309999942779541,113511
2010-04-23,3.3499999046325684,3.390000104904175,3.2200000286102295,3.2699999809265137,3.2699999809265137,111411
2010-04-26,3.3499999046325684,3.369999885559082,3.259999990463257,3.2799999713897705,3.2799999713897705,80249
2010-04-27,3.299999952316284,3.380000114440918,3.25,3.2899999618530273,3.2899999618530273,68700
2010-04-28,3.259999990463257,3.3299999237060547,3.200000047683716,3.240000009536743,3.240000009536743,89342
2010-04-29,3.25,3.299999952316284,3.200000047683716,3.2200000286102295,3.2200000286102295,54186
2010-04-30,3.200000047683716,3.380000114440918,3.180000066757202,3.299999952316284,3.299999952316284,124118
2010-05-03,3.380000114440918,3.4600000381469727,3.2100000381469727,3.430000066757202,3.430000066757202,213931
2010-05-04,3.309999942779541,3.5999999046325684,3.309999942779541,3.509999990463257,3.509999990463257,188936
2010-05-05,3.680000066757202,3.680000066757202,3.3399999141693115,3.450000047683716,3.450000047683716,71410
2010-05-06,3.569999933242798,3.569999933242798,3.4100000858306885,3.4600000381469727,3.4600000381469727,55823
2010-05-07,3.5999999046325684,3.5999999046325684,3.2899999618530273,3.319999933242798,3.319999933242798,94062
2010-05-10,3.4000000953674316,3.4800000190734863,3.2799999713897705,3.4000000953674316,3.4000000953674316,84844
2010-05-11,3.3299999237060547,3.490000009536743,3.319999933242798,3.3299999237060547,3.3299999237060547,36298
2010-05-12,3.440000057220459,3.450000047683716,3.2799999713897705,3.319999933242798,3.319999933242798,48255
2010-05-13,3.319999933242798,3.319999933242798,3.1700000762939453,3.200000047683716,3.200000047683716,54387
2010-05-14,3.200000047683716,3.359999895095825,3.1700000762939453,3.200000047683716,3.200000047683716,89120
2010-05-17,3.200000047683716,3.299999952316284,3.0999999046325684,3.190000057220459,3.190000057220459,67332
2010-05-18,3.0799999237060547,3.180000066757202,3.049999952316284,3.109999895095825,3.109999895095825,53157
2010-05-19,3.059999942779541,3.190000057220459,3.059999942779541,3.119999885559082,3.119999885559082,49741
2010-05-20,3.059999942779541,3.200000047683716,3.009999990463257,3.0199999809265137,3.0199999809265137,70336
2010-05-21,3.009999990463257,3.009999990463257,2.869999885559082,2.869999885559082,2.869999885559082,120289
2010-05-24,3.0,3.009999990463257,2.8499999046325684,2.880000114440918,2.880000114440918,85080
2010-05-25,3.0,3.0,2.75,2.7799999713897705,2.7799999713897705,67458
2010-05-26,2.6700000762939453,2.9100000858306885,2.6700000762939453,2.9100000858306885,2.9100000858306885,31338
2010-05-27,3.0,3.0399999618530273,2.819999933242798,2.9700000286102295,2.9700000286102295,42832
2010-05-28,2.990000009536743,2.990000009536743,2.890000104904175,2.9100000858306885,2.9100000858306885,32592
2010-05-31,2.8299999237060547,3.0,2.8299999237060547,2.9800000190734863,2.9800000190734863,23054
2010-06-01,2.9800000190734863,2.990000009536743,2.8399999141693115,2.9000000953674316,2.9000000953674316,22930
2010-06-02,2.8499999046325684,2.990000009536743,2.8299999237060547,2.859999895095825,2.859999895095825,13954
2010-06-03,2.869999885559082,3.0,2.859999895095825,2.930000066757202,2.930000066757202,73468
2010-06-04,2.799999952316284,3.069999933242798,2.799999952316284,2.9200000762939453,2.9200000762939453,27195
2010-06-07,2.799999952316284,3.0399999618530273,2.7799999713897705,2.9700000286102295,2.9700000286102295,30598
2010-06-08,2.9200000762939453,3.0,2.890000104904175,2.9100000858306885,2.9100000858306885,28775
2010-06-09,2.8499999046325684,2.940000057220459,2.799999952316284,2.859999895095825,2.859999895095825,32614
2010-06-10,2.9000000953674316,2.9800000190734863,2.8299999237060547,2.859999895095825,2.859999895095825,22025
2010-06-11,2.9000000953674316,2.9600000381469727,2.799999952316284,2.869999885559082,2.869999885559082,25713
2010-06-14,3.009999990463257,3.009999990463257,2.8299999237060547,2.930000066757202,2.930000066757202,37626
2010-06-15,2.990000009536743,2.990000009536743,2.819999933242798,2.9700000286102295,2.9700000286102295,49169
2010-06-16,2.890000104904175,2.940000057220459,2.8299999237060547,2.8299999237060547,2.8299999237060547,78951
2010-06-17,2.809999942779541,2.940000057220459,2.799999952316284,2.859999895095825,2.859999895095825,63718
2010-06-18,2.799999952316284,2.859999895095825,2.75,2.759999990463257,2.759999990463257,56442
2010-06-21,2.799999952316284,2.880000114440918,2.7200000286102295,2.759999990463257,2.759999990463257,80751
2010-06-22,2.7699999809265137,2.819999933242798,2.630000114440918,2.809999942779541,2.809999942779541,67304
2010-06-23,2.8499999046325684,2.859999895095825,2.7699999809265137,2.8299999237060547,2.8299999237060547,21490
2010-06-24,2.809999942779541,2.8499999046325684,2.7100000381469727,2.819999933242798,2.819999933242798,23218
2010-06-25,2.75,2.8499999046325684,2.740000009536743,2.8399999141693115,2.8399999141693115,11576
2010-06-28,2.809999942779541,2.8499999046325684,2.740000009536743,2.7699999809265137,2.7699999809265137,20247
2010-06-29,2.8399999141693115,2.8399999141693115,2.680000066757202,2.809999942779541,2.809999942779541,37950
2010-06-30,2.8499999046325684,2.9000000953674316,2.75,2.859999895095825,2.859999895095825,52596
2010-07-01,2.759999990463257,2.950000047683716,2.759999990463257,2.930000066757202,2.930000066757202,43049
2010-07-02,2.8399999141693115,3.069999933242798,2.8299999237060547,3.069999933242798,3.069999933242798,147283
2010-07-05,3.2200000286102295,3.2200000286102295,3.1600000858306885,3.2200000286102295,3.2200000286102295,174096
2010-07-06,3.380000114440918,3.380000114440918,3.369999885559082,3.380000114440918,3.380000114440918,206109
2010-07-07,3.7100000381469727,3.7100000381469727,3.299999952316284,3.5299999713897705,3.5299999713897705,299401
2010-07-08,3.819999933242798,3.819999933242798,3.3299999237060547,3.369999885559082,3.369999885559082,160393
2010-07-09,3.490000009536743,3.490000009536743,3.140000104904175,3.2200000286102295,3.2200000286102295,125326
2010-07-12,3.4000000953674316,3.490000009536743,3.2699999809265137,3.390000104904175,3.390000104904175,83457
2010-07-13,3.2200000286102295,3.450000047683716,3.180000066757202,3.2100000381469727,3.2100000381469727,96262
2010-07-14,3.5,3.5,3.0899999141693115,3.200000047683716,3.200000047683716,48489
2010-07-15,3.0899999141693115,3.2699999809265137,3.0899999141693115,3.119999885559082,3.119999885559082,58479
2010-07-16,3.049999952316284,3.200000047683716,3.009999990463257,3.059999942779541,3.059999942779541,89127
2010-07-19,3.0299999713897705,3.190000057220459,3.0299999713897705,3.069999933242798,3.069999933242798,51183
2010-07-20,3.3499999046325684,3.3499999046325684,3.049999952316284,3.069999933242798,3.069999933242798,110270
2010-07-21,3.0999999046325684,3.140000104904175,3.009999990463257,3.0799999237060547,3.0799999237060547,61407
2010-07-22,3.1700000762939453,3.1700000762939453,3.049999952316284,3.059999942779541,3.059999942779541,55044
2010-07-23,3.359999895095825,3.359999895095825,2.950000047683716,3.0299999713897705,3.0299999713897705,240456
2010-07-26,3.1600000858306885,3.1600000858306885,3.0,3.0199999809265137,3.0199999809265137,48416
2010-07-27,3.0399999618530273,3.119999885559082,2.9700000286102295,2.990000009536743,2.990000009536743,94017
2010-07-28,3.0,3.2799999713897705,2.9800000190734863,3.009999990463257,3.009999990463257,272117
2010-07-29,3.109999895095825,3.130000114440918,3.0,3.0999999046325684,3.0999999046325684,146204
2010-07-30,3.0999999046325684,3.200000047683716,3.0999999046325684,3.109999895095825,3.109999895095825,55357
2010-08-02,3.0999999046325684,3.2300000190734863,3.069999933242798,3.109999895095825,3.109999895095825,47906
2010-08-03,3.1600000858306885,3.25,3.0999999046325684,3.2300000190734863,3.2300000190734863,144706
2010-08-04,3.25,3.25,3.0899999141693115,3.130000114440918,3.130000114440918,116997
2010-08-05,3.2799999713897705,3.2799999713897705,3.0999999046325684,3.109999895095825,3.109999895095825,55296
2010-08-06,3.25,3.390000104904175,3.059999942779541,3.2300000190734863,3.2300000190734863,172820
2010-08-09,3.180000066757202,3.4800000190734863,3.130000114440918,3.380000114440918,3.380000114440918,229036
2010-08-10,3.359999895095825,3.380000114440918,3.259999990463257,3.299999952316284,3.299999952316284,57783
2010-08-11,3.299999952316284,3.4200000762939453,3.2300000190734863,3.3299999237060547,3.3299999237060547,102212
2010-08-12,3.4100000858306885,3.4100000858306885,3.1500000953674316,3.200000047683716,3.200000047683716,58863
2010-08-13,3.309999942779541,3.4000000953674316,3.1500000953674316,3.1700000762939453,3.1700000762939453,79284
2010-08-16,3.180000066757202,3.25,3.1500000953674316,3.1600000858306885,3.1600000858306885,53454
2010-08-17,3.109999895095825,3.2300000190734863,3.109999895095825,3.1600000858306885,3.1600000858306885,25771
2010-08-18,3.4000000953674316,3.4000000953674316,3.0999999046325684,3.1700000762939453,3.1700000762939453,55152
2010-08-19,3.069999933242798,3.2200000286102295,3.069999933242798,3.0799999237060547,3.0799999237060547,62762
2010-08-20,3.190000057220459,3.200000047683716,3.0,3.059999942779541,3.059999942779541,72210
2010-08-23,3.069999933242798,3.25,3.009999990463257,3.0999999046325684,3.0999999046325684,98583
2010-08-24,3.059999942779541,3.240000009536743,3.0399999618530273,3.059999942779541,3.059999942779541,52361
2010-08-25,3.359999895095825,3.359999895095825,3.069999933242798,3.0999999046325684,3.0999999046325684,56936
2010-08-26,3.130000114440918,3.240000009536743,3.0999999046325684,3.130000114440918,3.130000114440918,81655
2010-08-27,3.0299999713897705,3.200000047683716,2.9800000190734863,3.009999990463257,3.009999990463257,48639
2010-08-30,3.0,3.0799999237060547,2.9800000190734863,3.009999990463257,3.009999990463257,35366
2010-08-31,3.2300000190734863,3.2300000190734863,2.950000047683716,3.0799999237060547,3.0799999237060547,50894
2010-09-01,3.0,3.1700000762939453,2.950000047683716,3.0,3.0,51193
2010-09-02,3.0999999046325684,3.0999999046325684,2.9800000190734863,3.0199999809265137,3.0199999809265137,29223
2010-09-03,3.049999952316284,3.049999952316284,2.880000114440918,2.950000047683716,2.950000047683716,107555
2010-09-06,2.940000057220459,3.0399999618530273,2.8499999046325684,2.9100000858306885,2.9100000858306885,159918
2010-09-07,3.0,3.049999952316284,2.9700000286102295,2.9700000286102295,2.9700000286102295,28424
2010-09-08,2.880000114440918,3.069999933242798,2.880000114440918,3.009999990463257,3.009999990463257,38308
2010-09-09,2.9200000762939453,3.049999952316284,2.9200000762939453,3.0299999713897705,3.0299999713897705,29855
2010-09-13,3.130000114440918,3.130000114440918,2.950000047683716,2.9600000381469727,2.9600000381469727,42432
2010-09-14,3.0899999141693115,3.0899999141693115,2.799999952316284,2.9000000953674316,2.9000000953674316,64003
2010-09-15,2.9000000953674316,3.069999933242798,2.799999952316284,2.990000009536743,2.990000009536743,94293
2010-09-16,3.0,3.0299999713897705,2.9100000858306885,2.9200000762939453,2.9200000762939453,73931
2010-09-17,2.930000066757202,3.0,2.9000000953674316,2.930000066757202,2.930000066757202,34401
2010-09-20,2.930000066757202,3.059999942779541,2.859999895095825,2.869999885559082,2.869999885559082,53306
2010-09-21,3.0999999046325684,3.0999999046325684,2.740000009536743,2.9800000190734863,2.9800000190734863,41715
2010-09-22,3.440000057220459,3.440000057220459,2.8399999141693115,2.869999885559082,2.869999885559082,27361
2010-09-23,2.880000114440918,2.9600000381469727,2.799999952316284,2.940000057220459,2.940000057220459,51435
2010-09-24,2.890000104904175,2.890000104904175,2.799999952316284,2.819999933242798,2.819999933242798,32793
2010-09-27,2.8499999046325684,3.0899999141693115,2.799999952316284,2.8399999141693115,2.8399999141693115,249494
2010-09-28,2.9800000190734863,3.0,2.869999885559082,2.9000000953674316,2.9000000953674316,158320
2010-09-29,2.9000000953674316,2.950000047683716,2.8299999237060547,2.9000000953674316,2.9000000953674316,136844
2010-09-30,2.809999942779541,2.9000000953674316,2.700000047683716,2.75,2.75,214866
2010-10-01,2.7699999809265137,2.8499999046325684,2.6700000762939453,2.690000057220459,2.690000057220459,153216
2010-10-04,2.799999952316284,2.8399999141693115,2.7200000286102295,2.75,2.75,86945
2010-10-05,2.799999952316284,2.8399999141693115,2.5,2.5899999141693115,2.5899999141693115,206211
2010-10-06,2.799999952316284,2.9600000381469727,2.5,2.7200000286102295,2.7200000286102295,131757
2010-10-07,2.700000047683716,2.759999990463257,2.619999885559082,2.6500000953674316,2.6500000953674316,50813
2010-10-08,2.700000047683716,2.7899999618530273,2.609999895095825,2.640000104904175,2.640000104904175,86463
2010-10-11,2.759999990463257,2.9100000858306885,2.6700000762939453,2.740000009536743,2.740000009536743,151277
2010-10-12,2.690000057220459,2.8499999046325684,2.6700000762939453,2.7899999618530273,2.7899999618530273,54061
2010-10-13,2.950000047683716,2.950000047683716,2.680000066757202,2.690000057220459,2.690000057220459,96223
2010-10-14,2.799999952316284,2.799999952316284,2.630000114440918,2.6600000858306885,2.6600000858306885,70610
2010-10-15,2.950000047683716,2.950000047683716,2.5199999809265137,2.630000114440918,2.630000114440918,112196
2010-10-18,2.7899999618530273,2.7899999618530273,2.5299999713897705,2.569999933242798,2.569999933242798,59005
2010-10-19,2.950000047683716,2.950000047683716,2.549999952316284,2.609999895095825,2.609999895095825,61067
2010-10-20,2.819999933242798,2.819999933242798,2.5999999046325684,2.630000114440918,2.630000114440918,42828
2010-10-21,2.7799999713897705,3.1500000953674316,2.619999885559082,3.1500000953674316,3.1500000953674316,1141644
2010-10-22,3.25,3.75,3.240000009536743,3.6600000858306885,3.6600000858306885,1955426
2010-10-25,3.950000047683716,3.950000047683716,3.5999999046325684,3.7200000286102295,3.7200000286102295,946188
2010-10-26,3.6700000762939453,3.6700000762939453,3.3499999046325684,3.3499999046325684,3.3499999046325684,224361
2010-10-27,3.299999952316284,3.299999952316284,3.0299999713897705,3.1500000953674316,3.1500000953674316,325909
2010-10-28,3.1500000953674316,3.190000057220459,3.049999952316284,3.049999952316284,3.049999952316284,452749
2010-10-29,3.0199999809265137,3.0999999046325684,2.9600000381469727,2.9800000190734863,2.9800000190734863,244055
2010-11-01,3.0999999046325684,3.0999999046325684,2.940000057220459,2.9600000381469727,2.9600000381469727,81930
2010-11-02,2.930000066757202,3.0999999046325684,2.930000066757202,2.940000057220459,2.940000057220459,181786
2010-11-03,3.0,3.069999933242798,2.9600000381469727,3.009999990463257,3.009999990463257,67524
2010-11-04,3.0,3.049999952316284,2.930000066757202,2.950000047683716,2.950000047683716,46134
2010-11-08,3.0,3.0899999141693115,2.9600000381469727,3.0199999809265137,3.0199999809265137,88733
2010-11-09,2.9800000190734863,3.0399999618530273,2.950000047683716,2.950000047683716,2.950000047683716,93443
2010-11-10,3.049999952316284,3.049999952316284,2.950000047683716,3.0,3.0,85802
2010-11-11,3.049999952316284,3.049999952316284,2.9000000953674316,2.9700000286102295,2.9700000286102295,211678
2010-11-12,3.0,3.0799999237060547,2.950000047683716,2.950000047683716,2.950000047683716,360138
2010-11-15,3.0,3.0,2.8499999046325684,2.9000000953674316,2.9000000953674316,148508
2010-11-16,2.859999895095825,2.9000000953674316,2.759999990463257,2.759999990463257,2.759999990463257,226652
2010-11-18,2.799999952316284,2.8499999046325684,2.6700000762939453,2.7100000381469727,2.7100000381469727,101923
2010-11-19,2.799999952316284,2.799999952316284,2.6600000858306885,2.680000066757202,2.680000066757202,82521
2010-11-22,2.799999952316284,2.799999952316284,2.6500000953674316,2.6600000858306885,2.6600000858306885,168514
2010-11-23,2.740000009536743,2.740000009536743,2.569999933242798,2.609999895095825,2.609999895095825,174866
2010-11-24,2.6500000953674316,2.7100000381469727,2.509999990463257,2.569999933242798,2.569999933242798,185925
2010-11-25,2.5199999809265137,2.690000057220459,2.5199999809265137,2.680000066757202,2.680000066757202,165580
2010-11-26,2.559999942779541,2.75,2.549999952316284,2.559999942779541,2.559999942779541,88036
2010-11-29,2.5999999046325684,2.5999999046325684,2.4700000286102295,2.509999990463257,2.509999990463257,63879
2010-11-30,2.549999952316284,2.549999952316284,2.4600000381469727,2.490000009536743,2.490000009536743,52515
2010-12-01,2.5999999046325684,2.609999895095825,2.490000009536743,2.609999895095825,2.609999895095825,41205
2010-12-02,2.740000009536743,2.740000009536743,2.700000047683716,2.7300000190734863,2.7300000190734863,252864
2010-12-03,2.799999952316284,2.799999952316284,2.609999895095825,2.609999895095825,2.609999895095825,50533
2010-12-06,2.619999885559082,2.700000047683716,2.559999942779541,2.5999999046325684,2.5999999046325684,67985
2010-12-07,2.559999942779541,2.700000047683716,2.490000009536743,2.5399999618530273,2.5399999618530273,77682
2010-12-08,2.6600000858306885,2.6600000858306885,2.4600000381469727,2.4600000381469727,2.4600000381469727,73656
2010-12-09,2.4600000381469727,2.4600000381469727,2.3399999141693115,2.3399999141693115,2.3399999141693115,106815
2010-12-10,2.2899999618530273,2.450000047683716,2.2300000190734863,2.3499999046325684,2.3499999046325684,159734
2010-12-13,2.3499999046325684,2.4000000953674316,2.259999990463257,2.299999952316284,2.299999952316284,202663
2010-12-14,2.4000000953674316,2.4000000953674316,2.2899999618530273,2.299999952316284,2.299999952316284,49120
2010-12-15,2.25,2.4000000953674316,2.190000057220459,2.2899999618530273,2.2899999618530273,114542
2010-12-16,2.4000000953674316,2.4000000953674316,2.180000066757202,2.190000057220459,2.190000057220459,157930
2010-12-20,2.25,2.25,2.0999999046325684,2.119999885559082,2.119999885559082,142643
2010-12-21,2.190000057220459,2.2200000286102295,2.130000114440918,2.1600000858306885,2.1600000858306885,157400
2010-12-22,2.240000009536743,2.240000009536743,2.140000104904175,2.1700000762939453,2.1700000762939453,87908
2010-12-23,2.1500000953674316,2.190000057220459,2.109999895095825,2.109999895095825,2.109999895095825,119373
2010-12-24,2.1500000953674316,2.1500000953674316,2.069999933242798,2.0899999141693115,2.0899999141693115,84124
2010-12-27,2.119999885559082,2.119999885559082,2.059999942779541,2.069999933242798,2.069999933242798,66308
2010-12-28,2.059999942779541,2.0999999046325684,2.0,2.059999942779541,2.059999942779541,102424
2010-12-29,2.0999999046325684,2.0999999046325684,1.9800000190734863,2.0199999809265137,2.0199999809265137,158324
2010-12-30,2.0399999618530273,2.0399999618530273,1.9800000190734863,1.9900000095367432,1.9900000095367432,185256
2010-12-31,2.0,2.059999942779541,2.0,2.0399999618530273,2.0399999618530273,90286
2011-01-03,2.0299999713897705,2.0999999046325684,2.0,2.0199999809265137,2.0199999809265137,138950
2011-01-04,2.0799999237060547,2.0799999237060547,1.9600000381469727,1.9800000190734863,1.9800000190734863,221934
2011-01-05,2.049999952316284,2.059999942779541,1.9800000190734863,1.9900000095367432,1.9900000095367432,72928
2011-01-06,2.0,2.0399999618530273,1.9900000095367432,1.9900000095367432,1.9900000095367432,38043
2011-01-07,2.049999952316284,2.049999952316284,1.9700000286102295,1.9900000095367432,1.9900000095367432,91579
2011-01-10,1.8300000429153442,2.0,1.8300000429153442,1.9500000476837158,1.9500000476837158,95151
2011-01-11,2.0,2.0,1.8700000047683716,1.9199999570846558,1.9199999570846558,45564
2011-01-12,1.9800000190734863,2.0,1.9199999570846558,1.940000057220459,1.940000057220459,28734
2011-01-13,2.0,2.0,1.7799999713897705,1.809999942779541,1.809999942779541,229009
2011-01-14,1.9199999570846558,1.9199999570846558,1.7699999809265137,1.8300000429153442,1.8300000429153442,74468
2011-01-17,1.9900000095367432,1.9900000095367432,1.75,1.7599999904632568,1.7599999904632568,86918
2011-01-18,1.840000033378601,1.840000033378601,1.7599999904632568,1.809999942779541,1.809999942779541,61759
2011-01-19,1.850000023841858,1.850000023841858,1.7400000095367432,1.7400000095367432,1.7400000095367432,53378
2011-01-20,1.7999999523162842,1.7999999523162842,1.7300000190734863,1.7699999809265137,1.7699999809265137,26601
2011-01-21,1.6299999952316284,1.7799999713897705,1.6299999952316284,1.7300000190734863,1.7300000190734863,121795
2011-01-24,1.7000000476837158,1.899999976158142,1.7000000476837158,1.8600000143051147,1.8600000143051147,62754
2011-01-25,1.899999976158142,2.009999990463257,1.850000023841858,1.909999966621399,1.909999966621399,71660
2011-01-27,1.850000023841858,1.9500000476837158,1.850000023841858,1.899999976158142,1.899999976158142,11986
2011-01-28,1.899999976158142,1.9700000286102295,1.7799999713897705,1.7999999523162842,1.7999999523162842,38950
2011-01-31,1.7999999523162842,1.9800000190734863,1.649999976158142,1.8600000143051147,1.8600000143051147,29579
2011-02-01,1.809999942779541,1.940000057220459,1.7999999523162842,1.7999999523162842,1.7999999523162842,55416
2011-02-02,1.899999976158142,1.9800000190734863,1.7100000381469727,1.75,1.75,100263
2011-02-03,1.75,1.7999999523162842,1.7200000286102295,1.7699999809265137,1.7699999809265137,37016
2011-02-04,1.7599999904632568,1.809999942779541,1.6299999952316284,1.6699999570846558,1.6699999570846558,39716
2011-02-07,1.7000000476837158,1.7300000190734863,1.6399999856948853,1.659999966621399,1.659999966621399,10870
2011-02-08,1.7000000476837158,1.7899999618530273,1.600000023841858,1.600000023841858,1.600000023841858,35959
2011-02-09,1.5499999523162842,1.5499999523162842,1.4600000381469727,1.4600000381469727,1.4600000381469727,56304
2011-02-10,1.590000033378601,1.600000023841858,1.3799999952316284,1.5800000429153442,1.5800000429153442,99315
2011-02-11,1.7200000286102295,1.7200000286102295,1.4600000381469727,1.6100000143051147,1.6100000143051147,57447
2011-02-14,1.7699999809265137,1.7699999809265137,1.4500000476837158,1.4500000476837158,1.4500000476837158,709323
2011-02-15,1.5,1.5,1.309999942779541,1.309999942779541,1.309999942779541,827317
2011-02-16,1.2999999523162842,1.2999999523162842,1.1799999475479126,1.1799999475479126,1.1799999475479126,605178
2011-02-17,1.190000057220459,1.2300000190734863,1.1799999475479126,1.2300000190734863,1.2300000190734863,134582
2011-02-18,1.2799999713897705,1.2899999618530273,1.2799999713897705,1.2899999618530273,1.2899999618530273,139337
2011-02-21,1.340000033378601,1.350000023841858,1.2999999523162842,1.340000033378601,1.340000033378601,157106
2011-02-22,1.3799999952316284,1.3799999952316284,1.2799999713897705,1.2899999618530273,1.2899999618530273,149585
2011-02-23,1.2300000190734863,1.2599999904632568,1.2300000190734863,1.2300000190734863,1.2300000190734863,132675
2011-02-24,1.2300000190734863,1.2899999618530273,1.1699999570846558,1.2100000381469727,1.2100000381469727,105180
2011-02-25,1.1699999570846558,1.2599999904632568,1.1699999570846558,1.2400000095367432,1.2400000095367432,32534
2011-02-28,1.2000000476837158,1.2999999523162842,1.2000000476837158,1.2799999713897705,1.2799999713897705,136961
2011-03-01,1.3300000429153442,1.3300000429153442,1.25,1.2899999618530273,1.2899999618530273,25544
2011-03-03,1.3200000524520874,1.3200000524520874,1.2400000095367432,1.2799999713897705,1.2799999713897705,101622
2011-03-04,1.2799999713897705,1.2899999618530273,1.2699999809265137,1.2699999809265137,1.2699999809265137,36849
2011-03-07,1.2599999904632568,1.2899999618530273,1.25,1.2699999809265137,1.2699999809265137,63296
2011-03-08,1.2799999713897705,1.3799999952316284,1.2599999904632568,1.340000033378601,1.340000033378601,41233
2011-03-09,1.3700000047683716,1.3799999952316284,1.309999942779541,1.3200000524520874,1.3200000524520874,61556
2011-03-10,1.3300000429153442,1.3600000143051147,1.3300000429153442,1.350000023841858,1.350000023841858,44754
2011-03-11,1.2999999523162842,1.340000033378601,1.2599999904632568,1.309999942779541,1.309999942779541,49695
2011-03-14,1.2699999809265137,1.2999999523162842,1.2100000381469727,1.2200000286102295,1.2200000286102295,122867
2011-03-15,1.2400000095367432,1.2400000095367432,1.2000000476837158,1.2000000476837158,1.2000000476837158,123215
2011-03-16,1.2200000286102295,1.2599999904632568,1.2000000476837158,1.2300000190734863,1.2300000190734863,91558
2011-03-17,1.1699999570846558,1.2400000095367432,1.1699999570846558,1.190000057220459,1.190000057220459,10564
2011-03-18,1.190000057220459,1.2799999713897705,1.1799999475479126,1.2599999904632568,1.2599999904632568,48042
2011-03-21,1.350000023841858,1.350000023841858,1.2200000286102295,1.2799999713897705,1.2799999713897705,22793
2011-03-22,1.2799999713897705,1.2999999523162842,1.25,1.25,1.25,164256
2011-03-23,1.340000033378601,1.340000033378601,1.2000000476837158,1.25,1.25,28443
2011-03-24,1.2000000476837158,1.2899999618530273,1.2000000476837158,1.25,1.25,29802
2011-03-25,1.2899999618530273,1.2999999523162842,1.25,1.2699999809265137,1.2699999809265137,94584
2011-03-28,1.350000023841858,1.3899999856948853,1.309999942779541,1.3899999856948853,1.3899999856948853,391193
2011-03-29,1.4500000476837158,1.5199999809265137,1.2799999713897705,1.309999942779541,1.309999942779541,249559
2011-03-30,1.350000023841858,1.440000057220459,1.2000000476837158,1.2400000095367432,1.2400000095367432,118553
2011-03-31,1.2300000190734863,1.2999999523162842,1.1799999475479126,1.2100000381469727,1.2100000381469727,118259
2011-04-01,1.2100000381469727,1.3300000429153442,1.2100000381469727,1.3300000429153442,1.3300000429153442,78743
2011-04-04,1.399999976158142,1.4600000381469727,1.3700000047683716,1.4600000381469727,1.4600000381469727,137524
2011-04-05,1.600000023841858,1.600000023841858,1.3300000429153442,1.600000023841858,1.600000023841858,101287
2011-04-06,1.600000023841858,1.7599999904632568,1.600000023841858,1.7599999904632568,1.7599999904632568,48045
2011-04-07,1.840000033378601,1.840000033378601,1.840000033378601,1.840000033378601,1.840000033378601,93929
2011-04-08,1.9299999475479126,1.9299999475479126,1.9299999475479126,1.9299999475479126,1.9299999475479126,100768
2011-04-11,1.9900000095367432,2.0199999809265137,1.840000033378601,2.0199999809265137,2.0199999809265137,736142
2011-04-13,2.0999999046325684,2.0999999046325684,1.9299999475479126,2.049999952316284,2.049999952316284,250289
2011-04-15,2.140000104904175,2.140000104904175,1.9900000095367432,2.0399999618530273,2.0399999618530273,136895
2011-04-18,2.0,2.0899999141693115,1.940000057220459,1.940000057220459,1.940000057220459,102045
2011-04-19,1.850000023841858,1.850000023841858,1.850000023841858,1.850000023841858,1.850000023841858,11640
2011-04-20,1.8799999952316284,1.8799999952316284,1.7599999904632568,1.8300000429153442,1.8300000429153442,39780
2011-04-21,1.75,1.8200000524520874,1.7400000095367432,1.7699999809265137,1.7699999809265137,81872
2011-04-25,1.7699999809265137,1.7699999809265137,1.690000057220459,1.690000057220459,1.690000057220459,58795
2011-04-26,1.75,1.75,1.6100000143051147,1.6100000143051147,1.6100000143051147,141021
2011-04-27,1.6100000143051147,1.6100000143051147,1.5299999713897705,1.5299999713897705,1.5299999713897705,191951
2011-04-28,1.5299999713897705,1.600000023841858,1.4700000286102295,1.600000023841858,1.600000023841858,267866
2011-04-29,1.6799999475479126,1.6799999475479126,1.5299999713897705,1.5299999713897705,1.5299999713897705,322490
2011-05-02,1.5299999713897705,1.5299999713897705,1.4700000286102295,1.5,1.5,123606
2011-05-03,1.4500000476837158,1.4900000095367432,1.4500000476837158,1.4700000286102295,1.4700000286102295,56548
2011-05-04,1.440000057220459,1.5,1.440000057220459,1.4700000286102295,1.4700000286102295,45302
2011-05-05,1.4700000286102295,1.5399999618530273,1.4700000286102295,1.5,1.5,187946
2011-05-06,1.5499999523162842,1.5499999523162842,1.4600000381469727,1.4700000286102295,1.4700000286102295,194130
2011-05-09,1.5199999809265137,1.5199999809265137,1.4700000286102295,1.4700000286102295,1.4700000286102295,42901
2011-05-10,1.5,1.5,1.4700000286102295,1.4800000190734863,1.4800000190734863,211976
2011-05-11,1.5199999809265137,1.5199999809265137,1.4199999570846558,1.4299999475479126,1.4299999475479126,101475
2011-05-12,1.440000057220459,1.4900000095367432,1.4299999475479126,1.440000057220459,1.440000057220459,59844
2011-05-13,1.399999976158142,1.4700000286102295,1.399999976158142,1.4299999475479126,1.4299999475479126,29839
2011-05-16,1.3799999952316284,1.4700000286102295,1.3799999952316284,1.4500000476837158,1.4500000476837158,50195
2011-05-17,1.4900000095367432,1.5,1.409999966621399,1.4900000095367432,1.4900000095367432,66461
2011-05-18,1.4800000190734863,1.5,1.4600000381469727,1.4700000286102295,1.4700000286102295,64443
2011-05-19,1.4500000476837158,1.5,1.409999966621399,1.409999966621399,1.409999966621399,124329
2011-05-20,1.4600000381469727,1.4600000381469727,1.3799999952316284,1.4299999475479126,1.4299999475479126,64959
2011-05-23,1.3799999952316284,1.4500000476837158,1.3799999952316284,1.399999976158142,1.399999976158142,5645
2011-05-24,1.3700000047683716,1.4299999475479126,1.3700000047683716,1.3799999952316284,1.3799999952316284,10526
2011-05-25,1.3799999952316284,1.440000057220459,1.3600000143051147,1.440000057220459,1.440000057220459,37427
2011-05-26,1.5099999904632568,1.5099999904632568,1.409999966621399,1.409999966621399,1.409999966621399,61933
2011-05-27,1.4299999475479126,1.4600000381469727,1.3799999952316284,1.409999966621399,1.409999966621399,25812
2011-05-30,1.4500000476837158,1.4600000381469727,1.3899999856948853,1.399999976158142,1.399999976158142,12013
2011-05-31,1.399999976158142,1.4700000286102295,1.399999976158142,1.4700000286102295,1.4700000286102295,36651
2011-06-01,1.399999976158142,1.5199999809265137,1.399999976158142,1.4800000190734863,1.4800000190734863,65645
2011-06-02,1.4299999475479126,1.5099999904632568,1.4299999475479126,1.4700000286102295,1.4700000286102295,24163
2011-06-03,1.4600000381469727,1.5399999618530273,1.4600000381469727,1.4800000190734863,1.4800000190734863,286619
2011-06-06,1.5,1.5299999713897705,1.4500000476837158,1.5299999713897705,1.5299999713897705,32943
2011-06-07,1.5800000429153442,1.5800000429153442,1.4600000381469727,1.4700000286102295,1.4700000286102295,59590
2011-06-08,1.5,1.5399999618530273,1.4600000381469727,1.5399999618530273,1.5399999618530273,10310
2011-06-09,1.6100000143051147,1.6100000143051147,1.5,1.6100000143051147,1.6100000143051147,121142
2011-06-10,1.649999976158142,1.690000057220459,1.5399999618530273,1.690000057220459,1.690000057220459,86337
2011-06-13,1.7200000286102295,1.7699999809265137,1.7200000286102295,1.7400000095367432,1.7400000095367432,198909
2011-06-14,1.7400000095367432,1.8200000524520874,1.7300000190734863,1.7799999713897705,1.7799999713897705,158866
2011-06-15,1.7200000286102295,1.850000023841858,1.7000000476837158,1.7100000381469727,1.7100000381469727,115025
2011-06-16,1.7000000476837158,1.7899999618530273,1.649999976158142,1.7599999904632568,1.7599999904632568,48302
2011-06-17,1.8200000524520874,1.8200000524520874,1.6799999475479126,1.690000057220459,1.690000057220459,25735
2011-06-20,1.690000057220459,1.690000057220459,1.6100000143051147,1.6200000047683716,1.6200000047683716,397425
2011-06-21,1.659999966621399,1.6799999475479126,1.559999942779541,1.6200000047683716,1.6200000047683716,29479
2011-06-22,1.5399999618530273,1.6299999952316284,1.5399999618530273,1.600000023841858,1.600000023841858,27899
2011-06-23,1.6799999475479126,1.6799999475479126,1.5700000524520874,1.6100000143051147,1.6100000143051147,9664
2011-06-24,1.6799999475479126,1.690000057220459,1.5499999523162842,1.559999942779541,1.559999942779541,67079
2011-06-27,1.600000023841858,1.6299999952316284,1.559999942779541,1.6200000047683716,1.6200000047683716,71263
2011-06-28,1.559999942779541,1.7000000476837158,1.559999942779541,1.649999976158142,1.649999976158142,4745
2011-06-29,1.6100000143051147,1.7000000476837158,1.5700000524520874,1.649999976158142,1.649999976158142,492019
2011-06-30,1.590000033378601,1.6399999856948853,1.5800000429153442,1.5800000429153442,1.5800000429153442,58875
2011-07-01,1.5299999713897705,1.6399999856948853,1.5199999809265137,1.559999942779541,1.559999942779541,31225
2011-07-04,1.590000033378601,1.590000033378601,1.5700000524520874,1.5800000429153442,1.5800000429153442,20532
2011-07-05,1.649999976158142,1.649999976158142,1.5399999618530273,1.6299999952316284,1.6299999952316284,32622
2011-07-06,1.7100000381469727,1.7100000381469727,1.6200000047683716,1.659999966621399,1.659999966621399,49712
2011-07-07,1.559999942779541,1.7999999523162842,1.559999942779541,1.6799999475479126,1.6799999475479126,8550
2011-07-08,1.6799999475479126,1.7000000476837158,1.5800000429153442,1.6399999856948853,1.6399999856948853,15635
2011-07-11,1.649999976158142,1.649999976158142,1.559999942779541,1.559999942779541,1.559999942779541,25135
2011-07-12,1.5499999523162842,1.600000023841858,1.5299999713897705,1.5800000429153442,1.5800000429153442,7429
2011-07-13,1.600000023841858,1.7300000190734863,1.5499999523162842,1.7300000190734863,1.7300000190734863,73649
2011-07-14,1.7400000095367432,1.8799999952316284,1.7400000095367432,1.809999942779541,1.809999942779541,219420
2011-07-15,1.9800000190734863,1.9800000190734863,1.7100000381469727,1.8200000524520874,1.8200000524520874,44536
2011-07-18,1.7000000476837158,1.7999999523162842,1.649999976158142,1.6799999475479126,1.6799999475479126,68915
2011-07-19,1.7799999713897705,1.7999999523162842,1.690000057220459,1.7100000381469727,1.7100000381469727,74202
2011-07-20,1.7200000286102295,1.7200000286102295,1.6699999570846558,1.6699999570846558,1.6699999570846558,11488
2011-07-21,1.6200000047683716,1.7799999713897705,1.6200000047683716,1.6799999475479126,1.6799999475479126,29006
2011-07-22,1.7999999523162842,1.7999999523162842,1.6399999856948853,1.7200000286102295,1.7200000286102295,12924
2011-07-25,1.649999976158142,1.7300000190734863,1.6399999856948853,1.6399999856948853,1.6399999856948853,5097
2011-07-26,1.6100000143051147,1.7999999523162842,1.6100000143051147,1.6200000047683716,1.6200000047683716,36933
2011-07-27,1.7000000476837158,1.7699999809265137,1.649999976158142,1.7400000095367432,1.7400000095367432,21341
2011-07-28,1.6299999952316284,1.6699999570846558,1.600000023841858,1.6299999952316284,1.6299999952316284,12944
2011-08-01,1.600000023841858,1.6100000143051147,1.5800000429153442,1.600000023841858,1.600000023841858,15599
2011-08-02,1.5,1.690000057220459,1.5,1.5199999809265137,1.5199999809265137,36000
2011-08-03,1.4600000381469727,1.5299999713897705,1.4600000381469727,1.5099999904632568,1.5099999904632568,14580
2011-08-04,1.5,1.600000023841858,1.5,1.600000023841858,1.600000023841858,5600
2011-08-05,1.4700000286102295,1.5399999618530273,1.4500000476837158,1.4600000381469727,1.4600000381469727,85048
2011-08-08,1.3300000429153442,1.5700000524520874,1.3300000429153442,1.3899999856948853,1.3899999856948853,46590
2011-08-09,1.2799999713897705,1.5199999809265137,1.2799999713897705,1.5099999904632568,1.5099999904632568,125377
2011-08-10,1.5099999904632568,1.659999966621399,1.4199999570846558,1.4199999570846558,1.4199999570846558,16035
2011-08-11,1.4299999475479126,1.559999942779541,1.4299999475479126,1.5199999809265137,1.5199999809265137,5868
2011-08-12,1.5,1.649999976158142,1.5,1.5499999523162842,1.5499999523162842,6448
2011-08-16,1.649999976158142,1.649999976158142,1.4700000286102295,1.4800000190734863,1.4800000190734863,4198
2011-08-17,1.4500000476837158,1.4500000476837158,1.340000033378601,1.3700000047683716,1.3700000047683716,39428
2011-08-18,1.309999942779541,1.350000023841858,1.2400000095367432,1.25,1.25,54374
2011-08-19,1.2999999523162842,1.3700000047683716,1.1699999570846558,1.2100000381469727,1.2100000381469727,29624
2011-08-22,1.25,1.2999999523162842,1.2100000381469727,1.2899999618530273,1.2899999618530273,34366
2011-08-23,1.2899999618530273,1.3799999952316284,1.2300000190734863,1.3799999952316284,1.3799999952316284,3819
2011-08-24,1.3799999952316284,1.440000057220459,1.3799999952316284,1.3799999952316284,1.3799999952316284,3965
2011-08-25,1.4700000286102295,1.4700000286102295,1.3200000524520874,1.3200000524520874,1.3200000524520874,6377
2011-08-26,1.3200000524520874,1.440000057220459,1.190000057220459,1.2100000381469727,1.2100000381469727,20080
2011-08-29,1.2999999523162842,1.2999999523162842,1.1799999475479126,1.190000057220459,1.190000057220459,20010
2011-08-30,1.190000057220459,1.2799999713897705,1.190000057220459,1.2699999809265137,1.2699999809265137,13343
2011-09-02,1.3799999952316284,1.3799999952316284,1.2300000190734863,1.350000023841858,1.350000023841858,19743
2011-09-05,1.3700000047683716,1.4800000190734863,1.3600000143051147,1.4700000286102295,1.4700000286102295,13737
2011-09-06,1.399999976158142,1.5399999618530273,1.340000033378601,1.4299999475479126,1.4299999475479126,16411
2011-09-07,1.4600000381469727,1.559999942779541,1.3700000047683716,1.4700000286102295,1.4700000286102295,21526
2011-09-08,1.3899999856948853,1.4299999475479126,1.3200000524520874,1.3899999856948853,1.3899999856948853,18952
2011-09-09,1.5299999713897705,1.5299999713897705,1.309999942779541,1.3200000524520874,1.3200000524520874,13332
2011-09-12,1.4500000476837158,1.5299999713897705,1.2999999523162842,1.309999942779541,1.309999942779541,155530
2011-09-13,1.350000023841858,1.440000057220459,1.3200000524520874,1.3200000524520874,1.3200000524520874,21357
2011-09-14,1.25,1.440000057220459,1.25,1.4299999475479126,1.4299999475479126,14357
2011-09-15,1.3200000524520874,1.4199999570846558,1.309999942779541,1.3200000524520874,1.3200000524520874,27569
2011-09-16,1.4299999475479126,1.4299999475479126,1.3300000429153442,1.3899999856948853,1.3899999856948853,273
2011-09-19,1.2100000381469727,1.5499999523162842,1.2100000381469727,1.5199999809265137,1.5199999809265137,92359
2011-09-20,1.2599999904632568,1.649999976158142,1.2599999904632568,1.600000023841858,1.600000023841858,104605
2011-09-21,1.559999942779541,1.7100000381469727,1.5499999523162842,1.6200000047683716,1.6200000047683716,45206
2011-09-22,1.909999966621399,1.909999966621399,1.4500000476837158,1.4700000286102295,1.4700000286102295,39392
2011-09-23,1.3600000143051147,1.649999976158142,1.3600000143051147,1.5399999618530273,1.5399999618530273,4592
2011-09-26,1.3799999952316284,1.600000023841858,1.3700000047683716,1.5399999618530273,1.5399999618530273,10000
2011-09-27,1.600000023841858,1.7200000286102295,1.5700000524520874,1.6799999475479126,1.6799999475479126,138229
2011-09-28,1.9700000286102295,1.9700000286102295,1.5299999713897705,1.690000057220459,1.690000057220459,71274
2011-09-29,1.559999942779541,1.7999999523162842,1.559999942779541,1.7000000476837158,1.7000000476837158,30802
2011-09-30,1.6100000143051147,1.6699999570846558,1.4800000190734863,1.5199999809265137,1.5199999809265137,33933
2011-10-03,1.6799999475479126,1.6799999475479126,1.4700000286102295,1.5199999809265137,1.5199999809265137,8864
2011-10-04,1.4700000286102295,1.6100000143051147,1.4700000286102295,1.5,1.5,10161
2011-10-05,1.5,1.5800000429153442,1.5,1.5199999809265137,1.5199999809265137,5014
2011-10-07,1.5199999809265137,1.5399999618530273,1.4600000381469727,1.4900000095367432,1.4900000095367432,52853
2011-10-10,1.5,1.5199999809265137,1.399999976158142,1.4600000381469727,1.4600000381469727,47758
2011-10-11,1.4800000190734863,1.4900000095367432,1.399999976158142,1.440000057220459,1.440000057220459,54994
2011-10-12,1.4299999475479126,1.4700000286102295,1.399999976158142,1.409999966621399,1.409999966621399,17133
2011-10-13,1.4800000190734863,1.5,1.2100000381469727,1.3799999952316284,1.3799999952316284,275996
2011-10-14,1.4500000476837158,1.5800000429153442,1.3799999952316284,1.3899999856948853,1.3899999856948853,90607
2011-10-17,1.3899999856948853,1.5,1.309999942779541,1.3200000524520874,1.3200000524520874,82907
2011-10-18,1.4600000381469727,1.4600000381469727,1.2899999618530273,1.309999942779541,1.309999942779541,74489
2011-10-19,1.5,1.5700000524520874,1.309999942779541,1.409999966621399,1.409999966621399,216311
2011-10-20,1.409999966621399,1.409999966621399,1.2599999904632568,1.340000033378601,1.340000033378601,148308
2011-10-21,1.350000023841858,1.399999976158142,1.3200000524520874,1.399999976158142,1.399999976158142,5200
2011-10-24,1.3600000143051147,1.399999976158142,1.3600000143051147,1.3700000047683716,1.3700000047683716,1700
2011-10-25,1.5,1.5,1.340000033378601,1.340000033378601,1.340000033378601,11613
2011-10-28,1.4500000476837158,1.4500000476837158,1.350000023841858,1.3899999856948853,1.3899999856948853,13710
2011-10-31,1.309999942779541,1.3899999856948853,1.309999942779541,1.3899999856948853,1.3899999856948853,2700
2011-11-01,1.4199999570846558,1.4299999475479126,1.350000023841858,1.3899999856948853,1.3899999856948853,28404
2011-11-02,1.3899999856948853,1.4199999570846558,1.309999942779541,1.340000033378601,1.340000033378601,24394
2011-11-03,1.340000033378601,1.4199999570846558,1.3300000429153442,1.350000023841858,1.350000023841858,43221
2011-11-04,1.5,1.590000033378601,1.25,1.4800000190734863,1.4800000190734863,900861
2011-11-08,1.600000023841858,1.600000023841858,1.399999976158142,1.4700000286102295,1.4700000286102295,82489
2011-11-09,1.5499999523162842,1.600000023841858,1.350000023841858,1.3899999856948853,1.3899999856948853,137743
2011-11-11,1.559999942779541,1.559999942779541,1.350000023841858,1.3899999856948853,1.3899999856948853,88962
2011-11-14,1.559999942779541,1.559999942779541,1.350000023841858,1.3899999856948853,1.3899999856948853,18104
2011-11-15,1.5499999523162842,1.5499999523162842,1.3300000429153442,1.3799999952316284,1.3799999952316284,9915
2011-11-16,1.590000033378601,1.590000033378601,1.2699999809265137,1.2799999713897705,1.2799999713897705,21915
2011-11-17,1.4500000476837158,1.4500000476837158,1.2100000381469727,1.25,1.25,23218
2011-11-18,1.409999966621399,1.409999966621399,1.1699999570846558,1.2200000286102295,1.2200000286102295,27654
2011-11-21,1.399999976158142,1.399999976158142,1.1200000047683716,1.149999976158142,1.149999976158142,21123
2011-11-22,1.350000023841858,1.350000023841858,1.149999976158142,1.2100000381469727,1.2100000381469727,11084
2011-11-23,1.2599999904632568,1.2599999904632568,1.149999976158142,1.190000057220459,1.190000057220459,9830
2011-11-24,1.2300000190734863,1.2300000190734863,1.1399999856948853,1.1399999856948853,1.1399999856948853,55552
2011-11-25,1.190000057220459,1.190000057220459,1.090000033378601,1.1699999570846558,1.1699999570846558,46685
2011-11-28,1.2000000476837158,1.2000000476837158,1.159999966621399,1.1799999475479126,1.1799999475479126,29539
2011-11-29,1.2300000190734863,1.2300000190734863,1.1699999570846558,1.2000000476837158,1.2000000476837158,62082
2011-11-30,1.2599999904632568,1.2599999904632568,1.190000057220459,1.25,1.25,5950
2011-12-01,1.309999942779541,1.309999942779541,1.190000057220459,1.190000057220459,1.190000057220459,34779
2011-12-02,1.2000000476837158,1.2400000095367432,1.149999976158142,1.159999966621399,1.159999966621399,52116
2011-12-05,1.2100000381469727,1.2100000381469727,1.1100000143051147,1.1100000143051147,1.1100000143051147,175914
2011-12-07,1.159999966621399,1.159999966621399,1.100000023841858,1.100000023841858,1.100000023841858,14265
2011-12-08,1.149999976158142,1.149999976158142,1.059999942779541,1.100000023841858,1.100000023841858,17010
2011-12-09,1.100000023841858,1.100000023841858,1.0499999523162842,1.0499999523162842,1.0499999523162842,40726
2011-12-12,1.0499999523162842,1.100000023841858,1.0,1.090000033378601,1.090000033378601,9195
2011-12-13,1.059999942779541,1.1399999856948853,1.0399999618530273,1.1299999952316284,1.1299999952316284,12249
2011-12-14,1.0800000429153442,1.1399999856948853,1.0800000429153442,1.1399999856948853,1.1399999856948853,7762
2011-12-15,1.100000023841858,1.149999976158142,1.090000033378601,1.090000033378601,1.090000033378601,3474
2011-12-16,1.0499999523162842,1.1399999856948853,1.0399999618530273,1.0399999618530273,1.0399999618530273,31993
2011-12-19,1.0,1.090000033378601,0.9900000095367432,1.0299999713897705,1.0299999713897705,11198
2011-12-20,1.0800000429153442,1.0800000429153442,0.9800000190734863,0.9900000095367432,0.9900000095367432,76994
2011-12-21,1.0,1.0299999713897705,0.9599999785423279,0.9599999785423279,0.9599999785423279,17860
2011-12-22,1.0,1.0,0.9300000071525574,0.9800000190734863,0.9800000190734863,34100
2011-12-23,1.0199999809265137,1.0199999809265137,0.9399999976158142,0.949999988079071,0.949999988079071,59510
2011-12-26,0.9800000190734863,0.9900000095367432,0.9599999785423279,0.9599999785423279,0.9599999785423279,10250
2011-12-27,1.0,1.0,0.9200000166893005,0.9200000166893005,0.9200000166893005,6800
2011-12-28,0.9599999785423279,0.9599999785423279,0.9300000071525574,0.9300000071525574,0.9300000071525574,13000
2011-12-29,0.9300000071525574,0.9700000286102295,0.9100000262260437,0.9700000286102295,0.9700000286102295,6750
2011-12-30,0.9300000071525574,0.9300000071525574,0.9300000071525574,0.9300000071525574,0.9300000071525574,10562
2012-01-02,0.9300000071525574,0.9700000286102295,0.8899999856948853,0.9700000286102295,0.9700000286102295,11309
2012-01-03,1.0,1.0099999904632568,0.9399999976158142,1.0,1.0,9295
2012-01-04,1.0099999904632568,1.0099999904632568,0.9700000286102295,1.0,1.0,600
2012-01-05,1.0499999523162842,1.0499999523162842,0.9700000286102295,0.9700000286102295,0.9700000286102295,695
2012-01-06,0.9700000286102295,1.0099999904632568,0.9300000071525574,1.0099999904632568,1.0099999904632568,14013
2012-01-09,1.0,1.0,1.0,1.0,1.0,120
2012-01-10,1.0399999618530273,1.0399999618530273,0.9700000286102295,1.0199999809265137,1.0199999809265137,2960
2012-01-11,0.9700000286102295,1.0299999713897705,0.9700000286102295,0.9700000286102295,0.9700000286102295,21512
2012-01-12,0.9800000190734863,0.9800000190734863,0.9800000190734863,0.9800000190734863,0.9800000190734863,1000
2012-01-13,1.0099999904632568,1.0199999809265137,1.0099999904632568,1.0199999809265137,1.0199999809265137,37654
2012-01-16,0.9700000286102295,1.0700000524520874,0.9700000286102295,1.0499999523162842,1.0499999523162842,21100
2012-01-17,1.090000033378601,1.090000033378601,1.0,1.0399999618530273,1.0399999618530273,33934
2012-01-18,1.090000033378601,1.090000033378601,1.0199999809265137,1.059999942779541,1.059999942779541,42478
2012-01-19,1.0499999523162842,1.1100000143051147,1.0299999713897705,1.090000033378601,1.090000033378601,39355
2012-01-20,1.100000023841858,1.1200000047683716,1.0800000429153442,1.0800000429153442,1.0800000429153442,17010
2012-01-23,1.090000033378601,1.090000033378601,1.0299999713897705,1.0499999523162842,1.0499999523162842,5400
2012-01-24,1.0399999618530273,1.0499999523162842,1.0,1.0099999904632568,1.0099999904632568,9605
2012-01-25,0.9599999785423279,1.0499999523162842,0.9599999785423279,1.0399999618530273,1.0399999618530273,6880
2012-01-27,1.090000033378601,1.090000033378601,1.0,1.0099999904632568,1.0099999904632568,3935
2012-01-30,1.0299999713897705,1.059999942779541,0.9599999785423279,1.0,1.0,10039
2012-01-31,1.0499999523162842,1.0499999523162842,1.0,1.0399999618530273,1.0399999618530273,10051
2012-02-01,1.0,1.090000033378601,0.9900000095367432,0.9900000095367432,0.9900000095367432,74306
2012-02-02,0.9599999785423279,1.0299999713897705,0.9599999785423279,0.9900000095367432,0.9900000095367432,38207
2012-02-03,1.0,1.0199999809265137,1.0,1.0199999809265137,1.0199999809265137,14645
2012-02-06,1.0499999523162842,1.0700000524520874,1.0499999523162842,1.059999942779541,1.059999942779541,18800
2012-02-07,1.090000033378601,1.090000033378601,1.0099999904632568,1.0099999904632568,1.0099999904632568,16802
2012-02-08,0.9800000190734863,1.059999942779541,0.9700000286102295,1.0199999809265137,1.0199999809265137,48820
2012-02-09,0.9800000190734863,1.0700000524520874,0.9800000190734863,1.0700000524520874,1.0700000524520874,112472
2012-02-10,1.0199999809265137,1.1200000047683716,1.0199999809265137,1.1100000143051147,1.1100000143051147,132296
2012-02-13,1.1200000047683716,1.159999966621399,1.0700000524520874,1.159999966621399,1.159999966621399,81868
2012-02-14,1.2000000476837158,1.2100000381469727,1.1200000047683716,1.2100000381469727,1.2100000381469727,50472
2012-02-15,1.2100000381469727,1.2699999809265137,1.2100000381469727,1.2699999809265137,1.2699999809265137,61101
2012-02-16,1.3300000429153442,1.3300000429153442,1.2100000381469727,1.3300000429153442,1.3300000429153442,28530
2012-02-17,1.3899999856948853,1.3899999856948853,1.2899999618530273,1.3799999952316284,1.3799999952316284,37207
2012-02-21,1.4299999475479126,1.440000057220459,1.3200000524520874,1.440000057220459,1.440000057220459,84829
2012-02-22,1.5099999904632568,1.5099999904632568,1.3700000047683716,1.409999966621399,1.409999966621399,61004
2012-02-23,1.4800000190734863,1.4800000190734863,1.340000033378601,1.350000023841858,1.350000023841858,101950
2012-02-24,1.409999966621399,1.409999966621399,1.2899999618530273,1.3700000047683716,1.3700000047683716,70687
2012-02-27,1.350000023841858,1.4299999475479126,1.3200000524520874,1.399999976158142,1.399999976158142,434497
2012-02-28,1.4700000286102295,1.4700000286102295,1.4199999570846558,1.4500000476837158,1.4500000476837158,561867
2012-02-29,1.4700000286102295,1.4900000095367432,1.3799999952316284,1.399999976158142,1.399999976158142,196758
2012-03-01,1.4700000286102295,1.4700000286102295,1.340000033378601,1.340000033378601,1.340000033378601,79800
2012-03-02,1.399999976158142,1.399999976158142,1.2799999713897705,1.2799999713897705,1.2799999713897705,97232
2012-03-05,1.3799999952316284,1.3799999952316284,1.2599999904632568,1.2599999904632568,1.2599999904632568,19248
2012-03-06,1.3700000047683716,1.3799999952316284,1.149999976158142,1.2100000381469727,1.2100000381469727,34628
2012-03-07,1.2100000381469727,1.2100000381469727,1.2100000381469727,1.2100000381469727,1.2100000381469727,0
2012-03-09,1.1699999570846558,1.340000033378601,1.1699999570846558,1.340000033378601,1.340000033378601,40365
2012-03-12,1.4700000286102295,1.4700000286102295,1.399999976158142,1.4600000381469727,1.4600000381469727,229255
2012-03-13,1.5,1.600000023841858,1.340000033378601,1.409999966621399,1.409999966621399,61694
2012-03-14,1.5,1.5,1.309999942779541,1.440000057220459,1.440000057220459,30985
2012-03-15,1.4800000190734863,1.4800000190734863,1.3200000524520874,1.3200000524520874,1.3200000524520874,50746
2012-03-16,1.2999999523162842,1.4500000476837158,1.2000000476837158,1.2300000190734863,1.2300000190734863,63349
2012-03-19,1.1200000047683716,1.350000023841858,1.1200000047683716,1.1799999475479126,1.1799999475479126,70557
2012-03-20,1.2899999618530273,1.2899999618530273,1.100000023841858,1.2000000476837158,1.2000000476837158,27293
2012-03-21,1.100000023841858,1.2799999713897705,1.100000023841858,1.2100000381469727,1.2100000381469727,32273
2012-03-22,1.2699999809265137,1.3200000524520874,1.1399999856948853,1.2599999904632568,1.2599999904632568,129601
2012-03-23,1.1799999475479126,1.2699999809265137,1.1399999856948853,1.1399999856948853,1.1399999856948853,49092
2012-03-26,1.1399999856948853,1.149999976158142,1.0499999523162842,1.090000033378601,1.090000033378601,51996
2012-03-27,1.0199999809265137,1.190000057220459,1.0199999809265137,1.0299999713897705,1.0299999713897705,37370
2012-03-28,1.100000023841858,1.100000023841858,0.9399999976158142,1.0,1.0,331291
2012-03-29,1.0,1.0800000429153442,1.0,1.0700000524520874,1.0700000524520874,13898
2012-03-30,0.9800000190734863,1.1699999570846558,0.9800000190734863,1.0399999618530273,1.0399999618530273,40811
2012-04-02,0.949999988079071,1.0499999523162842,0.9399999976158142,0.9399999976158142,0.9399999976158142,211367
2012-04-03,0.9399999976158142,0.9800000190734863,0.9399999976158142,0.9700000286102295,0.9700000286102295,148031
2012-04-04,0.9800000190734863,0.9900000095367432,0.9599999785423279,0.9700000286102295,0.9700000286102295,38389
2012-04-09,0.9900000095367432,0.9900000095367432,0.9599999785423279,0.9800000190734863,0.9800000190734863,17883
2012-04-10,1.0099999904632568,1.0099999904632568,0.9700000286102295,0.9900000095367432,0.9900000095367432,2051
2012-04-11,1.0299999713897705,1.0299999713897705,0.9800000190734863,1.0199999809265137,1.0199999809265137,17569
2012-04-12,1.0199999809265137,1.0700000524520874,1.0,1.0,1.0,24795
2012-04-13,1.0,1.0499999523162842,1.0,1.0199999809265137,1.0199999809265137,57864
2012-04-16,1.0,1.059999942779541,0.9800000190734863,0.9800000190734863,0.9800000190734863,20277
2012-04-17,1.0,1.0099999904632568,0.9599999785423279,0.9900000095367432,0.9900000095367432,10477
2012-04-18,1.0,1.0199999809265137,0.9599999785423279,0.9599999785423279,0.9599999785423279,3812
2012-04-19,0.9599999785423279,1.0,0.9599999785423279,1.0,1.0,3497
2012-04-20,1.0,1.0,0.9599999785423279,0.9599999785423279,0.9599999785423279,19057
2012-04-23,1.0,1.0,0.9200000166893005,0.9200000166893005,0.9200000166893005,38732
2012-04-24,0.9599999785423279,0.9599999785423279,0.9100000262260437,0.9200000166893005,0.9200000166893005,7401
2012-04-25,0.9599999785423279,0.9599999785423279,0.8899999856948853,0.8899999856948853,0.8899999856948853,41704
2012-04-26,0.8899999856948853,0.9300000071525574,0.8700000047683716,0.9200000166893005,0.9200000166893005,32195
2012-04-27,0.9599999785423279,0.9599999785423279,0.8799999952316284,0.9300000071525574,0.9300000071525574,26821
2012-04-30,0.9300000071525574,1.0,0.9300000071525574,0.9300000071525574,0.9300000071525574,20114
2012-05-02,0.9300000071525574,0.9300000071525574,0.9100000262260437,0.9100000262260437,0.9100000262260437,5027
2012-05-03,0.949999988079071,0.949999988079071,0.8999999761581421,0.9399999976158142,0.9399999976158142,2001
2012-05-04,0.8999999761581421,0.9300000071525574,0.8999999761581421,0.9300000071525574,0.9300000071525574,10000
2012-05-07,0.9100000262260437,0.9100000262260437,0.8899999856948853,0.8999999761581421,0.8999999761581421,10171
2012-05-08,0.8899999856948853,0.9700000286102295,0.8199999928474426,0.8199999928474426,0.8199999928474426,61855
2012-05-09,0.8199999928474426,0.8600000143051147,0.8199999928474426,0.8199999928474426,0.8199999928474426,6061
2012-05-10,0.75,0.8999999761581421,0.75,0.8700000047683716,0.8700000047683716,27996
2012-05-11,0.9399999976158142,0.9399999976158142,0.7900000214576721,0.8399999737739563,0.8399999737739563,29438
2012-05-14,0.7900000214576721,0.8799999952316284,0.7799999713897705,0.8399999737739563,0.8399999737739563,12302
2012-05-15,0.9100000262260437,0.9100000262260437,0.7599999904632568,0.7699999809265137,0.7699999809265137,6257
2012-05-16,0.7799999713897705,0.8399999737739563,0.7799999713897705,0.8199999928474426,0.8199999928474426,10986
2012-05-17,0.800000011920929,0.8899999856948853,0.7799999713897705,0.7799999713897705,0.7799999713897705,96343
2012-05-18,0.8399999737739563,0.8399999737739563,0.7200000286102295,0.7799999713897705,0.7799999713897705,9797
2012-05-21,0.7799999713897705,0.8100000023841858,0.75,0.75,0.75,12515
2012-05-22,0.8100000023841858,0.8199999928474426,0.75,0.8199999928474426,0.8199999928474426,6115
2012-05-23,0.8199999928474426,0.8199999928474426,0.7400000095367432,0.8199999928474426,0.8199999928474426,15800
2012-05-24,0.7599999904632568,0.8999999761581421,0.7599999904632568,0.7900000214576721,0.7900000214576721,7475
2012-05-25,0.8600000143051147,0.8600000143051147,0.7799999713897705,0.8500000238418579,0.8500000238418579,2072
2012-05-28,0.8600000143051147,0.8999999761581421,0.7799999713897705,0.8899999856948853,0.8899999856948853,4060
2012-05-29,0.8999999761581421,0.8999999761581421,0.8500000238418579,0.8500000238418579,0.8500000238418579,1940
2012-05-30,0.8399999737739563,0.9200000166893005,0.8399999737739563,0.9100000262260437,0.9100000262260437,10065
2012-05-31,0.8999999761581421,0.8999999761581421,0.8299999833106995,0.8999999761581421,0.8999999761581421,4431
2012-06-01,0.8299999833106995,0.8700000047683716,0.8299999833106995,0.8700000047683716,0.8700000047683716,2100
2012-06-04,0.9100000262260437,0.9100000262260437,0.800000011920929,0.800000011920929,0.800000011920929,6704
2012-06-05,0.800000011920929,0.8399999737739563,0.7699999809265137,0.8299999833106995,0.8299999833106995,7811
2012-06-06,0.9100000262260437,0.9100000262260437,0.8999999761581421,0.9100000262260437,0.9100000262260437,75224
2012-06-07,0.9100000262260437,1.0,0.8799999952316284,0.9700000286102295,0.9700000286102295,13700
2012-06-08,0.8799999952316284,0.9700000286102295,0.8799999952316284,0.9599999785423279,0.9599999785423279,9310
2012-06-11,0.8799999952316284,0.9399999976158142,0.8700000047683716,0.9399999976158142,0.9399999976158142,2304
2012-06-12,0.9399999976158142,0.9800000190734863,0.8600000143051147,0.8999999761581421,0.8999999761581421,4752
2012-06-13,0.8999999761581421,0.9599999785423279,0.8999999761581421,0.9399999976158142,0.9399999976158142,7550
2012-06-14,0.8500000238418579,0.9399999976158142,0.8500000238418579,0.8600000143051147,0.8600000143051147,2801
2012-06-15,0.8600000143051147,0.8700000047683716,0.8500000238418579,0.8500000238418579,0.8500000238418579,2083
2012-06-18,0.9200000166893005,0.9200000166893005,0.8500000238418579,0.8500000238418579,0.8500000238418579,5640
2012-06-19,0.800000011920929,0.9100000262260437,0.800000011920929,0.9100000262260437,0.9100000262260437,4010
2012-06-20,0.8199999928474426,0.8799999952316284,0.8199999928474426,0.8399999737739563,0.8399999737739563,12041
2012-06-21,0.8399999737739563,0.8500000238418579,0.7599999904632568,0.7799999713897705,0.7799999713897705,28438
2012-06-22,0.7900000214576721,0.8399999737739563,0.7799999713897705,0.8299999833106995,0.8299999833106995,60962
2012-06-25,0.8700000047683716,0.8799999952316284,0.8700000047683716,0.8799999952316284,0.8799999952316284,1100
2012-06-26,0.8500000238418579,0.9200000166893005,0.8100000023841858,0.8899999856948853,0.8899999856948853,4622
2012-06-27,0.8899999856948853,0.9200000166893005,0.8100000023841858,0.8500000238418579,0.8500000238418579,26611
2012-06-28,0.8799999952316284,0.8799999952316284,0.800000011920929,0.8700000047683716,0.8700000047683716,2040
2012-06-29,0.7900000214576721,0.8899999856948853,0.7900000214576721,0.7900000214576721,0.7900000214576721,42167
2012-07-02,0.7900000214576721,0.8399999737739563,0.7900000214576721,0.800000011920929,0.800000011920929,14700
2012-07-03,0.800000011920929,0.8299999833106995,0.800000011920929,0.8299999833106995,0.8299999833106995,1468
2012-07-04,0.800000011920929,0.8399999737739563,0.800000011920929,0.8100000023841858,0.8100000023841858,3647
2012-07-05,0.75,0.8299999833106995,0.75,0.8100000023841858,0.8100000023841858,45610
2012-07-06,0.8100000023841858,0.8199999928474426,0.7200000286102295,0.75,0.75,30394
2012-07-09,0.800000011920929,0.8100000023841858,0.7699999809265137,0.7699999809265137,0.7699999809265137,17570
2012-07-10,0.7799999713897705,0.8199999928474426,0.7300000190734863,0.8199999928474426,0.8199999928474426,25403
2012-07-11,0.8199999928474426,0.8199999928474426,0.7599999904632568,0.800000011920929,0.800000011920929,6750
2012-07-12,0.6499999761581421,0.8999999761581421,0.6499999761581421,0.8299999833106995,0.8299999833106995,22775
2012-07-13,0.8700000047683716,0.8700000047683716,0.75,0.8100000023841858,0.8100000023841858,7924
2012-07-16,0.8299999833106995,0.8500000238418579,0.8299999833106995,0.8299999833106995,0.8299999833106995,5001
2012-07-17,0.699999988079071,0.8799999952316284,0.699999988079071,0.8299999833106995,0.8299999833106995,32512
2012-07-18,0.9300000071525574,0.9300000071525574,0.8600000143051147,0.8799999952316284,0.8799999952316284,23260
2012-07-19,0.8799999952316284,0.8899999856948853,0.8299999833106995,0.8299999833106995,0.8299999833106995,14131
2012-07-20,0.75,0.8799999952316284,0.75,0.800000011920929,0.800000011920929,32283
2012-07-23,0.8799999952316284,0.8799999952316284,0.800000011920929,0.800000011920929,0.800000011920929,7897
2012-07-24,0.7300000190734863,0.8600000143051147,0.7300000190734863,0.7900000214576721,0.7900000214576721,2299
2012-07-25,0.8299999833106995,0.8299999833106995,0.699999988079071,0.75,0.75,17343
2012-07-26,0.7200000286102295,0.8100000023841858,0.699999988079071,0.7099999785423279,0.7099999785423279,68011
2012-07-27,0.8399999737739563,0.8399999737739563,0.699999988079071,0.7599999904632568,0.7599999904632568,33906
2012-07-30,0.6499999761581421,0.8500000238418579,0.6299999952316284,0.800000011920929,0.800000011920929,13065
2012-07-31,0.699999988079071,0.8100000023841858,0.699999988079071,0.699999988079071,0.699999988079071,210
2012-08-01,0.7099999785423279,0.8100000023841858,0.7099999785423279,0.7200000286102295,0.7200000286102295,4535
2012-08-02,0.800000011920929,0.800000011920929,0.6800000071525574,0.800000011920929,0.800000011920929,1010
2012-08-03,0.8600000143051147,0.8600000143051147,0.6600000262260437,0.7300000190734863,0.7300000190734863,11055
2012-08-06,0.8399999737739563,0.8399999737739563,0.7900000214576721,0.7900000214576721,0.7900000214576721,2520
2012-08-07,0.8700000047683716,0.8700000047683716,0.6399999856948853,0.6800000071525574,0.6800000071525574,93413
2012-08-08,0.6499999761581421,0.7599999904632568,0.6499999761581421,0.75,0.75,18445
2012-08-09,0.7799999713897705,0.7799999713897705,0.6499999761581421,0.75,0.75,2089
2012-08-10,0.699999988079071,0.75,0.6600000262260437,0.6700000166893005,0.6700000166893005,6642
2012-08-13,0.75,0.75,0.6700000166893005,0.7300000190734863,0.7300000190734863,1217
2012-08-14,0.7900000214576721,0.7900000214576721,0.6499999761581421,0.6899999976158142,0.6899999976158142,5907
2012-08-16,0.7699999809265137,0.7799999713897705,0.6899999976158142,0.7599999904632568,0.7599999904632568,6557
2012-08-17,0.75,0.75,0.7099999785423279,0.7300000190734863,0.7300000190734863,16158
2012-08-21,0.8500000238418579,0.8500000238418579,0.7300000190734863,0.75,0.75,3037
2012-08-22,0.8899999856948853,0.8899999856948853,0.7400000095367432,0.8199999928474426,0.8199999928474426,34648
2012-08-23,0.7400000095367432,0.8399999737739563,0.7400000095367432,0.7699999809265137,0.7699999809265137,8151
2012-08-24,0.7699999809265137,0.7699999809265137,0.6499999761581421,0.6800000071525574,0.6800000071525574,17724
2012-08-27,0.7300000190734863,0.7300000190734863,0.6600000262260437,0.6600000262260437,0.6600000262260437,6925
2012-08-28,0.7799999713897705,0.7799999713897705,0.6800000071525574,0.6800000071525574,0.6800000071525574,830
2012-08-29,0.7699999809265137,0.7699999809265137,0.6899999976158142,0.699999988079071,0.699999988079071,1863
2012-08-30,0.699999988079071,0.699999988079071,0.6499999761581421,0.699999988079071,0.699999988079071,10062
2012-08-31,0.7900000214576721,0.7900000214576721,0.6499999761581421,0.6499999761581421,0.6499999761581421,9201
2012-09-03,0.7200000286102295,0.7200000286102295,0.6499999761581421,0.699999988079071,0.699999988079071,3784
2012-09-04,0.699999988079071,0.699999988079071,0.6499999761581421,0.6700000166893005,0.6700000166893005,11556
2012-09-05,0.699999988079071,0.699999988079071,0.5699999928474426,0.6399999856948853,0.6399999856948853,53427
2012-09-06,0.6499999761581421,0.6499999761581421,0.5799999833106995,0.6000000238418579,0.6000000238418579,20538
2012-09-07,0.6499999761581421,0.6499999761581421,0.5799999833106995,0.5799999833106995,0.5799999833106995,7263
2012-09-10,0.6700000166893005,0.6700000166893005,0.5799999833106995,0.6000000238418579,0.6000000238418579,5818
2012-09-11,0.7099999785423279,0.7099999785423279,0.6000000238418579,0.6399999856948853,0.6399999856948853,13582
2012-09-12,0.6800000071525574,0.6800000071525574,0.6100000143051147,0.6100000143051147,0.6100000143051147,10761
2012-09-13,0.6399999856948853,0.6700000166893005,0.6299999952316284,0.6299999952316284,0.6299999952316284,11415
2012-09-14,0.6600000262260437,0.699999988079071,0.5299999713897705,0.6800000071525574,0.6800000071525574,12413
2012-09-17,0.6600000262260437,0.7400000095367432,0.5899999737739563,0.6200000047683716,0.6200000047683716,15700
2012-09-18,0.6499999761581421,0.6800000071525574,0.6399999856948853,0.6600000262260437,0.6600000262260437,9155
2012-09-20,0.6600000262260437,0.699999988079071,0.6000000238418579,0.6399999856948853,0.6399999856948853,1600
2012-09-21,0.6700000166893005,0.7400000095367432,0.5799999833106995,0.6600000262260437,0.6600000262260437,6218
2012-09-24,0.699999988079071,0.699999988079071,0.5899999737739563,0.6200000047683716,0.6200000047683716,18608
2012-09-25,0.6200000047683716,0.699999988079071,0.6200000047683716,0.6899999976158142,0.6899999976158142,18834
2012-09-26,0.6600000262260437,0.7099999785423279,0.6499999761581421,0.699999988079071,0.699999988079071,8745
2012-09-27,0.6700000166893005,0.800000011920929,0.6700000166893005,0.7699999809265137,0.7699999809265137,35835
2012-09-28,0.699999988079071,0.7900000214576721,0.6600000262260437,0.7200000286102295,0.7200000286102295,13409
2012-10-01,0.8199999928474426,0.8199999928474426,0.6800000071525574,0.7300000190734863,0.7300000190734863,5015
2012-10-03,0.5899999737739563,0.8299999833106995,0.5899999737739563,0.699999988079071,0.699999988079071,47865
2012-10-04,0.6299999952316284,0.800000011920929,0.6299999952316284,0.6899999976158142,0.6899999976158142,20991
2012-10-05,0.800000011920929,0.800000011920929,0.6399999856948853,0.75,0.75,10130
2012-10-08,0.8500000238418579,0.8500000238418579,0.6499999761581421,0.7699999809265137,0.7699999809265137,16312
2012-10-09,0.8999999761581421,0.8999999761581421,0.6399999856948853,0.6899999976158142,0.6899999976158142,21319
2012-10-10,0.6700000166893005,0.7699999809265137,0.6299999952316284,0.7400000095367432,0.7400000095367432,5109
2012-10-11,0.6499999761581421,0.8299999833106995,0.6499999761581421,0.7799999713897705,0.7799999713897705,7100
2012-10-12,0.7200000286102295,0.8199999928474426,0.6700000166893005,0.7200000286102295,0.7200000286102295,25913
2012-10-15,0.7200000286102295,0.8299999833106995,0.6899999976158142,0.6899999976158142,0.6899999976158142,1154
2012-10-16,0.800000011920929,0.800000011920929,0.5799999833106995,0.6100000143051147,0.6100000143051147,25379
2012-10-17,0.7300000190734863,0.7300000190734863,0.6399999856948853,0.7099999785423279,0.7099999785423279,14878
2012-10-18,0.800000011920929,0.8199999928474426,0.6399999856948853,0.6899999976158142,0.6899999976158142,31506
2012-10-19,0.800000011920929,0.8199999928474426,0.6700000166893005,0.8100000023841858,0.8100000023841858,142549
2012-10-22,0.8100000023841858,0.8100000023841858,0.6700000166893005,0.75,0.75,23103
2012-10-23,0.7200000286102295,0.800000011920929,0.7200000286102295,0.7799999713897705,0.7799999713897705,12449
2012-10-25,0.800000011920929,0.800000011920929,0.7300000190734863,0.75,0.75,11241
2012-10-29,0.6700000166893005,0.7300000190734863,0.6399999856948853,0.6800000071525574,0.6800000071525574,26014
2012-10-30,0.800000011920929,0.800000011920929,0.6499999761581421,0.6700000166893005,0.6700000166893005,19872
2012-10-31,0.7599999904632568,0.7599999904632568,0.6499999761581421,0.6600000262260437,0.6600000262260437,22236
2012-11-01,0.6399999856948853,0.6800000071525574,0.5899999737739563,0.6100000143051147,0.6100000143051147,66254
2012-11-02,0.5799999833106995,0.6800000071525574,0.5799999833106995,0.6299999952316284,0.6299999952316284,50293
2012-11-05,0.5799999833106995,0.6700000166893005,0.5799999833106995,0.6100000143051147,0.6100000143051147,10107
2012-11-06,0.5899999737739563,0.6700000166893005,0.5899999737739563,0.6000000238418579,0.6000000238418579,153
2012-11-07,0.5799999833106995,0.6899999976158142,0.5199999809265137,0.6499999761581421,0.6499999761581421,27630
2012-11-08,0.5299999713897705,0.6899999976158142,0.5299999713897705,0.6499999761581421,0.6499999761581421,9292
2012-11-09,0.550000011920929,0.7799999713897705,0.550000011920929,0.6299999952316284,0.6299999952316284,11470
2012-11-12,0.699999988079071,0.7300000190734863,0.6499999761581421,0.6800000071525574,0.6800000071525574,44215
2012-11-15,0.6800000071525574,0.6800000071525574,0.550000011920929,0.6200000047683716,0.6200000047683716,54716
2012-11-16,0.6000000238418579,0.6499999761581421,0.5799999833106995,0.6100000143051147,0.6100000143051147,9714
2012-11-19,0.6000000238418579,0.6000000238418579,0.6000000238418579,0.6000000238418579,0.6000000238418579,2024
2012-11-20,0.6700000166893005,0.6700000166893005,0.5799999833106995,0.5899999737739563,0.5899999737739563,18485
2012-11-21,0.6000000238418579,0.6600000262260437,0.6000000238418579,0.6299999952316284,0.6299999952316284,43123
2012-11-22,0.6399999856948853,0.6600000262260437,0.6100000143051147,0.6499999761581421,0.6499999761581421,5827
2012-11-23,0.6200000047683716,0.6600000262260437,0.6200000047683716,0.6200000047683716,0.6200000047683716,15273
2012-11-26,0.6299999952316284,0.6499999761581421,0.5899999737739563,0.6399999856948853,0.6399999856948853,93100
2012-11-27,0.6499999761581421,0.6499999761581421,0.6100000143051147,0.6499999761581421,0.6499999761581421,4355
2012-11-29,0.6700000166893005,0.6700000166893005,0.6200000047683716,0.6200000047683716,0.6200000047683716,13395
2012-11-30,0.6100000143051147,0.6499999761581421,0.6000000238418579,0.6299999952316284,0.6299999952316284,6756
2012-12-03,0.6000000238418579,0.6600000262260437,0.6000000238418579,0.6399999856948853,0.6399999856948853,5031
2012-12-04,0.6100000143051147,0.6299999952316284,0.6100000143051147,0.6299999952316284,0.6299999952316284,3703
2012-12-05,0.6100000143051147,0.6600000262260437,0.6100000143051147,0.6600000262260437,0.6600000262260437,5413
2012-12-06,0.6299999952316284,0.6299999952316284,0.6299999952316284,0.6299999952316284,0.6299999952316284,30150
2012-12-07,0.6499999761581421,0.6600000262260437,0.6000000238418579,0.6000000238418579,0.6000000238418579,53179
2012-12-10,0.6299999952316284,0.6299999952316284,0.5799999833106995,0.6000000238418579,0.6000000238418579,13781
2012-12-11,0.6000000238418579,0.6299999952316284,0.5799999833106995,0.5799999833106995,0.5799999833106995,30891
2012-12-12,0.5600000023841858,0.6000000238418579,0.5600000023841858,0.6000000238418579,0.6000000238418579,10042
2012-12-13,0.5899999737739563,0.6299999952316284,0.5899999737739563,0.6299999952316284,0.6299999952316284,51
2012-12-14,0.6000000238418579,0.6600000262260437,0.6000000238418579,0.6600000262260437,0.6600000262260437,33202
2012-12-17,0.6899999976158142,0.6899999976158142,0.6299999952316284,0.6399999856948853,0.6399999856948853,26866
2012-12-18,0.6100000143051147,0.6600000262260437,0.6100000143051147,0.6600000262260437,0.6600000262260437,24752
2012-12-19,0.6299999952316284,0.6600000262260437,0.6299999952316284,0.6399999856948853,0.6399999856948853,4053
2012-12-20,0.6100000143051147,0.6600000262260437,0.6100000143051147,0.6100000143051147,0.6100000143051147,6151
2012-12-21,0.5899999737739563,0.6399999856948853,0.5899999737739563,0.6399999856948853,0.6399999856948853,25954
2012-12-24,0.6200000047683716,0.6600000262260437,0.6100000143051147,0.6100000143051147,0.6100000143051147,16655
2012-12-26,0.6100000143051147,0.6100000143051147,0.6100000143051147,0.6100000143051147,0.6100000143051147,0
2012-12-27,0.6100000143051147,0.6399999856948853,0.5799999833106995,0.6200000047683716,0.6200000047683716,25057
2012-12-28,0.6499999761581421,0.6499999761581421,0.6000000238418579,0.6499999761581421,0.6499999761581421,2007
2012-12-31,0.6200000047683716,0.6399999856948853,0.6200000047683716,0.6200000047683716,0.6200000047683716,20502
2013-01-01,0.6499999761581421,0.6499999761581421,0.5899999737739563,0.6499999761581421,0.6499999761581421,16002
2013-01-02,0.6700000166893005,0.6700000166893005,0.6700000166893005,0.6700000166893005,0.6700000166893005,4005
2013-01-03,0.6899999976158142,0.6899999976158142,0.6399999856948853,0.6399999856948853,0.6399999856948853,47448
2013-01-04,0.6600000262260437,0.6600000262260437,0.6100000143051147,0.6200000047683716,0.6200000047683716,2512
2013-01-07,0.5899999737739563,0.6399999856948853,0.5899999737739563,0.6000000238418579,0.6000000238418579,38856
2013-01-08,0.6200000047683716,0.6200000047683716,0.6200000047683716,0.6200000047683716,0.6200000047683716,105
2013-01-09,0.6499999761581421,0.6499999761581421,0.6000000238418579,0.6000000238418579,0.6000000238418579,2705
2013-01-10,0.6299999952316284,0.6299999952316284,0.5899999737739563,0.6000000238418579,0.6000000238418579,1920
2013-01-11,0.5799999833106995,0.6299999952316284,0.5799999833106995,0.6299999952316284,0.6299999952316284,4602
2013-01-14,0.6600000262260437,0.6600000262260437,0.6600000262260437,0.6600000262260437,0.6600000262260437,10
2013-01-15,0.6899999976158142,0.6899999976158142,0.6299999952316284,0.6499999761581421,0.6499999761581421,15443
2013-01-16,0.6200000047683716,0.6200000047683716,0.6200000047683716,0.6200000047683716,0.6200000047683716,5600
2013-01-17,0.6399999856948853,0.6399999856948853,0.6000000238418579,0.6100000143051147,0.6100000143051147,1550
2013-01-18,0.6000000238418579,0.6100000143051147,0.5899999737739563,0.5899999737739563,0.5899999737739563,3224
2013-01-21,0.5699999928474426,0.6100000143051147,0.5699999928474426,0.5699999928474426,0.5699999928474426,69278
2013-01-22,0.550000011920929,0.5699999928474426,0.550000011920929,0.550000011920929,0.550000011920929,27458
2013-01-23,0.5299999713897705,0.550000011920929,0.5299999713897705,0.5299999713897705,0.5299999713897705,30550
2013-01-24,0.5299999713897705,0.5400000214576721,0.5099999904632568,0.5400000214576721,0.5400000214576721,13814
2013-01-25,0.550000011920929,0.550000011920929,0.5199999809265137,0.5299999713897705,0.5299999713897705,4750
2013-01-28,0.5099999904632568,0.550000011920929,0.5099999904632568,0.550000011920929,0.550000011920929,8250
2013-01-29,0.5299999713897705,0.5699999928474426,0.5299999713897705,0.5299999713897705,0.5299999713897705,7500
2013-01-30,0.5299999713897705,0.550000011920929,0.5099999904632568,0.5400000214576721,0.5400000214576721,59233
2013-01-31,0.5199999809265137,0.550000011920929,0.5199999809265137,0.5199999809265137,0.5199999809265137,7258
2013-02-01,0.5400000214576721,0.5400000214576721,0.5,0.5,0.5,11326
2013-02-04,0.5199999809265137,0.5199999809265137,0.5,0.5199999809265137,0.5199999809265137,12007
2013-02-05,0.5199999809265137,0.5400000214576721,0.5,0.5299999713897705,0.5299999713897705,49697
2013-02-06,0.5099999904632568,0.550000011920929,0.5099999904632568,0.5299999713897705,0.5299999713897705,24700
2013-02-07,0.5199999809265137,0.5400000214576721,0.5099999904632568,0.5400000214576721,0.5400000214576721,2540
2013-02-08,0.5299999713897705,0.5600000023841858,0.5299999713897705,0.5600000023841858,0.5600000023841858,9248
2013-02-11,0.550000011920929,0.5799999833106995,0.5400000214576721,0.5600000023841858,0.5600000023841858,8752
2013-02-12,0.5799999833106995,0.5799999833106995,0.5400000214576721,0.5799999833106995,0.5799999833106995,2803
2013-02-13,0.6000000238418579,0.6000000238418579,0.5600000023841858,0.6000000238418579,0.6000000238418579,14610
2013-02-14,0.5799999833106995,0.6299999952316284,0.5799999833106995,0.5799999833106995,0.5799999833106995,1004
2013-02-15,0.5600000023841858,0.5600000023841858,0.5600000023841858,0.5600000023841858,0.5600000023841858,500
2013-02-18,0.5400000214576721,0.5799999833106995,0.5400000214576721,0.5600000023841858,0.5600000023841858,4009
2013-02-19,0.5799999833106995,0.5799999833106995,0.5400000214576721,0.5400000214576721,0.5400000214576721,7036
2013-02-20,0.5199999809265137,0.5600000023841858,0.5199999809265137,0.5600000023841858,0.5600000023841858,9656
2013-02-21,0.5400000214576721,0.5799999833106995,0.5400000214576721,0.5600000023841858,0.5600000023841858,349004
2013-02-22,0.5400000214576721,0.5799999833106995,0.5400000214576721,0.5699999928474426,0.5699999928474426,5127
2013-02-25,0.5899999737739563,0.5899999737739563,0.550000011920929,0.550000011920929,0.550000011920929,5105
2013-02-26,0.5299999713897705,0.5699999928474426,0.5299999713897705,0.5699999928474426,0.5699999928474426,16
2013-02-27,0.550000011920929,0.5899999737739563,0.550000011920929,0.5899999737739563,0.5899999737739563,501
2013-02-28,0.5699999928474426,0.5899999737739563,0.5699999928474426,0.5699999928474426,0.5699999928474426,4311
2013-03-01,0.5899999737739563,0.5899999737739563,0.550000011920929,0.550000011920929,0.550000011920929,5102
2013-03-04,0.5299999713897705,0.5299999713897705,0.5299999713897705,0.5299999713897705,0.5299999713897705,100
2013-03-05,0.550000011920929,0.550000011920929,0.5299999713897705,0.5299999713897705,0.5299999713897705,1191
2013-03-06,0.550000011920929,0.550000011920929,0.5099999904632568,0.5099999904632568,0.5099999904632568,3444
2013-03-07,0.49000000953674316,0.5299999713897705,0.49000000953674316,0.49000000953674316,0.49000000953674316,9118
2013-03-08,0.5099999904632568,0.5099999904632568,0.4699999988079071,0.4699999988079071,0.4699999988079071,8646
2013-03-11,0.4699999988079071,0.49000000953674316,0.44999998807907104,0.46000000834465027,0.46000000834465027,7368
2013-03-12,0.46000000834465027,0.47999998927116394,0.4399999976158142,0.4399999976158142,0.4399999976158142,22410
2013-03-13,0.46000000834465027,0.46000000834465027,0.41999998688697815,0.44999998807907104,0.44999998807907104,73694
2013-03-14,0.4300000071525574,0.46000000834465027,0.4300000071525574,0.4300000071525574,0.4300000071525574,32201
2013-03-15,0.4099999964237213,0.4300000071525574,0.4099999964237213,0.4099999964237213,0.4099999964237213,11424
2013-03-18,0.4300000071525574,0.4300000071525574,0.41999998688697815,0.4300000071525574,0.4300000071525574,19525
2013-03-19,0.44999998807907104,0.44999998807907104,0.4099999964237213,0.4099999964237213,0.4099999964237213,1923
2013-03-20,0.4300000071525574,0.4300000071525574,0.38999998569488525,0.38999998569488525,0.38999998569488525,66742
2013-03-21,0.4000000059604645,0.4000000059604645,0.3799999952316284,0.4000000059604645,0.4000000059604645,3683
2013-03-22,0.41999998688697815,0.41999998688697815,0.38999998569488525,0.38999998569488525,0.38999998569488525,160897
2013-03-25,0.38999998569488525,0.4000000059604645,0.3799999952316284,0.3799999952316284,0.3799999952316284,318212
2013-03-26,0.3700000047683716,0.38999998569488525,0.3700000047683716,0.3700000047683716,0.3700000047683716,3808
2013-03-28,0.36000001430511475,0.3799999952316284,0.36000001430511475,0.3799999952316284,0.3799999952316284,11264
2013-04-01,0.38999998569488525,0.38999998569488525,0.3700000047683716,0.38999998569488525,0.38999998569488525,12630
2013-04-02,0.4000000059604645,0.4000000059604645,0.4000000059604645,0.4000000059604645,0.4000000059604645,1900
2013-04-03,0.4000000059604645,0.41999998688697815,0.4000000059604645,0.41999998688697815,0.41999998688697815,6772
2013-04-04,0.4399999976158142,0.4399999976158142,0.4000000059604645,0.41999998688697815,0.41999998688697815,10555
2013-04-05,0.41999998688697815,0.41999998688697815,0.4000000059604645,0.4000000059604645,0.4000000059604645,31675
2013-04-08,0.38999998569488525,0.41999998688697815,0.38999998569488525,0.38999998569488525,0.38999998569488525,11502
2013-04-09,0.3799999952316284,0.3799999952316284,0.3799999952316284,0.3799999952316284,0.3799999952316284,60884
2013-04-10,0.3700000047683716,0.38999998569488525,0.3700000047683716,0.3700000047683716,0.3700000047683716,55903
2013-04-11,0.36000001430511475,0.3700000047683716,0.36000001430511475,0.36000001430511475,0.36000001430511475,18287
2013-04-12,0.3700000047683716,0.3700000047683716,0.36000001430511475,0.36000001430511475,0.36000001430511475,6929
2013-04-15,0.3499999940395355,0.3700000047683716,0.3499999940395355,0.3499999940395355,0.3499999940395355,3010
2013-04-16,0.3499999940395355,0.3499999940395355,0.3400000035762787,0.3400000035762787,0.3400000035762787,16662
2013-04-17,0.3400000035762787,0.3499999940395355,0.3400000035762787,0.3499999940395355,0.3499999940395355,319
2013-04-18,0.3499999940395355,0.36000001430511475,0.3400000035762787,0.3400000035762787,0.3400000035762787,1602
2013-04-22,0.3400000035762787,0.3400000035762787,0.3400000035762787,0.3400000035762787,0.3400000035762787,370
2013-04-23,0.3400000035762787,0.3499999940395355,0.3400000035762787,0.3499999940395355,0.3499999940395355,6716
2013-04-25,0.36000001430511475,0.36000001430511475,0.3400000035762787,0.36000001430511475,0.36000001430511475,14907
2013-04-26,0.3700000047683716,0.3700000047683716,0.3499999940395355,0.3499999940395355,0.3499999940395355,1276
2013-04-29,0.3499999940395355,0.3499999940395355,0.3499999940395355,0.3499999940395355,0.3499999940395355,0
2013-04-30,0.3499999940395355,0.3499999940395355,0.3499999940395355,0.3499999940395355,0.3499999940395355,0
2013-05-02,0.3499999940395355,0.3499999940395355,0.3499999940395355,0.3499999940395355,0.3499999940395355,0
2013-05-03,0.3499999940395355,0.3499999940395355,0.3499999940395355,0.3499999940395355,0.3499999940395355,0
2013-05-06,0.3499999940395355,0.3499999940395355,0.3499999940395355,0.3499999940395355,0.3499999940395355,0
2013-05-07,0.3499999940395355,0.3499999940395355,0.3499999940395355,0.3499999940395355,0.3499999940395355,0
2013-05-08,0.36000001430511475,0.36000001430511475,0.3499999940395355,0.36000001430511475,0.36000001430511475,5500
2013-05-09,0.3700000047683716,0.3700000047683716,0.3499999940395355,0.36000001430511475,0.36000001430511475,4552
2013-05-10,0.3700000047683716,0.3700000047683716,0.3499999940395355,0.3499999940395355,0.3499999940395355,2711
2013-05-13,0.3700000047683716,0.3700000047683716,0.3499999940395355,0.3499999940395355,0.3499999940395355,3871
2013-05-14,0.36000001430511475,0.36000001430511475,0.3400000035762787,0.3400000035762787,0.3400000035762787,6247
2013-05-15,0.3499999940395355,0.3499999940395355,0.33000001311302185,0.3499999940395355,0.3499999940395355,1714
2013-05-16,0.36000001430511475,0.36000001430511475,0.36000001430511475,0.36000001430511475,0.36000001430511475,11000
2013-05-17,0.3700000047683716,0.3700000047683716,0.3700000047683716,0.3700000047683716,0.3700000047683716,1686
2013-05-20,0.3799999952316284,0.3799999952316284,0.3799999952316284,0.3799999952316284,0.3799999952316284,1
2013-05-21,0.38999998569488525,0.38999998569488525,0.3700000047683716,0.3700000047683716,0.3700000047683716,706
2013-05-22,0.36000001430511475,0.3700000047683716,0.36000001430511475,0.3700000047683716,0.3700000047683716,6651
2013-05-23,0.3700000047683716,0.3799999952316284,0.3700000047683716,0.3799999952316284,0.3799999952316284,50
2013-05-24,0.38999998569488525,0.38999998569488525,0.38999998569488525,0.38999998569488525,0.38999998569488525,25
2013-05-27,0.3799999952316284,0.3799999952316284,0.3799999952316284,0.3799999952316284,0.3799999952316284,5350
2013-05-28,0.38999998569488525,0.38999998569488525,0.3700000047683716,0.3700000047683716,0.3700000047683716,431
2013-05-29,0.36000001430511475,0.3799999952316284,0.36000001430511475,0.3700000047683716,0.3700000047683716,6166
2013-05-30,0.3799999952316284,0.3799999952316284,0.36000001430511475,0.36000001430511475,0.36000001430511475,634
2013-05-31,0.3499999940395355,0.3700000047683716,0.3499999940395355,0.3700000047683716,0.3700000047683716,8571
2013-06-03,0.3799999952316284,0.3799999952316284,0.36000001430511475,0.36000001430511475,0.36000001430511475,4405
2013-06-04,0.3700000047683716,0.3700000047683716,0.3499999940395355,0.3499999940395355,0.3499999940395355,200
2013-06-05,0.3400000035762787,0.36000001430511475,0.3400000035762787,0.3400000035762787,0.3400000035762787,1153
2013-06-06,0.3499999940395355,0.3499999940395355,0.33000001311302185,0.33000001311302185,0.33000001311302185,7008
2013-06-07,0.33000001311302185,0.3400000035762787,0.3199999928474426,0.3199999928474426,0.3199999928474426,3341
2013-06-10,0.3199999928474426,0.3199999928474426,0.3100000023841858,0.3100000023841858,0.3100000023841858,9143
2013-06-11,0.3100000023841858,0.3100000023841858,0.30000001192092896,0.30000001192092896,0.30000001192092896,10757
2013-06-12,0.3100000023841858,0.3100000023841858,0.28999999165534973,0.28999999165534973,0.28999999165534973,4035
2013-06-13,0.28999999165534973,0.30000001192092896,0.2800000011920929,0.2800000011920929,0.2800000011920929,2012
2013-06-14,0.27000001072883606,0.27000001072883606,0.27000001072883606,0.27000001072883606,0.27000001072883606,16600
2013-06-17,0.25999999046325684,0.2800000011920929,0.25999999046325684,0.25999999046325684,0.25999999046325684,5200
2013-06-18,0.25,0.27000001072883606,0.25,0.27000001072883606,0.27000001072883606,2805
2013-06-19,0.2800000011920929,0.2800000011920929,0.25999999046325684,0.25999999046325684,0.25999999046325684,9004
2013-06-20,0.25999999046325684,0.25999999046325684,0.25,0.25,0.25,4605
2013-06-21,0.23999999463558197,0.25999999046325684,0.23999999463558197,0.25,0.25,9102
2013-06-24,0.25999999046325684,0.25999999046325684,0.25999999046325684,0.25999999046325684,0.25999999046325684,5
2013-06-25,0.27000001072883606,0.27000001072883606,0.25,0.27000001072883606,0.27000001072883606,82
2013-06-26,0.2800000011920929,0.2800000011920929,0.27000001072883606,0.2800000011920929,0.2800000011920929,12
2013-06-27,0.28999999165534973,0.28999999165534973,0.27000001072883606,0.2800000011920929,0.2800000011920929,5801
2013-06-28,0.28999999165534973,0.28999999165534973,0.27000001072883606,0.28999999165534973,0.28999999165534973,5287
2013-07-01,0.30000001192092896,0.30000001192092896,0.2800000011920929,0.30000001192092896,0.30000001192092896,2482
2013-07-02,0.3100000023841858,0.3100000023841858,0.3100000023841858,0.3100000023841858,0.3100000023841858,100
2013-07-03,0.3199999928474426,0.3199999928474426,0.30000001192092896,0.3199999928474426,0.3199999928474426,2611
2013-07-04,0.33000001311302185,0.33000001311302185,0.3199999928474426,0.33000001311302185,0.33000001311302185,913
2013-07-05,0.3400000035762787,0.3400000035762787,0.33000001311302185,0.3400000035762787,0.3400000035762787,137656
2013-07-08,0.3499999940395355,0.3499999940395355,0.33000001311302185,0.33000001311302185,0.33000001311302185,3000
2013-07-09,0.33000001311302185,0.3400000035762787,0.3199999928474426,0.3400000035762787,0.3400000035762787,3704
2013-07-10,0.3400000035762787,0.3499999940395355,0.3400000035762787,0.3499999940395355,0.3499999940395355,10256
2013-07-11,0.36000001430511475,0.36000001430511475,0.36000001430511475,0.36000001430511475,0.36000001430511475,105
2013-07-12,0.3700000047683716,0.3700000047683716,0.3499999940395355,0.3700000047683716,0.3700000047683716,322
2013-07-15,0.3799999952316284,0.3799999952316284,0.36000001430511475,0.3700000047683716,0.3700000047683716,5706
2013-07-16,0.3799999952316284,0.3799999952316284,0.3799999952316284,0.3799999952316284,0.3799999952316284,3005
2013-07-17,0.38999998569488525,0.38999998569488525,0.3700000047683716,0.38999998569488525,0.38999998569488525,603
2013-07-18,0.4000000059604645,0.4000000059604645,0.3799999952316284,0.3799999952316284,0.3799999952316284,260
2013-07-19,0.38999998569488525,0.38999998569488525,0.3700000047683716,0.3799999952316284,0.3799999952316284,173
2013-07-22,0.38999998569488525,0.38999998569488525,0.3700000047683716,0.3700000047683716,0.3700000047683716,1555
2013-07-23,0.3799999952316284,0.3799999952316284,0.3700000047683716,0.3700000047683716,0.3700000047683716,102
2013-07-24,0.3799999952316284,0.3799999952316284,0.36000001430511475,0.36000001430511475,0.36000001430511475,2226
2013-07-25,0.3700000047683716,0.3700000047683716,0.36000001430511475,0.36000001430511475,0.36000001430511475,1718
2013-07-26,0.3700000047683716,0.3700000047683716,0.3499999940395355,0.3499999940395355,0.3499999940395355,3500
2013-07-29,0.3499999940395355,0.3499999940395355,0.3400000035762787,0.3400000035762787,0.3400000035762787,4000
2013-07-30,0.3400000035762787,0.3499999940395355,0.33000001311302185,0.33000001311302185,0.33000001311302185,5405
2013-07-31,0.33000001311302185,0.33000001311302185,0.3199999928474426,0.3199999928474426,0.3199999928474426,3090
2013-08-01,0.33000001311302185,0.33000001311302185,0.3199999928474426,0.33000001311302185,0.33000001311302185,1132
2013-08-02,0.33000001311302185,0.3400000035762787,0.3199999928474426,0.3400000035762787,0.3400000035762787,1683
2013-08-05,0.33000001311302185,0.33000001311302185,0.33000001311302185,0.33000001311302185,0.33000001311302185,2833
2013-08-06,0.33000001311302185,0.33000001311302185,0.33000001311302185,0.33000001311302185,0.33000001311302185,0
2013-08-07,0.3199999928474426,0.33000001311302185,0.3199999928474426,0.3199999928474426,0.3199999928474426,1127
2013-08-08,0.3100000023841858,0.3100000023841858,0.3100000023841858,0.3100000023841858,0.3100000023841858,21
2013-08-12,0.30000001192092896,0.30000001192092896,0.30000001192092896,0.30000001192092896,0.30000001192092896,4264
2013-08-13,0.3100000023841858,0.3100000023841858,0.28999999165534973,0.3100000023841858,0.3100000023841858,2003
2013-08-14,0.3199999928474426,0.3199999928474426,0.30000001192092896,0.3199999928474426,0.3199999928474426,202
2013-08-16,0.33000001311302185,0.33000001311302185,0.3199999928474426,0.33000001311302185,0.33000001311302185,2164
2013-08-19,0.33000001311302185,0.3400000035762787,0.33000001311302185,0.3400000035762787,0.3400000035762787,1001
2013-08-20,0.3499999940395355,0.3499999940395355,0.33000001311302185,0.3499999940395355,0.3499999940395355,2307
2013-08-21,0.36000001430511475,0.36000001430511475,0.3499999940395355,0.3499999940395355,0.3499999940395355,3095
2013-08-22,0.36000001430511475,0.36000001430511475,0.3400000035762787,0.36000001430511475,0.36000001430511475,1104
2013-08-23,0.3700000047683716,0.3700000047683716,0.3499999940395355,0.3499999940395355,0.3499999940395355,402
2013-08-26,0.3499999940395355,0.36000001430511475,0.3400000035762787,0.3400000035762787,0.3400000035762787,4718
2013-08-27,0.3499999940395355,0.3499999940395355,0.33000001311302185,0.33000001311302185,0.33000001311302185,1855
2013-08-28,0.33000001311302185,0.33000001311302185,0.3199999928474426,0.3199999928474426,0.3199999928474426,2351
2013-08-29,0.33000001311302185,0.33000001311302185,0.3100000023841858,0.3100000023841858,0.3100000023841858,1000
2013-08-30,0.3100000023841858,0.3100000023841858,0.3100000023841858,0.3100000023841858,0.3100000023841858,0
2013-09-02,0.3199999928474426,0.3199999928474426,0.30000001192092896,0.30000001192092896,0.30000001192092896,620
2013-09-03,0.3100000023841858,0.3100000023841858,0.3100000023841858,0.3100000023841858,0.3100000023841858,623
2013-09-04,0.3199999928474426,0.3199999928474426,0.30000001192092896,0.3199999928474426,0.3199999928474426,801
2013-09-05,0.33000001311302185,0.33000001311302185,0.3100000023841858,0.33000001311302185,0.33000001311302185,20707
2013-09-06,0.36000001430511475,0.36000001430511475,0.30000001192092896,0.36000001430511475,0.36000001430511475,12722
2013-09-10,0.38999998569488525,0.38999998569488525,0.3799999952316284,0.3799999952316284,0.3799999952316284,10
2013-09-11,0.4099999964237213,0.4099999964237213,0.4000000059604645,0.4000000059604645,0.4000000059604645,50
2013-09-12,0.3700000047683716,0.4399999976158142,0.3700000047683716,0.4399999976158142,0.4399999976158142,10698
2013-09-13,0.46000000834465027,0.46000000834465027,0.41999998688697815,0.4300000071525574,0.4300000071525574,772
2013-09-16,0.44999998807907104,0.44999998807907104,0.4300000071525574,0.44999998807907104,0.44999998807907104,5631
2013-09-17,0.4300000071525574,0.4699999988079071,0.4300000071525574,0.4699999988079071,0.4699999988079071,32666
2013-09-18,0.4699999988079071,0.4699999988079071,0.44999998807907104,0.46000000834465027,0.46000000834465027,106
2013-09-19,0.4699999988079071,0.4699999988079071,0.4399999976158142,0.4399999976158142,0.4399999976158142,1253
2013-09-20,0.4399999976158142,0.4399999976158142,0.4399999976158142,0.4399999976158142,0.4399999976158142,25
2013-09-23,0.4399999976158142,0.4399999976158142,0.41999998688697815,0.4399999976158142,0.4399999976158142,401
2013-09-24,0.4399999976158142,0.4399999976158142,0.41999998688697815,0.4399999976158142,0.4399999976158142,1362
2013-09-25,0.41999998688697815,0.4399999976158142,0.41999998688697815,0.4399999976158142,0.4399999976158142,1301
2013-09-26,0.41999998688697815,0.41999998688697815,0.41999998688697815,0.41999998688697815,0.41999998688697815,450
2013-09-27,0.4399999976158142,0.4399999976158142,0.4000000059604645,0.4000000059604645,0.4000000059604645,281
2013-09-30,0.38999998569488525,0.38999998569488525,0.38999998569488525,0.38999998569488525,0.38999998569488525,200
2013-10-01,0.4000000059604645,0.4000000059604645,0.3799999952316284,0.3799999952316284,0.3799999952316284,876
2013-10-03,0.38999998569488525,0.38999998569488525,0.38999998569488525,0.38999998569488525,0.38999998569488525,2
2013-10-04,0.4000000059604645,0.4000000059604645,0.38999998569488525,0.38999998569488525,0.38999998569488525,180
2013-10-07,0.4000000059604645,0.4000000059604645,0.3799999952316284,0.3799999952316284,0.3799999952316284,8700
2013-10-08,0.38999998569488525,0.38999998569488525,0.38999998569488525,0.38999998569488525,0.38999998569488525,50
2013-10-09,0.38999998569488525,0.4000000059604645,0.3799999952316284,0.3799999952316284,0.3799999952316284,4951
2013-10-10,0.3799999952316284,0.3799999952316284,0.3700000047683716,0.3700000047683716,0.3700000047683716,125
2013-10-11,0.3700000047683716,0.3700000047683716,0.36000001430511475,0.36000001430511475,0.36000001430511475,6875
2013-10-14,0.3499999940395355,0.3499999940395355,0.3499999940395355,0.3499999940395355,0.3499999940395355,150
2013-10-15,0.3400000035762787,0.3400000035762787,0.3400000035762787,0.3400000035762787,0.3400000035762787,200
2013-10-17,0.33000001311302185,0.33000001311302185,0.33000001311302185,0.33000001311302185,0.33000001311302185,200
2013-10-18,0.3199999928474426,0.3400000035762787,0.3199999928474426,0.3400000035762787,0.3400000035762787,700
2013-10-21,0.33000001311302185,0.3499999940395355,0.33000001311302185,0.3499999940395355,0.3499999940395355,2003
2013-10-22,0.3499999940395355,0.3499999940395355,0.3499999940395355,0.3499999940395355,0.3499999940395355,5350
2013-10-23,0.3400000035762787,0.3400000035762787,0.3400000035762787,0.3400000035762787,0.3400000035762787,11200
2013-10-24,0.33000001311302185,0.33000001311302185,0.33000001311302185,0.33000001311302185,0.33000001311302185,953
2013-10-25,0.3199999928474426,0.3199999928474426,0.3199999928474426,0.3199999928474426,0.3199999928474426,100
2013-10-28,0.3100000023841858,0.3100000023841858,0.3100000023841858,0.3100000023841858,0.3100000023841858,200
2013-10-29,0.30000001192092896,0.3100000023841858,0.30000001192092896,0.3100000023841858,0.3100000023841858,700
2013-10-30,0.30000001192092896,0.30000001192092896,0.30000001192092896,0.30000001192092896,0.30000001192092896,200
2013-10-31,0.28999999165534973,0.28999999165534973,0.28999999165534973,0.28999999165534973,0.28999999165534973,2761
2013-11-01,0.2800000011920929,0.30000001192092896,0.2800000011920929,0.30000001192092896,0.30000001192092896,800
2013-11-05,0.28999999165534973,0.28999999165534973,0.28999999165534973,0.28999999165534973,0.28999999165534973,5579
2013-11-06,0.30000001192092896,0.30000001192092896,0.2800000011920929,0.2800000011920929,0.2800000011920929,2800
2013-11-07,0.27000001072883606,0.27000001072883606,0.27000001072883606,0.27000001072883606,0.27000001072883606,1
2013-11-08,0.27000001072883606,0.27000001072883606,0.25999999046325684,0.25999999046325684,0.25999999046325684,373
2013-11-11,0.27000001072883606,0.27000001072883606,0.27000001072883606,0.27000001072883606,0.27000001072883606,300
2013-11-12,0.27000001072883606,0.2800000011920929,0.25999999046325684,0.25999999046325684,0.25999999046325684,3461
2013-11-13,0.25,0.27000001072883606,0.25,0.27000001072883606,0.27000001072883606,23802
2013-11-14,0.25999999046325684,0.25999999046325684,0.25999999046325684,0.25999999046325684,0.25999999046325684,10500
2013-11-18,0.27000001072883606,0.27000001072883606,0.25,0.27000001072883606,0.27000001072883606,3114
2013-11-19,0.2800000011920929,0.2800000011920929,0.2800000011920929,0.2800000011920929,0.2800000011920929,2714
2013-11-20,0.28999999165534973,0.28999999165534973,0.28999999165534973,0.28999999165534973,0.28999999165534973,11
2013-11-21,0.30000001192092896,0.30000001192092896,0.30000001192092896,0.30000001192092896,0.30000001192092896,500
2013-11-22,0.3100000023841858,0.3100000023841858,0.3100000023841858,0.3100000023841858,0.3100000023841858,3500
2013-11-25,0.3199999928474426,0.3199999928474426,0.30000001192092896,0.3199999928474426,0.3199999928474426,5501
2013-11-26,0.33000001311302185,0.33000001311302185,0.33000001311302185,0.33000001311302185,0.33000001311302185,60
2013-11-27,0.3400000035762787,0.3400000035762787,0.3400000035762787,0.3400000035762787,0.3400000035762787,160
2013-11-28,0.3499999940395355,0.3499999940395355,0.3499999940395355,0.3499999940395355,0.3499999940395355,121
2013-11-29,0.36000001430511475,0.36000001430511475,0.3499999940395355,0.36000001430511475,0.36000001430511475,109
2013-12-02,0.3700000047683716,0.3700000047683716,0.3700000047683716,0.3700000047683716,0.3700000047683716,12002
2013-12-03,0.3799999952316284,0.3799999952316284,0.3799999952316284,0.3799999952316284,0.3799999952316284,1003
2013-12-04,0.3700000047683716,0.3700000047683716,0.3700000047683716,0.3700000047683716,0.3700000047683716,31350
2013-12-05,0.3799999952316284,0.3799999952316284,0.3700000047683716,0.3799999952316284,0.3799999952316284,115
2013-12-06,0.38999998569488525,0.38999998569488525,0.3700000047683716,0.38999998569488525,0.38999998569488525,5085
2013-12-09,0.4000000059604645,0.4000000059604645,0.3799999952316284,0.3799999952316284,0.3799999952316284,5015
2013-12-10,0.38999998569488525,0.38999998569488525,0.3700000047683716,0.3700000047683716,0.3700000047683716,890
2013-12-11,0.3700000047683716,0.3700000047683716,0.3700000047683716,0.3700000047683716,0.3700000047683716,5
2013-12-12,0.36000001430511475,0.36000001430511475,0.36000001430511475,0.36000001430511475,0.36000001430511475,5000
2013-12-13,0.3499999940395355,0.3499999940395355,0.3499999940395355,0.3499999940395355,0.3499999940395355,200
2013-12-16,0.3400000035762787,0.3400000035762787,0.3400000035762787,0.3400000035762787,0.3400000035762787,1
2013-12-17,0.3400000035762787,0.3400000035762787,0.3400000035762787,0.3400000035762787,0.3400000035762787,7
2013-12-18,0.3400000035762787,0.3400000035762787,0.33000001311302185,0.33000001311302185,0.33000001311302185,260
2013-12-19,0.3199999928474426,0.3199999928474426,0.3199999928474426,0.3199999928474426,0.3199999928474426,1300
2013-12-20,0.3199999928474426,0.3199999928474426,0.3199999928474426,0.3199999928474426,0.3199999928474426,0
2013-12-23,0.3100000023841858,0.3100000023841858,0.3100000023841858,0.3100000023841858,0.3100000023841858,25
2013-12-24,0.30000001192092896,0.30000001192092896,0.30000001192092896,0.30000001192092896,0.30000001192092896,2100
2013-12-26,0.30000001192092896,0.30000001192092896,0.28999999165534973,0.28999999165534973,0.28999999165534973,5267
2013-12-27,0.28999999165534973,0.28999999165534973,0.28999999165534973,0.28999999165534973,0.28999999165534973,0
2013-12-30,0.30000001192092896,0.30000001192092896,0.30000001192092896,0.30000001192092896,0.30000001192092896,200
2013-12-31,0.3100000023841858,0.3100000023841858,0.3100000023841858,0.3100000023841858,0.3100000023841858,10
2014-01-01,0.3199999928474426,0.3199999928474426,0.30000001192092896,0.3199999928474426,0.3199999928474426,32477
2014-01-02,0.33000001311302185,0.33000001311302185,0.3199999928474426,0.33000001311302185,0.33000001311302185,351
2014-01-03,0.3400000035762787,0.3400000035762787,0.3400000035762787,0.3400000035762787,0.3400000035762787,20010
2014-01-06,0.3499999940395355,0.3499999940395355,0.33000001311302185,0.3499999940395355,0.3499999940395355,6032
2014-01-07,0.3499999940395355,0.3499999940395355,0.3400000035762787,0.3400000035762787,0.3400000035762787,78260
2014-01-08,0.3499999940395355,0.3499999940395355,0.33000001311302185,0.3499999940395355,0.3499999940395355,3698
2014-01-09,0.3499999940395355,0.36000001430511475,0.3400000035762787,0.3400000035762787,0.3400000035762787,22200
2014-01-10,0.3400000035762787,0.3400000035762787,0.3400000035762787,0.3400000035762787,0.3400000035762787,21000
2014-01-13,0.3400000035762787,0.3499999940395355,0.33000001311302185,0.3499999940395355,0.3499999940395355,15223
2014-01-14,0.36000001430511475,0.36000001430511475,0.3400000035762787,0.36000001430511475,0.36000001430511475,8454
2014-01-15,0.3499999940395355,0.3499999940395355,0.3499999940395355,0.3499999940395355,0.3499999940395355,15324
2014-01-16,0.3499999940395355,0.3499999940395355,0.3400000035762787,0.3400000035762787,0.3400000035762787,4600
2014-01-17,0.33000001311302185,0.3400000035762787,0.33000001311302185,0.33000001311302185,0.33000001311302185,4700
2014-01-20,0.33000001311302185,0.33000001311302185,0.33000001311302185,0.33000001311302185,0.33000001311302185,1000
2014-01-21,0.33000001311302185,0.33000001311302185,0.33000001311302185,0.33000001311302185,0.33000001311302185,10
2014-01-22,0.3400000035762787,0.3400000035762787,0.3199999928474426,0.3400000035762787,0.3400000035762787,210
2014-01-23,0.33000001311302185,0.3400000035762787,0.33000001311302185,0.3400000035762787,0.3400000035762787,1347
2014-01-24,0.3400000035762787,0.3400000035762787,0.3400000035762787,0.3400000035762787,0.3400000035762787,500
2014-01-27,0.3400000035762787,0.3400000035762787,0.3400000035762787,0.3400000035762787,0.3400000035762787,0
2014-01-28,0.3499999940395355,0.3499999940395355,0.3499999940395355,0.3499999940395355,0.3499999940395355,2500
2014-01-29,0.3499999940395355,0.3499999940395355,0.3499999940395355,0.3499999940395355,0.3499999940395355,2500
2014-01-30,0.3499999940395355,0.3499999940395355,0.3499999940395355,0.3499999940395355,0.3499999940395355,0
2014-01-31,0.3499999940395355,0.3499999940395355,0.3499999940395355,0.3499999940395355,0.3499999940395355,0
2014-02-03,0.3400000035762787,0.36000001430511475,0.3400000035762787,0.36000001430511475,0.36000001430511475,76011
2014-02-04,0.3700000047683716,0.3700000047683716,0.3700000047683716,0.3700000047683716,0.3700000047683716,10
2014-02-05,0.3799999952316284,0.3799999952316284,0.36000001430511475,0.36000001430511475,0.36000001430511475,2110
2014-02-06,0.3700000047683716,0.3700000047683716,0.3499999940395355,0.3499999940395355,0.3499999940395355,7728
2014-02-07,0.3400000035762787,0.3400000035762787,0.3400000035762787,0.3400000035762787,0.3400000035762787,2500
2014-02-10,0.3499999940395355,0.3499999940395355,0.33000001311302185,0.33000001311302185,0.33000001311302185,3003
2014-02-11,0.3199999928474426,0.3400000035762787,0.3199999928474426,0.3400000035762787,0.3400000035762787,101
2014-02-12,0.3400000035762787,0.3400000035762787,0.3400000035762787,0.3400000035762787,0.3400000035762787,0
2014-02-13,0.3499999940395355,0.3499999940395355,0.33000001311302185,0.33000001311302185,0.33000001311302185,5004
2014-02-14,0.3400000035762787,0.3400000035762787,0.3199999928474426,0.3199999928474426,0.3199999928474426,1031
2014-02-17,0.3100000023841858,0.3100000023841858,0.3100000023841858,0.3100000023841858,0.3100000023841858,4320
2014-02-18,0.30000001192092896,0.30000001192092896,0.30000001192092896,0.30000001192092896,0.30000001192092896,2570
2014-02-19,0.3100000023841858,0.3100000023841858,0.28999999165534973,0.28999999165534973,0.28999999165534973,6390
2014-02-20,0.2800000011920929,0.2800000011920929,0.2800000011920929,0.2800000011920929,0.2800000011920929,2930
2014-02-21,0.2800000011920929,0.28999999165534973,0.27000001072883606,0.27000001072883606,0.27000001072883606,3262
2014-02-24,0.27000001072883606,0.27000001072883606,0.25999999046325684,0.25999999046325684,0.25999999046325684,13231
2014-02-25,0.25,0.25,0.25,0.25,0.25,6980
2014-02-26,0.23999999463558197,0.23999999463558197,0.23999999463558197,0.23999999463558197,0.23999999463558197,21780
2014-02-28,0.23000000417232513,0.23000000417232513,0.23000000417232513,0.23000000417232513,0.23000000417232513,15362
2014-03-03,0.2199999988079071,0.2199999988079071,0.2199999988079071,0.2199999988079071,0.2199999988079071,13283
2014-03-04,0.20999999344348907,0.23000000417232513,0.20999999344348907,0.20999999344348907,0.20999999344348907,9841
2014-03-05,0.20000000298023224,0.20000000298023224,0.20000000298023224,0.20000000298023224,0.20000000298023224,203617
2014-03-06,0.20000000298023224,0.20000000298023224,0.1899999976158142,0.1899999976158142,0.1899999976158142,113327
2014-03-07,0.20000000298023224,0.20000000298023224,0.18000000715255737,0.1899999976158142,0.1899999976158142,90167
2014-03-10,0.20000000298023224,0.20000000298023224,0.18000000715255737,0.20000000298023224,0.20000000298023224,20615
2014-03-11,0.20999999344348907,0.20999999344348907,0.1899999976158142,0.20000000298023224,0.20000000298023224,18503
2014-03-12,0.20999999344348907,0.20999999344348907,0.1899999976158142,0.20000000298023224,0.20000000298023224,1102
2014-03-13,0.20000000298023224,0.20000000298023224,0.20000000298023224,0.20000000298023224,0.20000000298023224,25300
2014-03-14,0.20000000298023224,0.20999999344348907,0.1899999976158142,0.20999999344348907,0.20999999344348907,3052
2014-03-18,0.2199999988079071,0.2199999988079071,0.20000000298023224,0.20000000298023224,0.20000000298023224,57505
2014-03-19,0.20999999344348907,0.20999999344348907,0.1899999976158142,0.20999999344348907,0.20999999344348907,2487
2014-03-20,0.2199999988079071,0.2199999988079071,0.2199999988079071,0.2199999988079071,0.2199999988079071,17160
2014-03-21,0.23000000417232513,0.23000000417232513,0.20999999344348907,0.20999999344348907,0.20999999344348907,1738
2014-03-24,0.20999999344348907,0.23000000417232513,0.20999999344348907,0.23000000417232513,0.23000000417232513,51614
2014-03-25,0.23999999463558197,0.23999999463558197,0.2199999988079071,0.23000000417232513,0.23000000417232513,41010
2014-03-26,0.2199999988079071,0.2199999988079071,0.2199999988079071,0.2199999988079071,0.2199999988079071,2755
2014-03-27,0.20999999344348907,0.2199999988079071,0.20999999344348907,0.2199999988079071,0.2199999988079071,600
2014-03-28,0.20999999344348907,0.20999999344348907,0.20999999344348907,0.20999999344348907,0.20999999344348907,8430
2014-03-31,0.20000000298023224,0.2199999988079071,0.20000000298023224,0.2199999988079071,0.2199999988079071,60011
2014-04-01,0.2199999988079071,0.23000000417232513,0.20999999344348907,0.20999999344348907,0.20999999344348907,61601
2014-04-02,0.20000000298023224,0.20999999344348907,0.20000000298023224,0.20000000298023224,0.20000000298023224,7226
2014-04-03,0.1899999976158142,0.20999999344348907,0.1899999976158142,0.20999999344348907,0.20999999344348907,28576
2014-04-04,0.20999999344348907,0.20999999344348907,0.20000000298023224,0.20999999344348907,0.20999999344348907,16076
2014-04-07,0.20999999344348907,0.20999999344348907,0.20999999344348907,0.20999999344348907,0.20999999344348907,15000
2014-04-09,0.2199999988079071,0.2199999988079071,0.20999999344348907,0.2199999988079071,0.2199999988079071,47501
2014-04-10,0.20999999344348907,0.2199999988079071,0.20999999344348907,0.2199999988079071,0.2199999988079071,37693
2014-04-11,0.2199999988079071,0.2199999988079071,0.20999999344348907,0.20999999344348907,0.20999999344348907,7010
2014-04-15,0.2199999988079071,0.2199999988079071,0.20999999344348907,0.2199999988079071,0.2199999988079071,7010
2014-04-16,0.2199999988079071,0.2199999988079071,0.20999999344348907,0.20999999344348907,0.20999999344348907,7010
2014-04-17,0.20999999344348907,0.20999999344348907,0.20999999344348907,0.20999999344348907,0.20999999344348907,0
2014-04-21,0.2199999988079071,0.2199999988079071,0.20999999344348907,0.20999999344348907,0.20999999344348907,7010
2014-04-22,0.20999999344348907,0.20999999344348907,0.20000000298023224,0.20999999344348907,0.20999999344348907,13502
2014-04-23,0.20999999344348907,0.20999999344348907,0.20000000298023224,0.20999999344348907,0.20999999344348907,13502
2014-04-24,0.20999999344348907,0.20999999344348907,0.20999999344348907,0.20999999344348907,0.20999999344348907,0
2014-04-25,0.20999999344348907,0.20999999344348907,0.20000000298023224,0.20000000298023224,0.20000000298023224,13502
2014-04-28,0.1899999976158142,0.1899999976158142,0.1899999976158142,0.1899999976158142,0.1899999976158142,523
2014-04-29,0.1899999976158142,0.20000000298023224,0.1899999976158142,0.20000000298023224,0.20000000298023224,52000
2014-04-30,0.20999999344348907,0.20999999344348907,0.20999999344348907,0.20999999344348907,0.20999999344348907,13
2014-05-02,0.2199999988079071,0.2199999988079071,0.20999999344348907,0.20999999344348907,0.20999999344348907,17
2014-05-05,0.20000000298023224,0.20000000298023224,0.20000000298023224,0.20000000298023224,0.20000000298023224,11100
2014-05-06,0.20000000298023224,0.20000000298023224,0.20000000298023224,0.20000000298023224,0.20000000298023224,8078
2014-05-07,0.20000000298023224,0.20000000298023224,0.20000000298023224,0.20000000298023224,0.20000000298023224,51904
2014-05-08,0.20999999344348907,0.20999999344348907,0.20999999344348907,0.20999999344348907,0.20999999344348907,535
2014-05-09,0.20999999344348907,0.2199999988079071,0.1899999976158142,0.2199999988079071,0.2199999988079071,39910
2014-05-12,0.23000000417232513,0.23000000417232513,0.20000000298023224,0.23000000417232513,0.23000000417232513,215
2014-05-13,0.25,0.25,0.23000000417232513,0.23000000417232513,0.23000000417232513,155502
2014-05-14,0.25,0.25,0.23000000417232513,0.23000000417232513,0.23000000417232513,27901
2014-05-15,0.23999999463558197,0.23999999463558197,0.20999999344348907,0.23999999463558197,0.23999999463558197,10394
2014-05-16,0.2199999988079071,0.23999999463558197,0.2199999988079071,0.23999999463558197,0.23999999463558197,1316
2014-05-19,0.25999999046325684,0.25999999046325684,0.25999999046325684,0.25999999046325684,0.25999999046325684,50001
2014-05-20,0.25999999046325684,0.25999999046325684,0.25,0.25,0.25,1476
2014-05-21,0.27000001072883606,0.27000001072883606,0.23999999463558197,0.25999999046325684,0.25999999046325684,1001
2014-05-22,0.2800000011920929,0.2800000011920929,0.27000001072883606,0.27000001072883606,0.27000001072883606,50005
2014-05-23,0.27000001072883606,0.28999999165534973,0.27000001072883606,0.27000001072883606,0.27000001072883606,133513
2014-05-26,0.25,0.28999999165534973,0.25,0.27000001072883606,0.27000001072883606,47812
2014-05-27,0.27000001072883606,0.2800000011920929,0.27000001072883606,0.2800000011920929,0.2800000011920929,2300
2014-05-28,0.2800000011920929,0.2800000011920929,0.25999999046325684,0.2800000011920929,0.2800000011920929,6023
2014-05-29,0.2800000011920929,0.2800000011920929,0.2800000011920929,0.2800000011920929,0.2800000011920929,50
2014-05-30,0.2800000011920929,0.2800000011920929,0.25999999046325684,0.25999999046325684,0.25999999046325684,1005
2014-06-02,0.25999999046325684,0.25999999046325684,0.23999999463558197,0.23999999463558197,0.23999999463558197,5225
2014-06-03,0.25,0.25999999046325684,0.2199999988079071,0.25999999046325684,0.25999999046325684,15480
2014-06-04,0.23999999463558197,0.25999999046325684,0.23999999463558197,0.25999999046325684,0.25999999046325684,150253
2014-06-05,0.2800000011920929,0.2800000011920929,0.2800000011920929,0.2800000011920929,0.2800000011920929,105360
2014-06-06,0.2800000011920929,0.2800000011920929,0.25999999046325684,0.2800000011920929,0.2800000011920929,59053
2014-06-09,0.28999999165534973,0.28999999165534973,0.28999999165534973,0.28999999165534973,0.28999999165534973,100547
2014-06-10,0.3100000023841858,0.3100000023841858,0.2800000011920929,0.3100000023841858,0.3100000023841858,40855
2014-06-11,0.33000001311302185,0.33000001311302185,0.2800000011920929,0.30000001192092896,0.30000001192092896,50212
2014-06-12,0.3199999928474426,0.3199999928474426,0.2800000011920929,0.3199999928474426,0.3199999928474426,14200
2014-06-13,0.28999999165534973,0.3400000035762787,0.28999999165534973,0.33000001311302185,0.33000001311302185,20701
2014-06-16,0.30000001192092896,0.33000001311302185,0.30000001192092896,0.33000001311302185,0.33000001311302185,36408
2014-06-17,0.3100000023841858,0.33000001311302185,0.3100000023841858,0.33000001311302185,0.33000001311302185,36707
2014-06-18,0.3499999940395355,0.36000001430511475,0.3499999940395355,0.3499999940395355,0.3499999940395355,58014
2014-06-19,0.33000001311302185,0.3499999940395355,0.33000001311302185,0.3400000035762787,0.3400000035762787,6393
2014-06-20,0.3400000035762787,0.3499999940395355,0.3400000035762787,0.3499999940395355,0.3499999940395355,51251
2014-06-23,0.3499999940395355,0.3499999940395355,0.3400000035762787,0.3400000035762787,0.3400000035762787,40005
2014-06-24,0.3499999940395355,0.3499999940395355,0.3499999940395355,0.3499999940395355,0.3499999940395355,45000
2014-06-25,0.3499999940395355,0.3499999940395355,0.3400000035762787,0.3400000035762787,0.3400000035762787,101
2014-06-26,0.3499999940395355,0.3499999940395355,0.3499999940395355,0.3499999940395355,0.3499999940395355,20100
2014-06-27,0.3400000035762787,0.3400000035762787,0.3400000035762787,0.3400000035762787,0.3400000035762787,5110
2014-06-30,0.33000001311302185,0.33000001311302185,0.33000001311302185,0.33000001311302185,0.33000001311302185,1100
2014-07-01,0.3199999928474426,0.3199999928474426,0.3199999928474426,0.3199999928474426,0.3199999928474426,3900
2014-07-02,0.3199999928474426,0.33000001311302185,0.3199999928474426,0.33000001311302185,0.33000001311302185,1055
2014-07-03,0.3199999928474426,0.3199999928474426,0.3199999928474426,0.3199999928474426,0.3199999928474426,2001
2014-07-04,0.33000001311302185,0.33000001311302185,0.3100000023841858,0.3100000023841858,0.3100000023841858,2345
2014-07-07,0.3100000023841858,0.3199999928474426,0.3100000023841858,0.3199999928474426,0.3199999928474426,2150
2014-07-08,0.33000001311302185,0.33000001311302185,0.3100000023841858,0.33000001311302185,0.33000001311302185,2300
2014-07-09,0.3400000035762787,0.3400000035762787,0.3400000035762787,0.3400000035762787,0.3400000035762787,50
2014-07-10,0.3499999940395355,0.3499999940395355,0.3499999940395355,0.3499999940395355,0.3499999940395355,200
2014-07-11,0.36000001430511475,0.36000001430511475,0.3400000035762787,0.3400000035762787,0.3400000035762787,510
2014-07-14,0.3400000035762787,0.3499999940395355,0.33000001311302185,0.3400000035762787,0.3400000035762787,12527
2014-07-15,0.3499999940395355,0.3499999940395355,0.33000001311302185,0.33000001311302185,0.33000001311302185,3353
2014-07-16,0.3199999928474426,0.3400000035762787,0.3199999928474426,0.3199999928474426,0.3199999928474426,8977
2014-07-17,0.3100000023841858,0.3199999928474426,0.3100000023841858,0.3100000023841858,0.3100000023841858,12956
2014-07-18,0.3100000023841858,0.3199999928474426,0.30000001192092896,0.3199999928474426,0.3199999928474426,20713
2014-07-21,0.3199999928474426,0.33000001311302185,0.3100000023841858,0.33000001311302185,0.33000001311302185,3197
2014-07-22,0.3199999928474426,0.3400000035762787,0.3199999928474426,0.3400000035762787,0.3400000035762787,6727
2014-07-23,0.3499999940395355,0.3499999940395355,0.33000001311302185,0.3499999940395355,0.3499999940395355,6255
2014-07-24,0.36000001430511475,0.36000001430511475,0.3400000035762787,0.3499999940395355,0.3499999940395355,17484
2014-07-25,0.3499999940395355,0.36000001430511475,0.3499999940395355,0.36000001430511475,0.36000001430511475,20100
2014-07-28,0.36000001430511475,0.36000001430511475,0.3499999940395355,0.3499999940395355,0.3499999940395355,605
2014-07-30,0.36000001430511475,0.36000001430511475,0.3400000035762787,0.3499999940395355,0.3499999940395355,548
2014-07-31,0.3400000035762787,0.3400000035762787,0.3400000035762787,0.3400000035762787,0.3400000035762787,31
2014-08-01,0.3499999940395355,0.3499999940395355,0.33000001311302185,0.33000001311302185,0.33000001311302185,5111
2014-08-04,0.33000001311302185,0.33000001311302185,0.3199999928474426,0.33000001311302185,0.33000001311302185,3587
2014-08-05,0.3400000035762787,0.3400000035762787,0.3199999928474426,0.3400000035762787,0.3400000035762787,11545
2014-08-06,0.3499999940395355,0.3499999940395355,0.33000001311302185,0.33000001311302185,0.33000001311302185,4352
2014-08-07,0.33000001311302185,0.3400000035762787,0.3199999928474426,0.33000001311302185,0.33000001311302185,17692
2014-08-08,0.3199999928474426,0.3400000035762787,0.3199999928474426,0.33000001311302185,0.33000001311302185,131626
2014-08-11,0.3400000035762787,0.3400000035762787,0.3199999928474426,0.3400000035762787,0.3400000035762787,6121
2014-08-12,0.3499999940395355,0.3499999940395355,0.33000001311302185,0.3400000035762787,0.3400000035762787,15712
2014-08-13,0.3400000035762787,0.3400000035762787,0.33000001311302185,0.33000001311302185,0.33000001311302185,2511
2014-08-14,0.3199999928474426,0.3400000035762787,0.3199999928474426,0.33000001311302185,0.33000001311302185,1956
2014-08-18,0.3400000035762787,0.3400000035762787,0.3199999928474426,0.3199999928474426,0.3199999928474426,1421
2014-08-19,0.33000001311302185,0.33000001311302185,0.3100000023841858,0.33000001311302185,0.33000001311302185,210
2014-08-20,0.3400000035762787,0.3400000035762787,0.3199999928474426,0.3199999928474426,0.3199999928474426,2531
2014-08-21,0.3100000023841858,0.33000001311302185,0.3100000023841858,0.33000001311302185,0.33000001311302185,21517
2014-08-22,0.33000001311302185,0.33000001311302185,0.3199999928474426,0.3199999928474426,0.3199999928474426,5240
2014-08-25,0.3100000023841858,0.3100000023841858,0.3100000023841858,0.3100000023841858,0.3100000023841858,14462
2014-08-26,0.30000001192092896,0.3199999928474426,0.30000001192092896,0.30000001192092896,0.30000001192092896,28509
2014-08-27,0.28999999165534973,0.3100000023841858,0.28999999165534973,0.3100000023841858,0.3100000023841858,1219
2014-08-28,0.30000001192092896,0.3199999928474426,0.30000001192092896,0.30000001192092896,0.30000001192092896,1141
2014-09-01,0.28999999165534973,0.3100000023841858,0.28999999165534973,0.3100000023841858,0.3100000023841858,34658
2014-09-02,0.30000001192092896,0.30000001192092896,0.30000001192092896,0.30000001192092896,0.30000001192092896,5100
2014-09-03,0.28999999165534973,0.3100000023841858,0.28999999165534973,0.3100000023841858,0.3100000023841858,1382
2014-09-04,0.30000001192092896,0.3199999928474426,0.30000001192092896,0.3199999928474426,0.3199999928474426,1848
2014-09-05,0.3499999940395355,0.3499999940395355,0.28999999165534973,0.3499999940395355,0.3499999940395355,3312
2014-09-08,0.3499999940395355,0.3799999952316284,0.3400000035762787,0.3700000047683716,0.3700000047683716,9119
2014-09-09,0.3700000047683716,0.38999998569488525,0.3400000035762787,0.3400000035762787,0.3400000035762787,50237
2014-09-10,0.3100000023841858,0.3700000047683716,0.3100000023841858,0.3499999940395355,0.3499999940395355,10095
2014-09-11,0.3799999952316284,0.3799999952316284,0.3199999928474426,0.3499999940395355,0.3499999940395355,29271
2014-09-12,0.3199999928474426,0.3499999940395355,0.3199999928474426,0.3199999928474426,0.3199999928474426,68133
2014-09-15,0.28999999165534973,0.3499999940395355,0.28999999165534973,0.3400000035762787,0.3400000035762787,9728
2014-09-16,0.3400000035762787,0.3400000035762787,0.3100000023841858,0.3100000023841858,0.3100000023841858,68051
2014-09-17,0.3400000035762787,0.3400000035762787,0.28999999165534973,0.3400000035762787,0.3400000035762787,27045
2014-09-18,0.3100000023841858,0.3400000035762787,0.3100000023841858,0.33000001311302185,0.33000001311302185,10705
2014-09-19,0.3199999928474426,0.3199999928474426,0.30000001192092896,0.30000001192092896,0.30000001192092896,5064
2014-09-22,0.28999999165534973,0.33000001311302185,0.2800000011920929,0.33000001311302185,0.33000001311302185,7162
2014-09-23,0.3199999928474426,0.36000001430511475,0.30000001192092896,0.36000001430511475,0.36000001430511475,14913
2014-09-24,0.38999998569488525,0.38999998569488525,0.33000001311302185,0.3700000047683716,0.3700000047683716,10569
2014-09-25,0.3400000035762787,0.3700000047683716,0.3400000035762787,0.3700000047683716,0.3700000047683716,8420
2014-09-26,0.4000000059604645,0.4000000059604645,0.3400000035762787,0.3700000047683716,0.3700000047683716,12720
2014-09-29,0.4000000059604645,0.4000000059604645,0.3400000035762787,0.36000001430511475,0.36000001430511475,1939
2014-09-30,0.3499999940395355,0.3499999940395355,0.33000001311302185,0.33000001311302185,0.33000001311302185,59231
2014-10-01,0.33000001311302185,0.33000001311302185,0.33000001311302185,0.33000001311302185,0.33000001311302185,0
2014-10-07,0.27000001072883606,0.3100000023841858,0.27000001072883606,0.2800000011920929,0.2800000011920929,2010
2014-10-08,0.28999999165534973,0.28999999165534973,0.27000001072883606,0.2800000011920929,0.2800000011920929,4217
2014-10-09,0.27000001072883606,0.28999999165534973,0.27000001072883606,0.28999999165534973,0.28999999165534973,25090
2014-10-10,0.2800000011920929,0.30000001192092896,0.2800000011920929,0.30000001192092896,0.30000001192092896,14004
2014-10-13,0.28999999165534973,0.28999999165534973,0.28999999165534973,0.28999999165534973,0.28999999165534973,1500
2014-10-14,0.30000001192092896,0.30000001192092896,0.30000001192092896,0.30000001192092896,0.30000001192092896,1
2014-10-15,0.30000001192092896,0.30000001192092896,0.30000001192092896,0.30000001192092896,0.30000001192092896,0
2014-10-16,0.3100000023841858,0.3100000023841858,0.3100000023841858,0.3100000023841858,0.3100000023841858,1
2014-10-17,0.3199999928474426,0.3199999928474426,0.3199999928474426,0.3199999928474426,0.3199999928474426,10
2014-10-20,0.3199999928474426,0.3199999928474426,0.3199999928474426,0.3199999928474426,0.3199999928474426,100
2014-10-21,0.3199999928474426,0.3199999928474426,0.3199999928474426,0.3199999928474426,0.3199999928474426,1
2014-10-22,0.33000001311302185,0.33000001311302185,0.33000001311302185,0.33000001311302185,0.33000001311302185,102
2014-10-27,0.3400000035762787,0.3400000035762787,0.3400000035762787,0.3400000035762787,0.3400000035762787,50
2014-10-28,0.3499999940395355,0.3499999940395355,0.3499999940395355,0.3499999940395355,0.3499999940395355,102
2014-10-29,0.36000001430511475,0.36000001430511475,0.36000001430511475,0.36000001430511475,0.36000001430511475,10
2014-10-30,0.3700000047683716,0.3700000047683716,0.3700000047683716,0.3700000047683716,0.3700000047683716,110
2014-10-31,0.3799999952316284,0.3799999952316284,0.3700000047683716,0.3700000047683716,0.3700000047683716,2506
2014-11-03,0.36000001430511475,0.36000001430511475,0.36000001430511475,0.36000001430511475,0.36000001430511475,4002
2014-11-05,0.3499999940395355,0.3499999940395355,0.3499999940395355,0.3499999940395355,0.3499999940395355,36000
2014-11-07,0.3400000035762787,0.3400000035762787,0.3400000035762787,0.3400000035762787,0.3400000035762787,796
2014-11-10,0.33000001311302185,0.33000001311302185,0.33000001311302185,0.33000001311302185,0.33000001311302185,10500
2014-11-11,0.30000001192092896,0.3199999928474426,0.30000001192092896,0.30000001192092896,0.30000001192092896,5601
2014-11-12,0.27000001072883606,0.33000001311302185,0.27000001072883606,0.33000001311302185,0.33000001311302185,10721
2014-11-13,0.30000001192092896,0.30000001192092896,0.30000001192092896,0.30000001192092896,0.30000001192092896,2818
2014-11-14,0.30000001192092896,0.30000001192092896,0.30000001192092896,0.30000001192092896,0.30000001192092896,0
2014-11-17,0.30000001192092896,0.30000001192092896,0.30000001192092896,0.30000001192092896,0.30000001192092896,0
2014-11-18,0.27000001072883606,0.27000001072883606,0.27000001072883606,0.27000001072883606,0.27000001072883606,7000
2014-11-19,0.25,0.25,0.25,0.25,0.25,25110
2014-11-20,0.23999999463558197,0.25,0.23999999463558197,0.25,0.25,20055
2014-11-21,0.25,0.25,0.25,0.25,0.25,5
2014-11-24,0.23999999463558197,0.23999999463558197,0.23999999463558197,0.23999999463558197,0.23999999463558197,5000
2014-11-25,0.23999999463558197,0.23999999463558197,0.23000000417232513,0.23000000417232513,0.23000000417232513,5620
2014-11-26,0.2199999988079071,0.2199999988079071,0.2199999988079071,0.2199999988079071,0.2199999988079071,14200
2014-11-27,0.20999999344348907,0.2199999988079071,0.20999999344348907,0.20999999344348907,0.20999999344348907,18620
2014-11-28,0.20999999344348907,0.20999999344348907,0.20000000298023224,0.20000000298023224,0.20000000298023224,12580
2014-12-01,0.20000000298023224,0.20000000298023224,0.20000000298023224,0.20000000298023224,0.20000000298023224,0
2014-12-02,0.20000000298023224,0.20000000298023224,0.20000000298023224,0.20000000298023224,0.20000000298023224,2000
2014-12-03,0.20999999344348907,0.20999999344348907,0.1899999976158142,0.1899999976158142,0.1899999976158142,1009
2014-12-04,0.18000000715255737,0.20000000298023224,0.18000000715255737,0.20000000298023224,0.20000000298023224,5331
2014-12-05,0.20999999344348907,0.20999999344348907,0.20999999344348907,0.20999999344348907,0.20999999344348907,21900
2014-12-08,0.20000000298023224,0.20000000298023224,0.20000000298023224,0.20000000298023224,0.20000000298023224,32
2014-12-09,0.1899999976158142,0.1899999976158142,0.1899999976158142,0.1899999976158142,0.1899999976158142,1978
2014-12-10,0.18000000715255737,0.18000000715255737,0.18000000715255737,0.18000000715255737,0.18000000715255737,3251
2014-12-11,0.17000000178813934,0.17000000178813934,0.17000000178813934,0.17000000178813934,0.17000000178813934,300
2014-12-12,0.17000000178813934,0.17000000178813934,0.17000000178813934,0.17000000178813934,0.17000000178813934,824
2014-12-15,0.18000000715255737,0.18000000715255737,0.17000000178813934,0.18000000715255737,0.18000000715255737,8853
2014-12-16,0.1899999976158142,0.1899999976158142,0.1899999976158142,0.1899999976158142,0.1899999976158142,50
2014-12-17,0.20000000298023224,0.20000000298023224,0.20000000298023224,0.20000000298023224,0.20000000298023224,14846
2014-12-18,0.20999999344348907,0.20999999344348907,0.1899999976158142,0.1899999976158142,0.1899999976158142,14700
2014-12-19,0.1899999976158142,0.1899999976158142,0.1899999976158142,0.1899999976158142,0.1899999976158142,0
2014-12-22,0.20000000298023224,0.20000000298023224,0.18000000715255737,0.18000000715255737,0.18000000715255737,37325
2014-12-23,0.17000000178813934,0.1899999976158142,0.17000000178813934,0.1899999976158142,0.1899999976158142,70
2014-12-24,0.20000000298023224,0.20000000298023224,0.20000000298023224,0.20000000298023224,0.20000000298023224,33324
2014-12-26,0.20000000298023224,0.20999999344348907,0.1899999976158142,0.20000000298023224,0.20000000298023224,30157
2014-12-29,0.20000000298023224,0.20000000298023224,0.20000000298023224,0.20000000298023224,0.20000000298023224,57100
2014-12-30,0.20000000298023224,0.20000000298023224,0.20000000298023224,0.20000000298023224,0.20000000298023224,54000
2014-12-31,0.20000000298023224,0.20000000298023224,0.1899999976158142,0.20000000298023224,0.20000000298023224,43519
2015-01-01,0.1899999976158142,0.1899999976158142,0.1899999976158142,0.1899999976158142,0.1899999976158142,100
2015-01-02,0.18000000715255737,0.20000000298023224,0.18000000715255737,0.20000000298023224,0.20000000298023224,20100
2015-01-05,0.20000000298023224,0.20000000298023224,0.1899999976158142,0.20000000298023224,0.20000000298023224,28000
2015-01-06,0.20000000298023224,0.20000000298023224,0.1899999976158142,0.1899999976158142,0.1899999976158142,1100
2015-01-07,0.18000000715255737,0.18000000715255737,0.18000000715255737,0.18000000715255737,0.18000000715255737,43803
2015-01-08,0.17000000178813934,0.17000000178813934,0.17000000178813934,0.17000000178813934,0.17000000178813934,21122
2015-01-09,0.1599999964237213,0.1599999964237213,0.1599999964237213,0.1599999964237213,0.1599999964237213,5400
2015-01-12,0.1599999964237213,0.17000000178813934,0.1599999964237213,0.17000000178813934,0.17000000178813934,20225
2015-01-13,0.18000000715255737,0.18000000715255737,0.18000000715255737,0.18000000715255737,0.18000000715255737,6800
2015-01-14,0.1899999976158142,0.1899999976158142,0.17000000178813934,0.1899999976158142,0.1899999976158142,62832
2015-01-15,0.20000000298023224,0.20000000298023224,0.20000000298023224,0.20000000298023224,0.20000000298023224,70000
2015-01-16,0.20999999344348907,0.20999999344348907,0.1899999976158142,0.20999999344348907,0.20999999344348907,123550
2015-01-19,0.2199999988079071,0.2199999988079071,0.20000000298023224,0.20000000298023224,0.20000000298023224,29550
2015-01-20,0.20999999344348907,0.20999999344348907,0.20999999344348907,0.20999999344348907,0.20999999344348907,25755
2015-01-21,0.20000000298023224,0.20000000298023224,0.20000000298023224,0.20000000298023224,0.20000000298023224,5997
2015-01-22,0.1899999976158142,0.1899999976158142,0.1899999976158142,0.1899999976158142,0.1899999976158142,14300
2015-01-23,0.20000000298023224,0.20000000298023224,0.18000000715255737,0.18000000715255737,0.18000000715255737,6350
2015-01-27,0.1899999976158142,0.1899999976158142,0.17000000178813934,0.17000000178813934,0.17000000178813934,51300
2015-01-28,0.17000000178813934,0.17000000178813934,0.17000000178813934,0.17000000178813934,0.17000000178813934,0
2015-01-29,0.17000000178813934,0.17000000178813934,0.17000000178813934,0.17000000178813934,0.17000000178813934,0
2015-01-30,0.17000000178813934,0.17000000178813934,0.17000000178813934,0.17000000178813934,0.17000000178813934,0
2015-02-02,0.17000000178813934,0.17000000178813934,0.17000000178813934,0.17000000178813934,0.17000000178813934,1000
2015-02-03,0.17000000178813934,0.17000000178813934,0.17000000178813934,0.17000000178813934,0.17000000178813934,0
2015-02-04,0.17000000178813934,0.17000000178813934,0.17000000178813934,0.17000000178813934,0.17000000178813934,3660
2015-02-05,0.18000000715255737,0.18000000715255737,0.17000000178813934,0.17000000178813934,0.17000000178813934,700
2015-02-06,0.17000000178813934,0.17000000178813934,0.17000000178813934,0.17000000178813934,0.17000000178813934,0
2015-02-09,0.1599999964237213,0.1599999964237213,0.1599999964237213,0.1599999964237213,0.1599999964237213,2000
2015-02-10,0.1599999964237213,0.1599999964237213,0.1599999964237213,0.1599999964237213,0.1599999964237213,0
2015-02-11,0.1599999964237213,0.1599999964237213,0.1599999964237213,0.1599999964237213,0.1599999964237213,0
2015-02-12,0.15000000596046448,0.17000000178813934,0.15000000596046448,0.17000000178813934,0.17000000178813934,5300
2015-02-13,0.17000000178813934,0.17000000178813934,0.17000000178813934,0.17000000178813934,0.17000000178813934,0
2015-02-16,0.17000000178813934,0.17000000178813934,0.17000000178813934,0.17000000178813934,0.17000000178813934,0
2015-02-18,0.17000000178813934,0.17000000178813934,0.17000000178813934,0.17000000178813934,0.17000000178813934,0
2015-02-19,0.1599999964237213,0.1599999964237213,0.1599999964237213,0.1599999964237213,0.1599999964237213,2500
2015-02-20,0.1599999964237213,0.1599999964237213,0.1599999964237213,0.1599999964237213,0.1599999964237213,0
2015-02-23,0.1599999964237213,0.1599999964237213,0.1599999964237213,0.1599999964237213,0.1599999964237213,0
2015-02-24,0.1599999964237213,0.1599999964237213,0.15000000596046448,0.15000000596046448,0.15000000596046448,138900
2015-02-25,0.15000000596046448,0.15000000596046448,0.14000000059604645,0.15000000596046448,0.15000000596046448,35200
2015-02-26,0.15000000596046448,0.15000000596046448,0.15000000596046448,0.15000000596046448,0.15000000596046448,25773
2015-02-27,0.14000000059604645,0.15000000596046448,0.14000000059604645,0.15000000596046448,0.15000000596046448,52306
2015-03-02,0.14000000059604645,0.14000000059604645,0.14000000059604645,0.14000000059604645,0.14000000059604645,5000
2015-03-03,0.12999999523162842,0.12999999523162842,0.12999999523162842,0.12999999523162842,0.12999999523162842,8250
2015-03-04,0.14000000059604645,0.14000000059604645,0.14000000059604645,0.14000000059604645,0.14000000059604645,1600
2015-03-05,0.12999999523162842,0.12999999523162842,0.12999999523162842,0.12999999523162842,0.12999999523162842,1750
2015-03-09,0.11999999731779099,0.11999999731779099,0.11999999731779099,0.11999999731779099,0.11999999731779099,50
2015-03-10,0.12999999523162842,0.12999999523162842,0.12999999523162842,0.12999999523162842,0.12999999523162842,1650
2015-03-11,0.12999999523162842,0.12999999523162842,0.12999999523162842,0.12999999523162842,0.12999999523162842,0
2015-03-12,0.12999999523162842,0.12999999523162842,0.11999999731779099,0.11999999731779099,0.11999999731779099,16010
2015-03-13,0.11999999731779099,0.11999999731779099,0.11999999731779099,0.11999999731779099,0.11999999731779099,0
2015-03-16,0.11999999731779099,0.12999999523162842,0.11999999731779099,0.11999999731779099,0.11999999731779099,25000
2015-03-17,0.10999999940395355,0.10999999940395355,0.10999999940395355,0.10999999940395355,0.10999999940395355,250
2015-03-18,0.10999999940395355,0.10999999940395355,0.10999999940395355,0.10999999940395355,0.10999999940395355,0
2015-03-19,0.10999999940395355,0.10999999940395355,0.10999999940395355,0.10999999940395355,0.10999999940395355,0
2015-03-20,0.10999999940395355,0.10999999940395355,0.10999999940395355,0.10999999940395355,0.10999999940395355,0
2015-03-23,0.10999999940395355,0.10999999940395355,0.10999999940395355,0.10999999940395355,0.10999999940395355,0
2015-03-24,0.10999999940395355,0.10999999940395355,0.10999999940395355,0.10999999940395355,0.10999999940395355,0
2015-03-25,0.10999999940395355,0.10999999940395355,0.10999999940395355,0.10999999940395355,0.10999999940395355,0
2015-03-26,0.10999999940395355,0.10999999940395355,0.10999999940395355,0.10999999940395355,0.10999999940395355,26400
2015-03-27,0.10000000149011612,0.10999999940395355,0.10000000149011612,0.10999999940395355,0.10999999940395355,47441
2015-03-30,0.10999999940395355,0.10999999940395355,0.10999999940395355,0.10999999940395355,0.10999999940395355,0
2015-03-31,0.10999999940395355,0.10999999940395355,0.10999999940395355,0.10999999940395355,0.10999999940395355,0
2015-04-01,0.10000000149011612,0.10999999940395355,0.10000000149011612,0.10999999940395355,0.10999999940395355,2000
2015-04-06,0.10999999940395355,0.11999999731779099,0.10999999940395355,0.11999999731779099,0.11999999731779099,1800
2015-04-07,0.12999999523162842,0.12999999523162842,0.12999999523162842,0.12999999523162842,0.12999999523162842,1000
2015-04-08,0.14000000059604645,0.14000000059604645,0.14000000059604645,0.14000000059604645,0.14000000059604645,4492
2015-04-09,0.14000000059604645,0.14000000059604645,0.14000000059604645,0.14000000059604645,0.14000000059604645,0
2015-04-10,0.14000000059604645,0.14000000059604645,0.14000000059604645,0.14000000059604645,0.14000000059604645,0
2015-04-13,0.15000000596046448,0.15000000596046448,0.15000000596046448,0.15000000596046448,0.15000000596046448,24367
2015-04-15,0.1599999964237213,0.1599999964237213,0.1599999964237213,0.1599999964237213,0.1599999964237213,9100
2015-04-16,0.17000000178813934,0.17000000178813934,0.17000000178813934,0.17000000178813934,0.17000000178813934,5100
2015-04-17,0.17000000178813934,0.18000000715255737,0.17000000178813934,0.18000000715255737,0.18000000715255737,20000
2015-04-20,0.18000000715255737,0.18000000715255737,0.17000000178813934,0.17000000178813934,0.17000000178813934,1047
2015-04-21,0.17000000178813934,0.17000000178813934,0.17000000178813934,0.17000000178813934,0.17000000178813934,0
2015-04-22,0.17000000178813934,0.17000000178813934,0.17000000178813934,0.17000000178813934,0.17000000178813934,0
2015-04-23,0.17000000178813934,0.17000000178813934,0.17000000178813934,0.17000000178813934,0.17000000178813934,10000
2015-04-24,0.1599999964237213,0.1599999964237213,0.1599999964237213,0.1599999964237213,0.1599999964237213,625
2015-04-27,0.1599999964237213,0.1599999964237213,0.1599999964237213,0.1599999964237213,0.1599999964237213,0
2015-04-28,0.15000000596046448,0.15000000596046448,0.15000000596046448,0.15000000596046448,0.15000000596046448,1000
2015-04-29,0.15000000596046448,0.15000000596046448,0.15000000596046448,0.15000000596046448,0.15000000596046448,0
2015-04-30,0.15000000596046448,0.15000000596046448,0.15000000596046448,0.15000000596046448,0.15000000596046448,0
2015-05-04,0.14000000059604645,0.14000000059604645,0.14000000059604645,0.14000000059604645,0.14000000059604645,4999
2015-05-05,0.12999999523162842,0.12999999523162842,0.12999999523162842,0.12999999523162842,0.12999999523162842,1375
2015-05-06,0.12999999523162842,0.12999999523162842,0.12999999523162842,0.12999999523162842,0.12999999523162842,0
2015-05-07,0.12999999523162842,0.12999999523162842,0.12999999523162842,0.12999999523162842,0.12999999523162842,0
2015-05-08,0.12999999523162842,0.12999999523162842,0.12999999523162842,0.12999999523162842,0.12999999523162842,0
2015-05-11,0.12999999523162842,0.12999999523162842,0.12999999523162842,0.12999999523162842,0.12999999523162842,0
2015-05-12,0.12999999523162842,0.12999999523162842,0.12999999523162842,0.12999999523162842,0.12999999523162842,0
2015-05-13,0.12999999523162842,0.12999999523162842,0.12999999523162842,0.12999999523162842,0.12999999523162842,0
2015-05-14,0.12999999523162842,0.12999999523162842,0.12999999523162842,0.12999999523162842,0.12999999523162842,0
2015-05-15,0.12999999523162842,0.12999999523162842,0.12999999523162842,0.12999999523162842,0.12999999523162842,0
2015-05-18,0.11999999731779099,0.11999999731779099,0.11999999731779099,0.11999999731779099,0.11999999731779099,1000
2015-05-19,0.11999999731779099,0.11999999731779099,0.11999999731779099,0.11999999731779099,0.11999999731779099,0
2015-05-20,0.10999999940395355,0.10999999940395355,0.10999999940395355,0.10999999940395355,0.10999999940395355,2000
2015-05-21,0.10999999940395355,0.10999999940395355,0.10999999940395355,0.10999999940395355,0.10999999940395355,0
2015-05-22,0.10000000149011612,0.10000000149011612,0.10000000149011612,0.10000000149011612,0.10000000149011612,1000
2015-05-25,0.10999999940395355,0.10999999940395355,0.10999999940395355,0.10999999940395355,0.10999999940395355,40000
2015-05-26,0.10999999940395355,0.10999999940395355,0.10999999940395355,0.10999999940395355,0.10999999940395355,1000
2015-05-27,0.10999999940395355,0.10999999940395355,0.10999999940395355,0.10999999940395355,0.10999999940395355,0
2015-05-28,0.10999999940395355,0.10999999940395355,0.10999999940395355,0.10999999940395355,0.10999999940395355,0
2015-05-29,0.10999999940395355,0.10999999940395355,0.10999999940395355,0.10999999940395355,0.10999999940395355,0
2015-06-01,0.10999999940395355,0.10999999940395355,0.10999999940395355,0.10999999940395355,0.10999999940395355,0
2015-06-02,0.10999999940395355,0.10999999940395355,0.10999999940395355,0.10999999940395355,0.10999999940395355,0
2015-06-03,0.11999999731779099,0.11999999731779099,0.11999999731779099,0.11999999731779099,0.11999999731779099,30650
2015-06-04,0.12999999523162842,0.12999999523162842,0.12999999523162842,0.12999999523162842,0.12999999523162842,7975
2015-06-05,0.14000000059604645,0.14000000059604645,0.14000000059604645,0.14000000059604645,0.14000000059604645,1200
2015-06-08,0.14000000059604645,0.14000000059604645,0.14000000059604645,0.14000000059604645,0.14000000059604645,0
2015-06-09,0.14000000059604645,0.14000000059604645,0.14000000059604645,0.14000000059604645,0.14000000059604645,0
2015-06-10,0.12999999523162842,0.12999999523162842,0.12999999523162842,0.12999999523162842,0.12999999523162842,200
2015-06-11,0.11999999731779099,0.11999999731779099,0.11999999731779099,0.11999999731779099,0.11999999731779099,3500
2015-06-12,0.11999999731779099,0.11999999731779099,0.11999999731779099,0.11999999731779099,0.11999999731779099,10000
2015-06-15,0.11999999731779099,0.11999999731779099,0.11999999731779099,0.11999999731779099,0.11999999731779099,0
2015-06-16,0.12999999523162842,0.12999999523162842,0.12999999523162842,0.12999999523162842,0.12999999523162842,5400
2015-06-17,0.12999999523162842,0.12999999523162842,0.12999999523162842,0.12999999523162842,0.12999999523162842,0
2015-06-18,0.14000000059604645,0.14000000059604645,0.14000000059604645,0.14000000059604645,0.14000000059604645,1110
2015-06-19,0.14000000059604645,0.14000000059604645,0.14000000059604645,0.14000000059604645,0.14000000059604645,0
2015-06-22,0.14000000059604645,0.14000000059604645,0.14000000059604645,0.14000000059604645,0.14000000059604645,0
2015-06-23,0.14000000059604645,0.14000000059604645,0.14000000059604645,0.14000000059604645,0.14000000059604645,0
2015-06-24,0.14000000059604645,0.14000000059604645,0.14000000059604645,0.14000000059604645,0.14000000059604645,0
2015-06-25,0.14000000059604645,0.14000000059604645,0.14000000059604645,0.14000000059604645,0.14000000059604645,0
2015-06-26,0.15000000596046448,0.15000000596046448,0.15000000596046448,0.15000000596046448,0.15000000596046448,22000
2015-06-29,0.14000000059604645,0.14000000059604645,0.14000000059604645,0.14000000059604645,0.14000000059604645,1025
2015-06-30,0.12999999523162842,0.12999999523162842,0.12999999523162842,0.12999999523162842,0.12999999523162842,1060
2015-07-01,0.12999999523162842,0.12999999523162842,0.12999999523162842,0.12999999523162842,0.12999999523162842,0
2015-07-02,0.11999999731779099,0.11999999731779099,0.11999999731779099,0.11999999731779099,0.11999999731779099,5000
2015-07-03,0.11999999731779099,0.12999999523162842,0.10999999940395355,0.12999999523162842,0.12999999523162842,42400
2015-07-06,0.11999999731779099,0.14000000059604645,0.11999999731779099,0.11999999731779099,0.11999999731779099,526
2015-07-07,0.11999999731779099,0.11999999731779099,0.11999999731779099,0.11999999731779099,0.11999999731779099,0
2015-07-08,0.11999999731779099,0.11999999731779099,0.11999999731779099,0.11999999731779099,0.11999999731779099,0
2015-07-09,0.11999999731779099,0.11999999731779099,0.11999999731779099,0.11999999731779099,0.11999999731779099,0
2015-07-10,0.12999999523162842,0.12999999523162842,0.12999999523162842,0.12999999523162842,0.12999999523162842,6600
2015-07-13,0.12999999523162842,0.12999999523162842,0.12999999523162842,0.12999999523162842,0.12999999523162842,0
2015-07-14,0.14000000059604645,0.14000000059604645,0.12999999523162842,0.12999999523162842,0.12999999523162842,1500
2015-07-15,0.12999999523162842,0.12999999523162842,0.12999999523162842,0.12999999523162842,0.12999999523162842,0
2015-07-16,0.12999999523162842,0.12999999523162842,0.12999999523162842,0.12999999523162842,0.12999999523162842,0
2015-07-17,0.12999999523162842,0.12999999523162842,0.12999999523162842,0.12999999523162842,0.12999999523162842,2502
2015-07-20,0.11999999731779099,0.14000000059604645,0.11999999731779099,0.14000000059604645,0.14000000059604645,1500
2015-07-21,0.12999999523162842,0.15000000596046448,0.12999999523162842,0.12999999523162842,0.12999999523162842,10574
2015-07-22,0.12999999523162842,0.12999999523162842,0.12999999523162842,0.12999999523162842,0.12999999523162842,0
2015-07-23,0.14000000059604645,0.14000000059604645,0.14000000059604645,0.14000000059604645,0.14000000059604645,5500
2015-07-24,0.14000000059604645,0.14000000059604645,0.14000000059604645,0.14000000059604645,0.14000000059604645,0
2015-07-27,0.14000000059604645,0.14000000059604645,0.14000000059604645,0.14000000059604645,0.14000000059604645,0
2015-07-28,0.14000000059604645,0.14000000059604645,0.14000000059604645,0.14000000059604645,0.14000000059604645,0
2015-07-29,0.12999999523162842,0.12999999523162842,0.12999999523162842,0.12999999523162842,0.12999999523162842,2000
2015-07-30,0.11999999731779099,0.12999999523162842,0.11999999731779099,0.12999999523162842,0.12999999523162842,11125
2015-07-31,0.11999999731779099,0.11999999731779099,0.11999999731779099,0.11999999731779099,0.11999999731779099,6075
2015-08-03,0.12999999523162842,0.12999999523162842,0.12999999523162842,0.12999999523162842,0.12999999523162842,9704
2015-08-04,0.12999999523162842,0.12999999523162842,0.12999999523162842,0.12999999523162842,0.12999999523162842,524
2015-08-05,0.11999999731779099,0.12999999523162842,0.11999999731779099,0.12999999523162842,0.12999999523162842,3249
2015-08-06,0.12999999523162842,0.14000000059604645,0.12999999523162842,0.14000000059604645,0.14000000059604645,10415
2015-08-07,0.14000000059604645,0.14000000059604645,0.12999999523162842,0.14000000059604645,0.14000000059604645,18900
2015-08-10,0.12999999523162842,0.12999999523162842,0.12999999523162842,0.12999999523162842,0.12999999523162842,2100
2015-08-11,0.12999999523162842,0.12999999523162842,0.12999999523162842,0.12999999523162842,0.12999999523162842,0
2015-08-12,0.14000000059604645,0.14000000059604645,0.14000000059604645,0.14000000059604645,0.14000000059604645,14401
2015-08-13,0.12999999523162842,0.14000000059604645,0.12999999523162842,0.14000000059604645,0.14000000059604645,19100
2015-08-14,0.12999999523162842,0.14000000059604645,0.12999999523162842,0.12999999523162842,0.12999999523162842,5093
2015-08-17,0.12999999523162842,0.12999999523162842,0.12999999523162842,0.12999999523162842,0.12999999523162842,0
2015-08-18,0.12999999523162842,0.12999999523162842,0.12999999523162842,0.12999999523162842,0.12999999523162842,0
2015-08-19,0.12999999523162842,0.12999999523162842,0.12999999523162842,0.12999999523162842,0.12999999523162842,0
2015-08-20,0.11999999731779099,0.11999999731779099,0.11999999731779099,0.11999999731779099,0.11999999731779099,200
2015-08-21,0.11999999731779099,0.11999999731779099,0.11999999731779099,0.11999999731779099,0.11999999731779099,500
2015-08-24,0.10999999940395355,0.10999999940395355,0.10999999940395355,0.10999999940395355,0.10999999940395355,1001
2015-08-25,0.10000000149011612,0.10999999940395355,0.10000000149011612,0.10999999940395355,0.10999999940395355,13184
2015-08-26,0.10999999940395355,0.11999999731779099,0.10000000149011612,0.11999999731779099,0.11999999731779099,36242
2015-08-27,0.12999999523162842,0.12999999523162842,0.12999999523162842,0.12999999523162842,0.12999999523162842,5977
2015-08-28,0.14000000059604645,0.14000000059604645,0.11999999731779099,0.11999999731779099,0.11999999731779099,17511
2015-08-31,0.11999999731779099,0.11999999731779099,0.11999999731779099,0.11999999731779099,0.11999999731779099,0
2015-09-01,0.11999999731779099,0.11999999731779099,0.11999999731779099,0.11999999731779099,0.11999999731779099,0
2015-09-02,0.11999999731779099,0.11999999731779099,0.11999999731779099,0.11999999731779099,0.11999999731779099,626
2015-09-03,0.11999999731779099,0.11999999731779099,0.11999999731779099,0.11999999731779099,0.11999999731779099,0
2015-09-04,0.10999999940395355,0.10999999940395355,0.10999999940395355,0.10999999940395355,0.10999999940395355,2820
2015-09-07,0.10999999940395355,0.10999999940395355,0.10999999940395355,0.10999999940395355,0.10999999940395355,0
2015-09-08,0.10999999940395355,0.10999999940395355,0.10999999940395355,0.10999999940395355,0.10999999940395355,0
2015-09-09,0.10999999940395355,0.10999999940395355,0.10999999940395355,0.10999999940395355,0.10999999940395355,0
2015-09-10,0.10000000149011612,0.10000000149011612,0.10000000149011612,0.10000000149011612,0.10000000149011612,4000
2015-09-11,0.10000000149011612,0.10000000149011612,0.10000000149011612,0.10000000149011612,0.10000000149011612,0
2015-09-14,0.10999999940395355,0.10999999940395355,0.10999999940395355,0.10999999940395355,0.10999999940395355,500
2015-09-15,0.10999999940395355,0.10999999940395355,0.10999999940395355,0.10999999940395355,0.10999999940395355,0
2015-09-16,0.10999999940395355,0.10999999940395355,0.10999999940395355,0.10999999940395355,0.10999999940395355,0
2015-09-18,0.10999999940395355,0.10999999940395355,0.10999999940395355,0.10999999940395355,0.10999999940395355,0
2015-09-21,0.10999999940395355,0.11999999731779099,0.10999999940395355,0.11999999731779099,0.11999999731779099,7342
2015-09-22,0.12999999523162842,0.12999999523162842,0.11999999731779099,0.11999999731779099,0.11999999731779099,25300
2015-09-23,0.11999999731779099,0.11999999731779099,0.11999999731779099,0.11999999731779099,0.11999999731779099,4265
2015-09-24,0.11999999731779099,0.11999999731779099,0.11999999731779099,0.11999999731779099,0.11999999731779099,0
2015-09-28,0.10999999940395355,0.10999999940395355,0.10999999940395355,0.10999999940395355,0.10999999940395355,11000
2015-09-29,0.11999999731779099,0.11999999731779099,0.11999999731779099,0.11999999731779099,0.11999999731779099,2350
2015-09-30,0.12999999523162842,0.12999999523162842,0.12999999523162842,0.12999999523162842,0.12999999523162842,300
2015-10-01,0.14000000059604645,0.14000000059604645,0.14000000059604645,0.14000000059604645,0.14000000059604645,3626
2015-10-05,0.14000000059604645,0.15000000596046448,0.14000000059604645,0.15000000596046448,0.15000000596046448,2615
2015-10-06,0.1599999964237213,0.1599999964237213,0.1599999964237213,0.1599999964237213,0.1599999964237213,133
2015-10-07,0.17000000178813934,0.17000000178813934,0.17000000178813934,0.17000000178813934,0.17000000178813934,109165
2015-10-08,0.17000000178813934,0.17000000178813934,0.1599999964237213,0.17000000178813934,0.17000000178813934,59222
2015-10-09,0.17000000178813934,0.17000000178813934,0.1599999964237213,0.1599999964237213,0.1599999964237213,20916
2015-10-12,0.1599999964237213,0.1599999964237213,0.1599999964237213,0.1599999964237213,0.1599999964237213,8000
2015-10-13,0.15000000596046448,0.15000000596046448,0.15000000596046448,0.15000000596046448,0.15000000596046448,1000
2015-10-14,0.15000000596046448,0.1599999964237213,0.15000000596046448,0.1599999964237213,0.1599999964237213,2111
2015-10-15,0.1599999964237213,0.1599999964237213,0.1599999964237213,0.1599999964237213,0.1599999964237213,20000
2015-10-16,0.1599999964237213,0.1599999964237213,0.15000000596046448,0.15000000596046448,0.15000000596046448,100200
2015-10-19,0.1599999964237213,0.1599999964237213,0.15000000596046448,0.15000000596046448,0.15000000596046448,23200
2015-10-20,0.14000000059604645,0.14000000059604645,0.14000000059604645,0.14000000059604645,0.14000000059604645,400
2015-10-21,0.14000000059604645,0.15000000596046448,0.14000000059604645,0.15000000596046448,0.15000000596046448,100500
2015-10-23,0.15000000596046448,0.15000000596046448,0.15000000596046448,0.15000000596046448,0.15000000596046448,0
2015-10-26,0.15000000596046448,0.15000000596046448,0.15000000596046448,0.15000000596046448,0.15000000596046448,0
2015-10-27,0.14000000059604645,0.14000000059604645,0.14000000059604645,0.14000000059604645,0.14000000059604645,100
2015-10-28,0.12999999523162842,0.12999999523162842,0.12999999523162842,0.12999999523162842,0.12999999523162842,4000
2015-10-29,0.12999999523162842,0.12999999523162842,0.12999999523162842,0.12999999523162842,0.12999999523162842,0
2015-10-30,0.12999999523162842,0.12999999523162842,0.12999999523162842,0.12999999523162842,0.12999999523162842,0
2015-11-02,0.12999999523162842,0.12999999523162842,0.12999999523162842,0.12999999523162842,0.12999999523162842,0
2015-11-03,0.11999999731779099,0.11999999731779099,0.11999999731779099,0.11999999731779099,0.11999999731779099,10000
2015-11-04,0.11999999731779099,0.11999999731779099,0.11999999731779099,0.11999999731779099,0.11999999731779099,0
2015-11-05,0.10999999940395355,0.10999999940395355,0.10999999940395355,0.10999999940395355,0.10999999940395355,2500
2015-11-06,0.11999999731779099,0.11999999731779099,0.11999999731779099,0.11999999731779099,0.11999999731779099,5134
2015-11-09,0.11999999731779099,0.11999999731779099,0.11999999731779099,0.11999999731779099,0.11999999731779099,100
2015-11-10,0.11999999731779099,0.11999999731779099,0.11999999731779099,0.11999999731779099,0.11999999731779099,0
2015-11-13,0.11999999731779099,0.11999999731779099,0.11999999731779099,0.11999999731779099,0.11999999731779099,1000
2015-11-16,0.11999999731779099,0.11999999731779099,0.11999999731779099,0.11999999731779099,0.11999999731779099,0
2015-11-17,0.11999999731779099,0.11999999731779099,0.11999999731779099,0.11999999731779099,0.11999999731779099,1000
2015-11-18,0.11999999731779099,0.11999999731779099,0.11999999731779099,0.11999999731779099,0.11999999731779099,1000
2015-11-19,0.11999999731779099,0.11999999731779099,0.11999999731779099,0.11999999731779099,0.11999999731779099,0
2015-11-20,0.11999999731779099,0.11999999731779099,0.11999999731779099,0.11999999731779099,0.11999999731779099,3101
2015-11-23,0.11999999731779099,0.12999999523162842,0.11999999731779099,0.12999999523162842,0.12999999523162842,3624
2015-11-24,0.12999999523162842,0.12999999523162842,0.12999999523162842,0.12999999523162842,0.12999999523162842,31789
2015-11-26,0.12999999523162842,0.12999999523162842,0.12999999523162842,0.12999999523162842,0.12999999523162842,0
2015-11-27,0.12999999523162842,0.12999999523162842,0.12999999523162842,0.12999999523162842,0.12999999523162842,0
2015-11-30,0.12999999523162842,0.12999999523162842,0.12999999523162842,0.12999999523162842,0.12999999523162842,0
2015-12-01,0.12999999523162842,0.12999999523162842,0.12999999523162842,0.12999999523162842,0.12999999523162842,0
2015-12-02,0.12999999523162842,0.12999999523162842,0.12999999523162842,0.12999999523162842,0.12999999523162842,2000
2015-12-03,0.12999999523162842,0.12999999523162842,0.12999999523162842,0.12999999523162842,0.12999999523162842,0
2015-12-04,0.12999999523162842,0.12999999523162842,0.12999999523162842,0.12999999523162842,0.12999999523162842,0
2015-12-07,0.12999999523162842,0.12999999523162842,0.12999999523162842,0.12999999523162842,0.12999999523162842,2743
2015-12-08,0.12999999523162842,0.14000000059604645,0.12999999523162842,0.12999999523162842,0.12999999523162842,10426
2015-12-09,0.14000000059604645,0.14000000059604645,0.14000000059604645,0.14000000059604645,0.14000000059604645,2000
2015-12-10,0.15000000596046448,0.15000000596046448,0.15000000596046448,0.15000000596046448,0.15000000596046448,1503
2015-12-11,0.1599999964237213,0.1599999964237213,0.1599999964237213,0.1599999964237213,0.1599999964237213,47200
2015-12-14,0.17000000178813934,0.17000000178813934,0.1599999964237213,0.1599999964237213,0.1599999964237213,37221
2015-12-15,0.1599999964237213,0.1599999964237213,0.1599999964237213,0.1599999964237213,0.1599999964237213,0
2015-12-16,0.1599999964237213,0.1599999964237213,0.1599999964237213,0.1599999964237213,0.1599999964237213,0
2015-12-17,0.1599999964237213,0.1599999964237213,0.1599999964237213,0.1599999964237213,0.1599999964237213,0
2015-12-18,0.1599999964237213,0.1599999964237213,0.1599999964237213,0.1599999964237213,0.1599999964237213,0
2015-12-21,0.1599999964237213,0.1599999964237213,0.1599999964237213,0.1599999964237213,0.1599999964237213,0
2015-12-22,0.17000000178813934,0.17000000178813934,0.17000000178813934,0.17000000178813934,0.17000000178813934,500
2015-12-23,0.17000000178813934,0.17000000178813934,0.17000000178813934,0.17000000178813934,0.17000000178813934,2100
2015-12-24,0.18000000715255737,0.18000000715255737,0.18000000715255737,0.18000000715255737,0.18000000715255737,1500
2015-12-28,0.18000000715255737,0.18000000715255737,0.18000000715255737,0.18000000715255737,0.18000000715255737,0
2015-12-29,0.18000000715255737,0.18000000715255737,0.18000000715255737,0.18000000715255737,0.18000000715255737,0
2015-12-30,0.1899999976158142,0.1899999976158142,0.18000000715255737,0.18000000715255737,0.18000000715255737,101500
2015-12-31,0.18000000715255737,0.18000000715255737,0.18000000715255737,0.18000000715255737,0.18000000715255737,0
2016-01-01,0.18000000715255737,0.18000000715255737,0.18000000715255737,0.18000000715255737,0.18000000715255737,0
2016-01-04,0.18000000715255737,0.18000000715255737,0.18000000715255737,0.18000000715255737,0.18000000715255737,0
2016-01-05,0.1899999976158142,0.1899999976158142,0.18000000715255737,0.18000000715255737,0.18000000715255737,2000
2016-01-06,0.18000000715255737,0.18000000715255737,0.18000000715255737,0.18000000715255737,0.18000000715255737,0
2016-01-07,0.18000000715255737,0.18000000715255737,0.18000000715255737,0.18000000715255737,0.18000000715255737,0
2016-01-08,0.18000000715255737,0.18000000715255737,0.18000000715255737,0.18000000715255737,0.18000000715255737,0
2016-01-11,0.18000000715255737,0.18000000715255737,0.18000000715255737,0.18000000715255737,0.18000000715255737,0
2016-01-12,0.18000000715255737,0.18000000715255737,0.18000000715255737,0.18000000715255737,0.18000000715255737,499
2016-01-13,0.18000000715255737,0.18000000715255737,0.18000000715255737,0.18000000715255737,0.18000000715255737,502
2016-01-14,0.1899999976158142,0.1899999976158142,0.1899999976158142,0.1899999976158142,0.1899999976158142,2500
2016-01-15,0.20000000298023224,0.20000000298023224,0.20000000298023224,0.20000000298023224,0.20000000298023224,1510
2016-01-18,0.20000000298023224,0.20999999344348907,0.20000000298023224,0.20000000298023224,0.20000000298023224,42819
2016-01-19,0.20000000298023224,0.20000000298023224,0.20000000298023224,0.20000000298023224,0.20000000298023224,0
2016-01-20,0.20999999344348907,0.20999999344348907,0.20000000298023224,0.20000000298023224,0.20000000298023224,3900
2016-01-21,0.20000000298023224,0.20000000298023224,0.20000000298023224,0.20000000298023224,0.20000000298023224,20000
2016-01-22,0.20000000298023224,0.20000000298023224,0.20000000298023224,0.20000000298023224,0.20000000298023224,10205
2016-01-25,0.20000000298023224,0.20000000298023224,0.20000000298023224,0.20000000298023224,0.20000000298023224,4500
2016-01-27,0.20000000298023224,0.20000000298023224,0.20000000298023224,0.20000000298023224,0.20000000298023224,0
2016-01-28,0.1899999976158142,0.20000000298023224,0.1899999976158142,0.20000000298023224,0.20000000298023224,710
2016-01-29,0.1899999976158142,0.1899999976158142,0.1899999976158142,0.1899999976158142,0.1899999976158142,9078
2016-02-01,0.20000000298023224,0.20000000298023224,0.20000000298023224,0.20000000298023224,0.20000000298023224,1000
2016-02-02,0.20000000298023224,0.20000000298023224,0.20000000298023224,0.20000000298023224,0.20000000298023224,5786
2016-02-03,0.20000000298023224,0.20000000298023224,0.20000000298023224,0.20000000298023224,0.20000000298023224,0
2016-02-04,0.20000000298023224,0.20000000298023224,0.20000000298023224,0.20000000298023224,0.20000000298023224,0
2016-02-05,0.20000000298023224,0.20000000298023224,0.20000000298023224,0.20000000298023224,0.20000000298023224,0
2016-02-08,0.20999999344348907,0.20999999344348907,0.20999999344348907,0.20999999344348907,0.20999999344348907,8000
2016-02-09,0.2199999988079071,0.2199999988079071,0.2199999988079071,0.2199999988079071,0.2199999988079071,7000
2016-02-10,0.23000000417232513,0.23000000417232513,0.23000000417232513,0.23000000417232513,0.23000000417232513,5893
2016-02-11,0.23999999463558197,0.23999999463558197,0.23999999463558197,0.23999999463558197,0.23999999463558197,33900
2016-02-12,0.23999999463558197,0.23999999463558197,0.23999999463558197,0.23999999463558197,0.23999999463558197,0
2016-02-15,0.23999999463558197,0.23999999463558197,0.23999999463558197,0.23999999463558197,0.23999999463558197,9000
2016-02-16,0.23999999463558197,0.23999999463558197,0.23999999463558197,0.23999999463558197,0.23999999463558197,0
2016-02-17,0.23999999463558197,0.23999999463558197,0.23999999463558197,0.23999999463558197,0.23999999463558197,0
2016-02-18,0.23999999463558197,0.23999999463558197,0.23999999463558197,0.23999999463558197,0.23999999463558197,0
2016-02-19,0.23999999463558197,0.23999999463558197,0.23999999463558197,0.23999999463558197,0.23999999463558197,0
2016-02-22,0.23999999463558197,0.23999999463558197,0.23999999463558197,0.23999999463558197,0.23999999463558197,0
2016-02-23,0.23999999463558197,0.23999999463558197,0.23999999463558197,0.23999999463558197,0.23999999463558197,0
2016-02-24,0.23999999463558197,0.23999999463558197,0.23999999463558197,0.23999999463558197,0.23999999463558197,0
2016-02-25,0.23000000417232513,0.23000000417232513,0.23000000417232513,0.23000000417232513,0.23000000417232513,800
2016-02-26,0.23000000417232513,0.23000000417232513,0.23000000417232513,0.23000000417232513,0.23000000417232513,0
2016-02-29,0.23000000417232513,0.23000000417232513,0.23000000417232513,0.23000000417232513,0.23000000417232513,0
2016-03-01,0.23000000417232513,0.23000000417232513,0.23000000417232513,0.23000000417232513,0.23000000417232513,0
2016-03-02,0.23000000417232513,0.23000000417232513,0.23000000417232513,0.23000000417232513,0.23000000417232513,0
2016-03-03,0.23000000417232513,0.23000000417232513,0.23000000417232513,0.23000000417232513,0.23000000417232513,0
2016-03-04,0.23000000417232513,0.23000000417232513,0.23000000417232513,0.23000000417232513,0.23000000417232513,0
2016-03-08,0.23000000417232513,0.23000000417232513,0.23000000417232513,0.23000000417232513,0.23000000417232513,0
2016-03-09,0.23000000417232513,0.23000000417232513,0.23000000417232513,0.23000000417232513,0.23000000417232513,0
2016-03-10,0.2199999988079071,0.23000000417232513,0.2199999988079071,0.2199999988079071,0.2199999988079071,4507
2016-03-11,0.2199999988079071,0.2199999988079071,0.2199999988079071,0.2199999988079071,0.2199999988079071,0
2016-03-14,0.2199999988079071,0.2199999988079071,0.2199999988079071,0.2199999988079071,0.2199999988079071,0
2016-03-15,0.2199999988079071,0.2199999988079071,0.2199999988079071,0.2199999988079071,0.2199999988079071,101
2016-03-16,0.2199999988079071,0.2199999988079071,0.2199999988079071,0.2199999988079071,0.2199999988079071,0
2016-03-17,0.2199999988079071,0.2199999988079071,0.2199999988079071,0.2199999988079071,0.2199999988079071,0
2016-03-18,0.2199999988079071,0.2199999988079071,0.2199999988079071,0.2199999988079071,0.2199999988079071,0
2016-03-21,0.2199999988079071,0.2199999988079071,0.2199999988079071,0.2199999988079071,0.2199999988079071,0
2016-03-22,0.2199999988079071,0.2199999988079071,0.2199999988079071,0.2199999988079071,0.2199999988079071,0
2016-03-23,0.2199999988079071,0.2199999988079071,0.2199999988079071,0.2199999988079071,0.2199999988079071,0
2016-03-28,0.2199999988079071,0.2199999988079071,0.2199999988079071,0.2199999988079071,0.2199999988079071,11000
2016-03-29,0.20999999344348907,0.20999999344348907,0.20999999344348907,0.20999999344348907,0.20999999344348907,1000
2016-03-30,0.20000000298023224,0.20000000298023224,0.20000000298023224,0.20000000298023224,0.20000000298023224,15121
2016-03-31,0.20000000298023224,0.20000000298023224,0.20000000298023224,0.20000000298023224,0.20000000298023224,0
2016-04-01,0.20000000298023224,0.20000000298023224,0.20000000298023224,0.20000000298023224,0.20000000298023224,0
2016-04-04,0.20000000298023224,0.20000000298023224,0.20000000298023224,0.20000000298023224,0.20000000298023224,0
2016-04-05,0.20000000298023224,0.20000000298023224,0.20000000298023224,0.20000000298023224,0.20000000298023224,0
2016-04-06,0.20000000298023224,0.20000000298023224,0.20000000298023224,0.20000000298023224,0.20000000298023224,0
2016-04-07,0.20000000298023224,0.20000000298023224,0.20000000298023224,0.20000000298023224,0.20000000298023224,0
2016-04-08,0.20000000298023224,0.20000000298023224,0.20000000298023224,0.20000000298023224,0.20000000298023224,0
2016-04-11,0.1899999976158142,0.1899999976158142,0.1899999976158142,0.1899999976158142,0.1899999976158142,3000
2016-04-12,0.1899999976158142,0.1899999976158142,0.1899999976158142,0.1899999976158142,0.1899999976158142,0
2016-04-13,0.1899999976158142,0.1899999976158142,0.1899999976158142,0.1899999976158142,0.1899999976158142,3000
2016-04-18,0.1899999976158142,0.1899999976158142,0.1899999976158142,0.1899999976158142,0.1899999976158142,15000
2016-04-20,0.1899999976158142,0.1899999976158142,0.1899999976158142,0.1899999976158142,0.1899999976158142,0
2016-04-21,0.1899999976158142,0.1899999976158142,0.1899999976158142,0.1899999976158142,0.1899999976158142,0
2016-04-22,0.1899999976158142,0.1899999976158142,0.1899999976158142,0.1899999976158142,0.1899999976158142,4295
2016-04-25,0.1899999976158142,0.1899999976158142,0.1899999976158142,0.1899999976158142,0.1899999976158142,83845
2016-04-26,0.1899999976158142,0.1899999976158142,0.1899999976158142,0.1899999976158142,0.1899999976158142,7696
2016-04-27,0.1899999976158142,0.1899999976158142,0.1899999976158142,0.1899999976158142,0.1899999976158142,0
2016-04-28,0.1899999976158142,0.1899999976158142,0.1899999976158142,0.1899999976158142,0.1899999976158142,0
2016-04-29,0.1899999976158142,0.1899999976158142,0.1899999976158142,0.1899999976158142,0.1899999976158142,0
2016-05-02,0.1899999976158142,0.1899999976158142,0.1899999976158142,0.1899999976158142,0.1899999976158142,0
2016-05-03,0.1899999976158142,0.1899999976158142,0.1899999976158142,0.1899999976158142,0.1899999976158142,0
2016-05-04,0.1899999976158142,0.1899999976158142,0.1899999976158142,0.1899999976158142,0.1899999976158142,0
2016-05-05,0.1899999976158142,0.1899999976158142,0.1899999976158142,0.1899999976158142,0.1899999976158142,0
2016-05-06,0.1899999976158142,0.1899999976158142,0.1899999976158142,0.1899999976158142,0.1899999976158142,0
2016-05-09,0.1899999976158142,0.1899999976158142,0.1899999976158142,0.1899999976158142,0.1899999976158142,0
2016-05-10,0.1899999976158142,0.1899999976158142,0.1899999976158142,0.1899999976158142,0.1899999976158142,111
2016-05-11,0.1899999976158142,0.1899999976158142,0.1899999976158142,0.1899999976158142,0.1899999976158142,0
2016-05-12,0.1899999976158142,0.1899999976158142,0.1899999976158142,0.1899999976158142,0.1899999976158142,0
2016-05-13,0.1899999976158142,0.1899999976158142,0.1899999976158142,0.1899999976158142,0.1899999976158142,0
2016-05-16,0.1899999976158142,0.1899999976158142,0.1899999976158142,0.1899999976158142,0.1899999976158142,0
2016-05-17,0.1899999976158142,0.1899999976158142,0.1899999976158142,0.1899999976158142,0.1899999976158142,5000
2016-05-18,0.1899999976158142,0.1899999976158142,0.1899999976158142,0.1899999976158142,0.1899999976158142,0
2016-05-19,0.1899999976158142,0.1899999976158142,0.1899999976158142,0.1899999976158142,0.1899999976158142,0
2016-05-20,0.20000000298023224,0.20000000298023224,0.20000000298023224,0.20000000298023224,0.20000000298023224,2500
2016-05-23,0.20000000298023224,0.20000000298023224,0.20000000298023224,0.20000000298023224,0.20000000298023224,0
2016-05-24,0.20000000298023224,0.20000000298023224,0.20000000298023224,0.20000000298023224,0.20000000298023224,0
2016-05-25,0.20000000298023224,0.20000000298023224,0.20000000298023224,0.20000000298023224,0.20000000298023224,0
2016-05-26,0.20000000298023224,0.20000000298023224,0.20000000298023224,0.20000000298023224,0.20000000298023224,250
2016-05-27,0.20000000298023224,0.20000000298023224,0.20000000298023224,0.20000000298023224,0.20000000298023224,0
2016-05-30,0.20000000298023224,0.20000000298023224,0.20000000298023224,0.20000000298023224,0.20000000298023224,0
2016-05-31,0.20000000298023224,0.20000000298023224,0.20000000298023224,0.20000000298023224,0.20000000298023224,0
2016-06-01,0.20000000298023224,0.20000000298023224,0.20000000298023224,0.20000000298023224,0.20000000298023224,0
2016-06-02,0.20000000298023224,0.20000000298023224,0.20000000298023224,0.20000000298023224,0.20000000298023224,0
2016-06-03,0.20000000298023224,0.20000000298023224,0.20000000298023224,0.20000000298023224,0.20000000298023224,0
2016-06-06,0.20000000298023224,0.20000000298023224,0.20000000298023224,0.20000000298023224,0.20000000298023224,0
2016-06-07,0.20000000298023224,0.20000000298023224,0.20000000298023224,0.20000000298023224,0.20000000298023224,0
2016-06-08,0.20000000298023224,0.20000000298023224,0.20000000298023224,0.20000000298023224,0.20000000298023224,0
2016-06-09,0.20000000298023224,0.20000000298023224,0.1899999976158142,0.1899999976158142,0.1899999976158142,13240
2016-06-10,0.20000000298023224,0.20000000298023224,0.1899999976158142,0.1899999976158142,0.1899999976158142,40000
2016-06-13,0.1899999976158142,0.20000000298023224,0.1899999976158142,0.20000000298023224,0.20000000298023224,2207
2016-06-14,0.20000000298023224,0.20000000298023224,0.20000000298023224,0.20000000298023224,0.20000000298023224,0
2016-06-15,0.20000000298023224,0.20000000298023224,0.20000000298023224,0.20000000298023224,0.20000000298023224,0
2016-06-16,0.20000000298023224,0.20000000298023224,0.20000000298023224,0.20000000298023224,0.20000000298023224,0
2016-06-17,0.1899999976158142,0.20000000298023224,0.1899999976158142,0.20000000298023224,0.20000000298023224,35200
2016-06-20,0.1899999976158142,0.1899999976158142,0.1899999976158142,0.1899999976158142,0.1899999976158142,37500
2016-06-21,0.20000000298023224,0.20000000298023224,0.20000000298023224,0.20000000298023224,0.20000000298023224,10
2016-06-22,0.20000000298023224,0.20000000298023224,0.20000000298023224,0.20000000298023224,0.20000000298023224,200
2016-06-23,0.20000000298023224,0.20000000298023224,0.20000000298023224,0.20000000298023224,0.20000000298023224,0
2016-06-24,0.20000000298023224,0.20000000298023224,0.20000000298023224,0.20000000298023224,0.20000000298023224,0
2016-06-27,0.20000000298023224,0.20000000298023224,0.20000000298023224,0.20000000298023224,0.20000000298023224,0
2016-06-28,0.20000000298023224,0.20000000298023224,0.20000000298023224,0.20000000298023224,0.20000000298023224,0
2016-06-29,0.20000000298023224,0.20000000298023224,0.20000000298023224,0.20000000298023224,0.20000000298023224,100
2016-06-30,0.20000000298023224,0.20000000298023224,0.20000000298023224,0.20000000298023224,0.20000000298023224,2000
2016-07-01,0.20000000298023224,0.20000000298023224,0.20000000298023224,0.20000000298023224,0.20000000298023224,0
2016-07-04,0.20000000298023224,0.20000000298023224,0.20000000298023224,0.20000000298023224,0.20000000298023224,0
2016-07-05,0.20000000298023224,0.20000000298023224,0.20000000298023224,0.20000000298023224,0.20000000298023224,0
2016-07-07,0.20000000298023224,0.20000000298023224,0.20000000298023224,0.20000000298023224,0.20000000298023224,10150
2016-07-08,0.20000000298023224,0.20000000298023224,0.20000000298023224,0.20000000298023224,0.20000000298023224,51963
2016-07-11,0.1899999976158142,0.20000000298023224,0.1899999976158142,0.20000000298023224,0.20000000298023224,3941
2016-07-12,0.1899999976158142,0.20999999344348907,0.1899999976158142,0.20999999344348907,0.20999999344348907,115054
2016-07-13,0.20999999344348907,0.20999999344348907,0.20999999344348907,0.20999999344348907,0.20999999344348907,0
2016-07-14,0.20999999344348907,0.20999999344348907,0.20999999344348907,0.20999999344348907,0.20999999344348907,0
2016-07-15,0.20999999344348907,0.20999999344348907,0.20999999344348907,0.20999999344348907,0.20999999344348907,0
2016-07-18,0.20999999344348907,0.20999999344348907,0.20999999344348907,0.20999999344348907,0.20999999344348907,0
2016-07-19,0.20999999344348907,0.20999999344348907,0.20000000298023224,0.20000000298023224,0.20000000298023224,180
2016-07-20,0.20000000298023224,0.20000000298023224,0.1899999976158142,0.1899999976158142,0.1899999976158142,25100
2016-07-21,0.1899999976158142,0.20000000298023224,0.1899999976158142,0.20000000298023224,0.20000000298023224,1508
2016-07-22,0.1899999976158142,0.1899999976158142,0.1899999976158142,0.1899999976158142,0.1899999976158142,700
2016-07-25,0.1899999976158142,0.1899999976158142,0.1899999976158142,0.1899999976158142,0.1899999976158142,2199
2016-07-26,0.1899999976158142,0.1899999976158142,0.1899999976158142,0.1899999976158142,0.1899999976158142,0
2016-07-27,0.1899999976158142,0.1899999976158142,0.1899999976158142,0.1899999976158142,0.1899999976158142,500
2016-07-28,0.1899999976158142,0.1899999976158142,0.1899999976158142,0.1899999976158142,0.1899999976158142,0
2016-07-29,0.1899999976158142,0.1899999976158142,0.1899999976158142,0.1899999976158142,0.1899999976158142,0
2016-08-01,0.1899999976158142,0.1899999976158142,0.1899999976158142,0.1899999976158142,0.1899999976158142,0
2016-08-02,0.1899999976158142,0.1899999976158142,0.1899999976158142,0.1899999976158142,0.1899999976158142,40432
2016-08-03,0.1899999976158142,0.1899999976158142,0.1899999976158142,0.1899999976158142,0.1899999976158142,11168
2016-08-04,0.1899999976158142,0.1899999976158142,0.1899999976158142,0.1899999976158142,0.1899999976158142,0
2016-08-05,0.1899999976158142,0.1899999976158142,0.1899999976158142,0.1899999976158142,0.1899999976158142,20238
2016-08-08,0.1899999976158142,0.1899999976158142,0.1899999976158142,0.1899999976158142,0.1899999976158142,0
2016-08-09,0.1899999976158142,0.1899999976158142,0.1899999976158142,0.1899999976158142,0.1899999976158142,0
2016-08-10,0.1899999976158142,0.1899999976158142,0.1899999976158142,0.1899999976158142,0.1899999976158142,0
2016-08-11,0.1899999976158142,0.1899999976158142,0.1899999976158142,0.1899999976158142,0.1899999976158142,0
2016-08-12,0.1899999976158142,0.1899999976158142,0.1899999976158142,0.1899999976158142,0.1899999976158142,601
2016-08-16,0.1899999976158142,0.1899999976158142,0.1899999976158142,0.1899999976158142,0.1899999976158142,0
2016-08-17,0.1899999976158142,0.1899999976158142,0.1899999976158142,0.1899999976158142,0.1899999976158142,0
2016-08-18,0.1899999976158142,0.1899999976158142,0.1899999976158142,0.1899999976158142,0.1899999976158142,0
2016-08-19,0.1899999976158142,0.1899999976158142,0.1899999976158142,0.1899999976158142,0.1899999976158142,0
2016-08-22,0.1899999976158142,0.1899999976158142,0.1899999976158142,0.1899999976158142,0.1899999976158142,1
2016-08-23,0.1899999976158142,0.1899999976158142,0.1899999976158142,0.1899999976158142,0.1899999976158142,4201
2016-08-24,0.1899999976158142,0.1899999976158142,0.1899999976158142,0.1899999976158142,0.1899999976158142,0
2016-08-25,0.1899999976158142,0.1899999976158142,0.1899999976158142,0.1899999976158142,0.1899999976158142,0
2016-08-26,0.1899999976158142,0.1899999976158142,0.1899999976158142,0.1899999976158142,0.1899999976158142,0
2016-08-29,0.20000000298023224,0.20000000298023224,0.20000000298023224,0.20000000298023224,0.20000000298023224,5000
2016-08-30,0.20000000298023224,0.20000000298023224,0.20000000298023224,0.20000000298023224,0.20000000298023224,0
2016-08-31,0.20000000298023224,0.20000000298023224,0.20000000298023224,0.20000000298023224,0.20000000298023224,0
2016-09-01,0.20000000298023224,0.20000000298023224,0.20000000298023224,0.20000000298023224,0.20000000298023224,0
2016-09-02,0.20000000298023224,0.20000000298023224,0.20000000298023224,0.20000000298023224,0.20000000298023224,0
2016-09-06,0.20000000298023224,0.20000000298023224,0.20000000298023224,0.20000000298023224,0.20000000298023224,0
2016-09-07,0.20000000298023224,0.20000000298023224,0.20000000298023224,0.20000000298023224,0.20000000298023224,0
2016-09-08,0.20000000298023224,0.20000000298023224,0.20000000298023224,0.20000000298023224,0.20000000298023224,11506
2016-09-09,0.20000000298023224,0.20000000298023224,0.20000000298023224,0.20000000298023224,0.20000000298023224,0
2016-09-12,0.20000000298023224,0.20000000298023224,0.20000000298023224,0.20000000298023224,0.20000000298023224,0
2016-09-14,0.20000000298023224,0.20000000298023224,0.20000000298023224,0.20000000298023224,0.20000000298023224,0
2016-09-15,0.20000000298023224,0.20000000298023224,0.20000000298023224,0.20000000298023224,0.20000000298023224,0
2016-09-16,0.20000000298023224,0.20000000298023224,0.20000000298023224,0.20000000298023224,0.20000000298023224,0
2016-09-19,0.20000000298023224,0.20000000298023224,0.20000000298023224,0.20000000298023224,0.20000000298023224,0
2016-09-20,0.20000000298023224,0.20000000298023224,0.20000000298023224,0.20000000298023224,0.20000000298023224,0
2016-09-21,0.20000000298023224,0.20000000298023224,0.20000000298023224,0.20000000298023224,0.20000000298023224,0
2016-09-22,0.20000000298023224,0.20000000298023224,0.20000000298023224,0.20000000298023224,0.20000000298023224,0
2016-09-23,0.20000000298023224,0.20000000298023224,0.20000000298023224,0.20000000298023224,0.20000000298023224,0
2016-09-26,0.1899999976158142,0.1899999976158142,0.1899999976158142,0.1899999976158142,0.1899999976158142,5500
2016-09-27,0.1899999976158142,0.1899999976158142,0.1899999976158142,0.1899999976158142,0.1899999976158142,0
2016-09-28,0.1899999976158142,0.1899999976158142,0.1899999976158142,0.1899999976158142,0.1899999976158142,0
2016-09-29,0.1899999976158142,0.1899999976158142,0.1899999976158142,0.1899999976158142,0.1899999976158142,0
2016-09-30,0.1899999976158142,0.1899999976158142,0.1899999976158142,0.1899999976158142,0.1899999976158142,0
2016-10-03,0.1899999976158142,0.1899999976158142,0.1899999976158142,0.1899999976158142,0.1899999976158142,0
2016-10-04,0.1899999976158142,0.1899999976158142,0.1899999976158142,0.1899999976158142,0.1899999976158142,0
2016-10-05,0.1899999976158142,0.1899999976158142,0.1899999976158142,0.1899999976158142,0.1899999976158142,1111
2016-10-06,0.1899999976158142,0.1899999976158142,0.1899999976158142,0.1899999976158142,0.1899999976158142,300
2016-10-07,0.1899999976158142,0.1899999976158142,0.1899999976158142,0.1899999976158142,0.1899999976158142,2670
2016-10-10,0.1899999976158142,0.1899999976158142,0.1899999976158142,0.1899999976158142,0.1899999976158142,1000
2016-10-13,0.1899999976158142,0.1899999976158142,0.1899999976158142,0.1899999976158142,0.1899999976158142,900
2016-10-14,0.1899999976158142,0.1899999976158142,0.1899999976158142,0.1899999976158142,0.1899999976158142,0
2016-10-17,0.1899999976158142,0.1899999976158142,0.1899999976158142,0.1899999976158142,0.1899999976158142,0
2016-10-18,0.1899999976158142,0.1899999976158142,0.1899999976158142,0.1899999976158142,0.1899999976158142,0
2016-10-19,0.1899999976158142,0.1899999976158142,0.1899999976158142,0.1899999976158142,0.1899999976158142,0
2016-10-20,0.1899999976158142,0.1899999976158142,0.1899999976158142,0.1899999976158142,0.1899999976158142,700
2016-10-21,0.1899999976158142,0.1899999976158142,0.1899999976158142,0.1899999976158142,0.1899999976158142,50000
2016-10-24,0.1899999976158142,0.1899999976158142,0.1899999976158142,0.1899999976158142,0.1899999976158142,1475
2016-10-25,0.1899999976158142,0.1899999976158142,0.1899999976158142,0.1899999976158142,0.1899999976158142,2500
2016-10-26,0.1899999976158142,0.1899999976158142,0.1899999976158142,0.1899999976158142,0.1899999976158142,111
2016-10-27,0.1899999976158142,0.1899999976158142,0.1899999976158142,0.1899999976158142,0.1899999976158142,111
2016-10-28,0.1899999976158142,0.1899999976158142,0.1899999976158142,0.1899999976158142,0.1899999976158142,0
2016-11-01,0.1899999976158142,0.1899999976158142,0.1899999976158142,0.1899999976158142,0.1899999976158142,2800
2016-11-02,0.1899999976158142,0.1899999976158142,0.1899999976158142,0.1899999976158142,0.1899999976158142,2000
2016-11-03,0.1899999976158142,0.1899999976158142,0.1899999976158142,0.1899999976158142,0.1899999976158142,1461
2016-11-04,0.1899999976158142,0.1899999976158142,0.1899999976158142,0.1899999976158142,0.1899999976158142,5001
2016-11-07,0.1899999976158142,0.1899999976158142,0.1899999976158142,0.1899999976158142,0.1899999976158142,0
2016-11-08,0.1899999976158142,0.1899999976158142,0.1899999976158142,0.1899999976158142,0.1899999976158142,0
2016-11-09,0.1899999976158142,0.1899999976158142,0.1899999976158142,0.1899999976158142,0.1899999976158142,0
2016-11-10,0.1899999976158142,0.1899999976158142,0.1899999976158142,0.1899999976158142,0.1899999976158142,0
2016-11-11,0.1899999976158142,0.1899999976158142,0.1899999976158142,0.1899999976158142,0.1899999976158142,0
2016-11-15,0.1899999976158142,0.1899999976158142,0.1899999976158142,0.1899999976158142,0.1899999976158142,0
2016-11-16,0.1899999976158142,0.1899999976158142,0.1899999976158142,0.1899999976158142,0.1899999976158142,0
2016-11-17,0.1899999976158142,0.1899999976158142,0.1899999976158142,0.1899999976158142,0.1899999976158142,0
2016-11-18,0.1899999976158142,0.1899999976158142,0.1899999976158142,0.1899999976158142,0.1899999976158142,232
2016-11-21,0.1899999976158142,0.1899999976158142,0.1899999976158142,0.1899999976158142,0.1899999976158142,13000
2016-11-22,0.1899999976158142,0.1899999976158142,0.1899999976158142,0.1899999976158142,0.1899999976158142,0
2016-11-23,0.1899999976158142,0.1899999976158142,0.1899999976158142,0.1899999976158142,0.1899999976158142,0
2016-11-24,0.1899999976158142,0.1899999976158142,0.1899999976158142,0.1899999976158142,0.1899999976158142,0
2016-11-25,0.1899999976158142,0.1899999976158142,0.1899999976158142,0.1899999976158142,0.1899999976158142,480
2016-11-28,0.1899999976158142,0.1899999976158142,0.1899999976158142,0.1899999976158142,0.1899999976158142,500
2016-11-29,0.1899999976158142,0.1899999976158142,0.1899999976158142,0.1899999976158142,0.1899999976158142,0
2016-11-30,0.1899999976158142,0.1899999976158142,0.1899999976158142,0.1899999976158142,0.1899999976158142,10000
2016-12-01,0.1899999976158142,0.1899999976158142,0.1899999976158142,0.1899999976158142,0.1899999976158142,22000
2016-12-02,0.1899999976158142,0.1899999976158142,0.1899999976158142,0.1899999976158142,0.1899999976158142,2000
2016-12-05,0.1899999976158142,0.1899999976158142,0.1899999976158142,0.1899999976158142,0.1899999976158142,31000
2016-12-06,0.1899999976158142,0.1899999976158142,0.1899999976158142,0.1899999976158142,0.1899999976158142,0
2016-12-07,0.1899999976158142,0.1899999976158142,0.1899999976158142,0.1899999976158142,0.1899999976158142,0
2016-12-08,0.1899999976158142,0.1899999976158142,0.1899999976158142,0.1899999976158142,0.1899999976158142,0
2016-12-09,0.1899999976158142,0.1899999976158142,0.1899999976158142,0.1899999976158142,0.1899999976158142,5400
2016-12-12,0.1899999976158142,0.1899999976158142,0.1899999976158142,0.1899999976158142,0.1899999976158142,0
2016-12-13,0.1899999976158142,0.1899999976158142,0.1899999976158142,0.1899999976158142,0.1899999976158142,5000
2016-12-14,0.1899999976158142,0.1899999976158142,0.1899999976158142,0.1899999976158142,0.1899999976158142,430
2016-12-15,0.1899999976158142,0.1899999976158142,0.1899999976158142,0.1899999976158142,0.1899999976158142,3000
2016-12-16,0.1899999976158142,0.1899999976158142,0.1899999976158142,0.1899999976158142,0.1899999976158142,0
2016-12-19,0.1899999976158142,0.1899999976158142,0.1899999976158142,0.1899999976158142,0.1899999976158142,80200
2016-12-20,0.1899999976158142,0.1899999976158142,0.1899999976158142,0.1899999976158142,0.1899999976158142,0
2016-12-21,0.1899999976158142,0.1899999976158142,0.1899999976158142,0.1899999976158142,0.1899999976158142,1000
2016-12-22,0.1899999976158142,0.1899999976158142,0.1899999976158142,0.1899999976158142,0.1899999976158142,0
2016-12-23,0.1899999976158142,0.1899999976158142,0.1899999976158142,0.1899999976158142,0.1899999976158142,0
2016-12-26,0.1899999976158142,0.1899999976158142,0.1899999976158142,0.1899999976158142,0.1899999976158142,500
2016-12-27,0.1899999976158142,0.1899999976158142,0.1899999976158142,0.1899999976158142,0.1899999976158142,0
2016-12-28,0.1899999976158142,0.1899999976158142,0.1899999976158142,0.1899999976158142,0.1899999976158142,25000
2016-12-29,0.1899999976158142,0.1899999976158142,0.1899999976158142,0.1899999976158142,0.1899999976158142,0
2016-12-30,0.1899999976158142,0.1899999976158142,0.1899999976158142,0.1899999976158142,0.1899999976158142,50000
2017-01-02,0.1899999976158142,0.1899999976158142,0.1899999976158142,0.1899999976158142,0.1899999976158142,25000
2017-01-03,0.1899999976158142,0.1899999976158142,0.1899999976158142,0.1899999976158142,0.1899999976158142,6000
2017-01-04,0.1899999976158142,0.1899999976158142,0.1899999976158142,0.1899999976158142,0.1899999976158142,0
2017-01-05,0.1899999976158142,0.1899999976158142,0.1899999976158142,0.1899999976158142,0.1899999976158142,1020
2017-01-06,0.1899999976158142,0.1899999976158142,0.1899999976158142,0.1899999976158142,0.1899999976158142,0
2017-01-09,0.1899999976158142,0.1899999976158142,0.1899999976158142,0.1899999976158142,0.1899999976158142,400
2017-01-10,0.1899999976158142,0.1899999976158142,0.1899999976158142,0.1899999976158142,0.1899999976158142,118825
2017-01-11,0.1899999976158142,0.1899999976158142,0.1899999976158142,0.1899999976158142,0.1899999976158142,300
2017-01-12,0.1899999976158142,0.1899999976158142,0.1899999976158142,0.1899999976158142,0.1899999976158142,312781
2017-01-13,0.1899999976158142,0.1899999976158142,0.1899999976158142,0.1899999976158142,0.1899999976158142,71000
2017-01-16,0.1899999976158142,0.1899999976158142,0.1899999976158142,0.1899999976158142,0.1899999976158142,2000
2017-01-17,0.1899999976158142,0.1899999976158142,0.1899999976158142,0.1899999976158142,0.1899999976158142,0
2017-01-18,0.1899999976158142,0.1899999976158142,0.1899999976158142,0.1899999976158142,0.1899999976158142,0
2017-01-19,0.1899999976158142,0.1899999976158142,0.1899999976158142,0.1899999976158142,0.1899999976158142,114406
2017-01-20,0.20000000298023224,0.20000000298023224,0.1899999976158142,0.1899999976158142,0.1899999976158142,6062
2017-01-23,0.1899999976158142,0.1899999976158142,0.1899999976158142,0.1899999976158142,0.1899999976158142,40000
2017-01-24,0.1899999976158142,0.1899999976158142,0.1899999976158142,0.1899999976158142,0.1899999976158142,190500
2017-01-25,0.1899999976158142,0.1899999976158142,0.1899999976158142,0.1899999976158142,0.1899999976158142,105000
2017-01-27,0.1899999976158142,0.1899999976158142,0.1899999976158142,0.1899999976158142,0.1899999976158142,0
2017-01-30,0.1899999976158142,0.1899999976158142,0.1899999976158142,0.1899999976158142,0.1899999976158142,0
2017-01-31,0.1899999976158142,0.1899999976158142,0.1899999976158142,0.1899999976158142,0.1899999976158142,100001
2017-02-01,0.1899999976158142,0.1899999976158142,0.1899999976158142,0.1899999976158142,0.1899999976158142,100000
2017-02-02,0.1899999976158142,0.1899999976158142,0.1899999976158142,0.1899999976158142,0.1899999976158142,0
2017-02-03,0.1899999976158142,0.1899999976158142,0.1899999976158142,0.1899999976158142,0.1899999976158142,0
2017-02-06,0.1899999976158142,0.1899999976158142,0.1899999976158142,0.1899999976158142,0.1899999976158142,0
2017-02-07,0.1899999976158142,0.1899999976158142,0.1899999976158142,0.1899999976158142,0.1899999976158142,0
2017-02-08,0.1899999976158142,0.20000000298023224,0.1899999976158142,0.20000000298023224,0.20000000298023224,2225
2017-02-09,0.1899999976158142,0.1899999976158142,0.1899999976158142,0.1899999976158142,0.1899999976158142,14163
2017-02-10,0.1899999976158142,0.1899999976158142,0.1899999976158142,0.1899999976158142,0.1899999976158142,100401
2017-02-13,0.1899999976158142,0.1899999976158142,0.1899999976158142,0.1899999976158142,0.1899999976158142,0
2017-02-14,0.1899999976158142,0.1899999976158142,0.1899999976158142,0.1899999976158142,0.1899999976158142,0
2017-02-15,0.1899999976158142,0.1899999976158142,0.1899999976158142,0.1899999976158142,0.1899999976158142,0
2017-02-16,0.1899999976158142,0.1899999976158142,0.1899999976158142,0.1899999976158142,0.1899999976158142,101200
2017-02-17,0.1899999976158142,0.1899999976158142,0.1899999976158142,0.1899999976158142,0.1899999976158142,500
2017-02-20,0.1899999976158142,0.1899999976158142,0.1899999976158142,0.1899999976158142,0.1899999976158142,200800
2017-02-21,0.1899999976158142,0.1899999976158142,0.1899999976158142,0.1899999976158142,0.1899999976158142,0
2017-02-22,0.1899999976158142,0.1899999976158142,0.1899999976158142,0.1899999976158142,0.1899999976158142,111
2017-02-23,0.1899999976158142,0.1899999976158142,0.1899999976158142,0.1899999976158142,0.1899999976158142,0
2017-02-27,0.1899999976158142,0.1899999976158142,0.1899999976158142,0.1899999976158142,0.1899999976158142,1005
2017-02-28,0.1899999976158142,0.1899999976158142,0.1899999976158142,0.1899999976158142,0.1899999976158142,0
2017-03-01,0.1899999976158142,0.1899999976158142,0.1899999976158142,0.1899999976158142,0.1899999976158142,0
2017-03-02,0.1899999976158142,0.1899999976158142,0.1899999976158142,0.1899999976158142,0.1899999976158142,111
2017-03-03,0.1899999976158142,0.1899999976158142,0.1899999976158142,0.1899999976158142,0.1899999976158142,138200
2017-03-06,0.1899999976158142,0.1899999976158142,0.1899999976158142,0.1899999976158142,0.1899999976158142,1001
2017-03-07,0.1899999976158142,0.1899999976158142,0.1899999976158142,0.1899999976158142,0.1899999976158142,0
2017-03-08,0.1899999976158142,0.1899999976158142,0.1899999976158142,0.1899999976158142,0.1899999976158142,0
2017-03-09,0.1899999976158142,0.1899999976158142,0.1899999976158142,0.1899999976158142,0.1899999976158142,0
2017-03-10,0.1899999976158142,0.1899999976158142,0.1899999976158142,0.1899999976158142,0.1899999976158142,100
2017-03-14,0.1899999976158142,0.1899999976158142,0.1899999976158142,0.1899999976158142,0.1899999976158142,0
2017-03-15,0.1899999976158142,0.1899999976158142,0.1899999976158142,0.1899999976158142,0.1899999976158142,10000
2017-03-16,0.1899999976158142,0.1899999976158142,0.1899999976158142,0.1899999976158142,0.1899999976158142,0
2017-03-17,0.1899999976158142,0.1899999976158142,0.1899999976158142,0.1899999976158142,0.1899999976158142,0
2017-03-20,0.1899999976158142,0.1899999976158142,0.1899999976158142,0.1899999976158142,0.1899999976158142,0
2017-03-21,0.1899999976158142,0.1899999976158142,0.1899999976158142,0.1899999976158142,0.1899999976158142,0
2017-03-22,0.1899999976158142,0.1899999976158142,0.1899999976158142,0.1899999976158142,0.1899999976158142,0
2017-03-23,0.1899999976158142,0.1899999976158142,0.1899999976158142,0.1899999976158142,0.1899999976158142,0
2017-03-24,0.1899999976158142,0.1899999976158142,0.1899999976158142,0.1899999976158142,0.1899999976158142,511
2017-03-27,0.1899999976158142,0.1899999976158142,0.1899999976158142,0.1899999976158142,0.1899999976158142,0
2017-03-28,0.1899999976158142,0.1899999976158142,0.1899999976158142,0.1899999976158142,0.1899999976158142,0
2017-03-29,0.1899999976158142,0.1899999976158142,0.1899999976158142,0.1899999976158142,0.1899999976158142,111
2017-03-30,0.1899999976158142,0.1899999976158142,0.1899999976158142,0.1899999976158142,0.1899999976158142,0
2017-03-31,0.1899999976158142,0.1899999976158142,0.1899999976158142,0.1899999976158142,0.1899999976158142,0
2017-04-03,0.1899999976158142,0.1899999976158142,0.1899999976158142,0.1899999976158142,0.1899999976158142,511
2017-04-05,0.1899999976158142,0.1899999976158142,0.1899999976158142,0.1899999976158142,0.1899999976158142,0
2017-04-06,0.1899999976158142,0.1899999976158142,0.1899999976158142,0.1899999976158142,0.1899999976158142,0
2017-04-07,0.1899999976158142,0.1899999976158142,0.1899999976158142,0.1899999976158142,0.1899999976158142,0
2017-04-10,0.1899999976158142,0.1899999976158142,0.1899999976158142,0.1899999976158142,0.1899999976158142,151
2017-04-11,0.1899999976158142,0.1899999976158142,0.1899999976158142,0.1899999976158142,0.1899999976158142,0
2017-04-12,0.1899999976158142,0.1899999976158142,0.1899999976158142,0.1899999976158142,0.1899999976158142,4311
2017-04-13,0.1899999976158142,0.1899999976158142,0.1899999976158142,0.1899999976158142,0.1899999976158142,0
2017-04-17,0.1899999976158142,0.1899999976158142,0.1899999976158142,0.1899999976158142,0.1899999976158142,0
2017-04-18,0.1899999976158142,0.1899999976158142,0.1899999976158142,0.1899999976158142,0.1899999976158142,0
2017-04-19,0.1899999976158142,0.1899999976158142,0.1899999976158142,0.1899999976158142,0.1899999976158142,2000
2017-04-20,0.1899999976158142,0.1899999976158142,0.1899999976158142,0.1899999976158142,0.1899999976158142,2000
2017-04-21,0.1899999976158142,0.1899999976158142,0.1899999976158142,0.1899999976158142,0.1899999976158142,4500
2017-04-24,0.1899999976158142,0.1899999976158142,0.1899999976158142,0.1899999976158142,0.1899999976158142,7389
2017-04-25,0.1899999976158142,0.1899999976158142,0.1899999976158142,0.1899999976158142,0.1899999976158142,100
2017-04-26,0.1899999976158142,0.1899999976158142,0.1899999976158142,0.1899999976158142,0.1899999976158142,0
2017-04-27,0.1899999976158142,0.1899999976158142,0.1899999976158142,0.1899999976158142,0.1899999976158142,0
2017-04-28,0.1899999976158142,0.1899999976158142,0.1899999976158142,0.1899999976158142,0.1899999976158142,0
2017-05-02,0.1899999976158142,0.1899999976158142,0.1899999976158142,0.1899999976158142,0.1899999976158142,0
2017-05-03,0.1899999976158142,0.1899999976158142,0.1899999976158142,0.1899999976158142,0.1899999976158142,0
2017-05-04,0.1899999976158142,0.1899999976158142,0.1899999976158142,0.1899999976158142,0.1899999976158142,0
2017-05-05,0.1899999976158142,0.1899999976158142,0.1899999976158142,0.1899999976158142,0.1899999976158142,0
2017-05-08,0.1899999976158142,0.1899999976158142,0.1899999976158142,0.1899999976158142,0.1899999976158142,0
2017-05-09,0.1899999976158142,0.1899999976158142,0.1899999976158142,0.1899999976158142,0.1899999976158142,0
2017-05-10,0.1899999976158142,0.1899999976158142,0.1899999976158142,0.1899999976158142,0.1899999976158142,250
2017-05-11,0.1899999976158142,0.1899999976158142,0.1899999976158142,0.1899999976158142,0.1899999976158142,0
2017-05-12,0.1899999976158142,0.1899999976158142,0.1899999976158142,0.1899999976158142,0.1899999976158142,0
2017-05-15,0.1899999976158142,0.1899999976158142,0.1899999976158142,0.1899999976158142,0.1899999976158142,2750
2017-05-16,0.1899999976158142,0.1899999976158142,0.1899999976158142,0.1899999976158142,0.1899999976158142,25000
2017-05-17,0.1899999976158142,0.1899999976158142,0.1899999976158142,0.1899999976158142,0.1899999976158142,611
2017-05-18,0.1899999976158142,0.1899999976158142,0.1899999976158142,0.1899999976158142,0.1899999976158142,111
2017-05-19,0.1899999976158142,0.1899999976158142,0.1899999976158142,0.1899999976158142,0.1899999976158142,0
2017-05-22,0.1899999976158142,0.1899999976158142,0.1899999976158142,0.1899999976158142,0.1899999976158142,1000
2017-05-23,0.1899999976158142,0.1899999976158142,0.1899999976158142,0.1899999976158142,0.1899999976158142,2221
2017-05-24,0.1899999976158142,0.1899999976158142,0.1899999976158142,0.1899999976158142,0.1899999976158142,0
2017-05-25,0.1899999976158142,0.1899999976158142,0.1899999976158142,0.1899999976158142,0.1899999976158142,500
2017-05-26,0.20000000298023224,0.20000000298023224,0.20000000298023224,0.20000000298023224,0.20000000298023224,11000
2017-05-29,0.20999999344348907,0.20999999344348907,0.20000000298023224,0.20000000298023224,0.20000000298023224,19000
2017-05-30,0.20000000298023224,0.20999999344348907,0.1899999976158142,0.20999999344348907,0.20999999344348907,13263
2017-05-31,0.2199999988079071,0.2199999988079071,0.20000000298023224,0.20999999344348907,0.20999999344348907,3270
2017-06-01,0.20999999344348907,0.20999999344348907,0.20999999344348907,0.20999999344348907,0.20999999344348907,5000
2017-06-02,0.20999999344348907,0.2199999988079071,0.20000000298023224,0.20999999344348907,0.20999999344348907,1923
2017-06-05,0.20000000298023224,0.20999999344348907,0.20000000298023224,0.20999999344348907,0.20999999344348907,400
2017-06-06,0.20000000298023224,0.20000000298023224,0.20000000298023224,0.20000000298023224,0.20000000298023224,350
2017-06-07,0.20000000298023224,0.20999999344348907,0.1899999976158142,0.20000000298023224,0.20000000298023224,45189
2017-06-08,0.20000000298023224,0.20000000298023224,0.20000000298023224,0.20000000298023224,0.20000000298023224,0
2017-06-09,0.20000000298023224,0.20999999344348907,0.20000000298023224,0.20999999344348907,0.20999999344348907,1111
2017-06-12,0.20999999344348907,0.20999999344348907,0.20999999344348907,0.20999999344348907,0.20999999344348907,500
2017-06-13,0.2199999988079071,0.2199999988079071,0.20000000298023224,0.2199999988079071,0.2199999988079071,27550
2017-06-14,0.23000000417232513,0.23000000417232513,0.23000000417232513,0.23000000417232513,0.23000000417232513,7000
2017-06-15,0.23999999463558197,0.23999999463558197,0.23000000417232513,0.23000000417232513,0.23000000417232513,2300
2017-06-16,0.23000000417232513,0.23000000417232513,0.23000000417232513,0.23000000417232513,0.23000000417232513,0
2017-06-19,0.23000000417232513,0.23000000417232513,0.23000000417232513,0.23000000417232513,0.23000000417232513,0
2017-06-20,0.23000000417232513,0.23000000417232513,0.23000000417232513,0.23000000417232513,0.23000000417232513,0
2017-06-21,0.23000000417232513,0.23000000417232513,0.23000000417232513,0.23000000417232513,0.23000000417232513,0
2017-06-22,0.23000000417232513,0.23000000417232513,0.23000000417232513,0.23000000417232513,0.23000000417232513,0
2017-06-23,0.23000000417232513,0.23000000417232513,0.23000000417232513,0.23000000417232513,0.23000000417232513,0
2017-06-27,0.23000000417232513,0.23000000417232513,0.23000000417232513,0.23000000417232513,0.23000000417232513,0
2017-06-28,0.23000000417232513,0.23000000417232513,0.23000000417232513,0.23000000417232513,0.23000000417232513,0
2017-06-29,0.23000000417232513,0.23999999463558197,0.23000000417232513,0.23999999463558197,0.23999999463558197,151
2017-06-30,0.23999999463558197,0.23999999463558197,0.23999999463558197,0.23999999463558197,0.23999999463558197,0
2017-07-03,0.23999999463558197,0.23999999463558197,0.23999999463558197,0.23999999463558197,0.23999999463558197,0
2017-07-04,0.23999999463558197,0.23999999463558197,0.23999999463558197,0.23999999463558197,0.23999999463558197,0
2017-07-05,0.23999999463558197,0.23999999463558197,0.23999999463558197,0.23999999463558197,0.23999999463558197,0
2017-07-06,0.23999999463558197,0.23999999463558197,0.23999999463558197,0.23999999463558197,0.23999999463558197,0
2017-07-07,0.23999999463558197,0.23999999463558197,0.23999999463558197,0.23999999463558197,0.23999999463558197,0
2017-07-10,0.23999999463558197,0.23999999463558197,0.23999999463558197,0.23999999463558197,0.23999999463558197,0
2017-07-11,0.23999999463558197,0.23999999463558197,0.23999999463558197,0.23999999463558197,0.23999999463558197,0
2017-07-12,0.23999999463558197,0.23999999463558197,0.23999999463558197,0.23999999463558197,0.23999999463558197,0
2017-07-13,0.23999999463558197,0.23999999463558197,0.23999999463558197,0.23999999463558197,0.23999999463558197,0
2017-07-14,0.23999999463558197,0.23999999463558197,0.23999999463558197,0.23999999463558197,0.23999999463558197,0
2017-07-17,0.23999999463558197,0.23999999463558197,0.23999999463558197,0.23999999463558197,0.23999999463558197,0
2017-07-18,0.23999999463558197,0.23999999463558197,0.23999999463558197,0.23999999463558197,0.23999999463558197,0
2017-07-19,0.23999999463558197,0.23999999463558197,0.23999999463558197,0.23999999463558197,0.23999999463558197,100
2017-07-20,0.23000000417232513,0.23000000417232513,0.23000000417232513,0.23000000417232513,0.23000000417232513,5100
2017-07-21,0.23000000417232513,0.23000000417232513,0.23000000417232513,0.23000000417232513,0.23000000417232513,8548
2017-07-24,0.2199999988079071,0.23999999463558197,0.2199999988079071,0.23999999463558197,0.23999999463558197,16450
2017-07-25,0.23999999463558197,0.23999999463558197,0.23999999463558197,0.23999999463558197,0.23999999463558197,10000
2017-07-26,0.23999999463558197,0.23999999463558197,0.23999999463558197,0.23999999463558197,0.23999999463558197,19876
2017-07-27,0.23999999463558197,0.23999999463558197,0.23999999463558197,0.23999999463558197,0.23999999463558197,0
2017-07-28,0.23999999463558197,0.23999999463558197,0.23999999463558197,0.23999999463558197,0.23999999463558197,0
2017-07-31,0.23999999463558197,0.23999999463558197,0.23999999463558197,0.23999999463558197,0.23999999463558197,168
2017-08-01,0.23999999463558197,0.23999999463558197,0.23999999463558197,0.23999999463558197,0.23999999463558197,0
2017-08-02,0.23999999463558197,0.23999999463558197,0.23999999463558197,0.23999999463558197,0.23999999463558197,200
2017-08-03,0.23999999463558197,0.23999999463558197,0.23999999463558197,0.23999999463558197,0.23999999463558197,0
2017-08-04,0.23999999463558197,0.23999999463558197,0.23999999463558197,0.23999999463558197,0.23999999463558197,0
2017-08-07,0.23999999463558197,0.23999999463558197,0.23999999463558197,0.23999999463558197,0.23999999463558197,85000
2017-08-08,0.23999999463558197,0.23999999463558197,0.23999999463558197,0.23999999463558197,0.23999999463558197,0
2017-08-09,0.23999999463558197,0.23999999463558197,0.23999999463558197,0.23999999463558197,0.23999999463558197,0
2017-08-10,0.23999999463558197,0.23999999463558197,0.23999999463558197,0.23999999463558197,0.23999999463558197,0
2017-08-11,0.23999999463558197,0.23999999463558197,0.23999999463558197,0.23999999463558197,0.23999999463558197,0
2017-08-14,0.23999999463558197,0.23999999463558197,0.23999999463558197,0.23999999463558197,0.23999999463558197,0
2017-08-16,0.23999999463558197,0.23999999463558197,0.23999999463558197,0.23999999463558197,0.23999999463558197,0
2017-08-17,0.23999999463558197,0.23999999463558197,0.23999999463558197,0.23999999463558197,0.23999999463558197,0
2017-08-18,0.23999999463558197,0.23999999463558197,0.23999999463558197,0.23999999463558197,0.23999999463558197,0
2017-08-21,0.23999999463558197,0.23999999463558197,0.23999999463558197,0.23999999463558197,0.23999999463558197,0
2017-08-22,0.23999999463558197,0.23999999463558197,0.23999999463558197,0.23999999463558197,0.23999999463558197,0
2017-08-23,0.23999999463558197,0.23999999463558197,0.23999999463558197,0.23999999463558197,0.23999999463558197,0
2017-08-24,0.23999999463558197,0.23999999463558197,0.23999999463558197,0.23999999463558197,0.23999999463558197,0
2017-08-28,0.23999999463558197,0.23999999463558197,0.23999999463558197,0.23999999463558197,0.23999999463558197,0
2017-08-29,0.23999999463558197,0.23999999463558197,0.23999999463558197,0.23999999463558197,0.23999999463558197,0
2017-08-30,0.23999999463558197,0.23999999463558197,0.23999999463558197,0.23999999463558197,0.23999999463558197,0
2017-08-31,0.23999999463558197,0.23999999463558197,0.23999999463558197,0.23999999463558197,0.23999999463558197,0
2017-09-01,0.23999999463558197,0.23999999463558197,0.23999999463558197,0.23999999463558197,0.23999999463558197,0
2017-09-04,0.23999999463558197,0.23999999463558197,0.23999999463558197,0.23999999463558197,0.23999999463558197,0
2017-09-05,0.23999999463558197,0.23999999463558197,0.23999999463558197,0.23999999463558197,0.23999999463558197,0
2017-09-06,0.23999999463558197,0.23999999463558197,0.23999999463558197,0.23999999463558197,0.23999999463558197,0
2017-09-07,0.23999999463558197,0.23999999463558197,0.23999999463558197,0.23999999463558197,0.23999999463558197,0
2017-09-08,0.23999999463558197,0.23999999463558197,0.23999999463558197,0.23999999463558197,0.23999999463558197,0
2017-09-11,0.23999999463558197,0.23999999463558197,0.23999999463558197,0.23999999463558197,0.23999999463558197,0
2017-09-12,0.23999999463558197,0.23999999463558197,0.23999999463558197,0.23999999463558197,0.23999999463558197,0
2017-09-13,0.23999999463558197,0.23999999463558197,0.23999999463558197,0.23999999463558197,0.23999999463558197,0
2017-09-14,0.23999999463558197,0.23999999463558197,0.23999999463558197,0.23999999463558197,0.23999999463558197,0
2017-09-15,0.23999999463558197,0.23999999463558197,0.23999999463558197,0.23999999463558197,0.23999999463558197,0
2017-09-18,0.23999999463558197,0.23999999463558197,0.23999999463558197,0.23999999463558197,0.23999999463558197,0
2017-09-19,0.23999999463558197,0.23999999463558197,0.23999999463558197,0.23999999463558197,0.23999999463558197,0
2017-09-20,0.23999999463558197,0.23999999463558197,0.23999999463558197,0.23999999463558197,0.23999999463558197,0
2017-09-21,0.23999999463558197,0.23999999463558197,0.23999999463558197,0.23999999463558197,0.23999999463558197,0
2017-09-22,0.23999999463558197,0.23999999463558197,0.23999999463558197,0.23999999463558197,0.23999999463558197,0
2017-09-25,0.23999999463558197,0.23999999463558197,0.23999999463558197,0.23999999463558197,0.23999999463558197,0
2017-09-26,0.23999999463558197,0.23999999463558197,0.23999999463558197,0.23999999463558197,0.23999999463558197,0
2017-09-27,0.23999999463558197,0.23999999463558197,0.23999999463558197,0.23999999463558197,0.23999999463558197,0
2017-09-28,0.23999999463558197,0.23999999463558197,0.23999999463558197,0.23999999463558197,0.23999999463558197,0
2017-09-29,0.23999999463558197,0.23999999463558197,0.23999999463558197,0.23999999463558197,0.23999999463558197,0
2017-10-03,0.23999999463558197,0.23999999463558197,0.23999999463558197,0.23999999463558197,0.23999999463558197,0
2017-10-04,0.23999999463558197,0.23999999463558197,0.23999999463558197,0.23999999463558197,0.23999999463558197,0
2017-10-05,0.23999999463558197,0.23999999463558197,0.23999999463558197,0.23999999463558197,0.23999999463558197,0
2017-10-06,0.23999999463558197,0.23999999463558197,0.23999999463558197,0.23999999463558197,0.23999999463558197,0
2017-10-09,0.23999999463558197,0.23999999463558197,0.23999999463558197,0.23999999463558197,0.23999999463558197,5000
2017-10-10,0.23999999463558197,0.23999999463558197,0.23999999463558197,0.23999999463558197,0.23999999463558197,0
2017-10-11,0.23000000417232513,0.23000000417232513,0.23000000417232513,0.23000000417232513,0.23000000417232513,500
2017-10-12,0.23000000417232513,0.23000000417232513,0.23000000417232513,0.23000000417232513,0.23000000417232513,0
2017-10-13,0.23000000417232513,0.23000000417232513,0.23000000417232513,0.23000000417232513,0.23000000417232513,0
2017-10-16,0.23000000417232513,0.23000000417232513,0.23000000417232513,0.23000000417232513,0.23000000417232513,0
2017-10-17,0.23000000417232513,0.23000000417232513,0.23000000417232513,0.23000000417232513,0.23000000417232513,0
2017-10-18,0.23000000417232513,0.23000000417232513,0.23000000417232513,0.23000000417232513,0.23000000417232513,0
2017-10-19,0.23000000417232513,0.23000000417232513,0.23000000417232513,0.23000000417232513,0.23000000417232513,0
2017-10-23,0.23000000417232513,0.23999999463558197,0.23000000417232513,0.23999999463558197,0.23999999463558197,2000
2017-10-24,0.23999999463558197,0.23999999463558197,0.23999999463558197,0.23999999463558197,0.23999999463558197,54
2017-10-25,0.23000000417232513,0.23000000417232513,0.23000000417232513,0.23000000417232513,0.23000000417232513,1000
2017-10-26,0.23000000417232513,0.23999999463558197,0.2199999988079071,0.2199999988079071,0.2199999988079071,14767
2017-10-27,0.2199999988079071,0.2199999988079071,0.20999999344348907,0.2199999988079071,0.2199999988079071,17010
2017-10-30,0.2199999988079071,0.2199999988079071,0.2199999988079071,0.2199999988079071,0.2199999988079071,0
2017-10-31,0.2199999988079071,0.2199999988079071,0.2199999988079071,0.2199999988079071,0.2199999988079071,10
2017-11-01,0.2199999988079071,0.2199999988079071,0.2199999988079071,0.2199999988079071,0.2199999988079071,2684
2017-11-02,0.2199999988079071,0.2199999988079071,0.20999999344348907,0.2199999988079071,0.2199999988079071,11742
2017-11-03,0.23000000417232513,0.23000000417232513,0.23000000417232513,0.23000000417232513,0.23000000417232513,5
2017-11-06,0.2199999988079071,0.2199999988079071,0.2199999988079071,0.2199999988079071,0.2199999988079071,4
2017-11-07,0.2199999988079071,0.2199999988079071,0.2199999988079071,0.2199999988079071,0.2199999988079071,0
2017-11-08,0.2199999988079071,0.2199999988079071,0.2199999988079071,0.2199999988079071,0.2199999988079071,1000
2017-11-09,0.2199999988079071,0.2199999988079071,0.2199999988079071,0.2199999988079071,0.2199999988079071,3000
2017-11-10,0.2199999988079071,0.2199999988079071,0.2199999988079071,0.2199999988079071,0.2199999988079071,0
2017-11-13,0.2199999988079071,0.2199999988079071,0.2199999988079071,0.2199999988079071,0.2199999988079071,11301
2017-11-14,0.2199999988079071,0.2199999988079071,0.2199999988079071,0.2199999988079071,0.2199999988079071,15100
2017-11-15,0.2199999988079071,0.2199999988079071,0.2199999988079071,0.2199999988079071,0.2199999988079071,0
2017-11-16,0.2199999988079071,0.2199999988079071,0.2199999988079071,0.2199999988079071,0.2199999988079071,0
2017-11-17,0.2199999988079071,0.2199999988079071,0.2199999988079071,0.2199999988079071,0.2199999988079071,0
2017-11-20,0.20999999344348907,0.23000000417232513,0.20999999344348907,0.23000000417232513,0.23000000417232513,21502
2017-11-21,0.23000000417232513,0.23999999463558197,0.23000000417232513,0.23999999463558197,0.23999999463558197,22023
2017-11-22,0.25,0.25,0.23999999463558197,0.25,0.25,30395
2017-11-23,0.25999999046325684,0.25999999046325684,0.25999999046325684,0.25999999046325684,0.25999999046325684,5202
2017-11-24,0.27000001072883606,0.27000001072883606,0.25999999046325684,0.27000001072883606,0.27000001072883606,13020
2017-11-27,0.2800000011920929,0.2800000011920929,0.2800000011920929,0.2800000011920929,0.2800000011920929,55379
2017-11-28,0.28999999165534973,0.28999999165534973,0.28999999165534973,0.28999999165534973,0.28999999165534973,28489
2017-11-29,0.30000001192092896,0.30000001192092896,0.30000001192092896,0.30000001192092896,0.30000001192092896,1000
2017-11-30,0.3100000023841858,0.3100000023841858,0.3100000023841858,0.3100000023841858,0.3100000023841858,37000
2017-12-01,0.3199999928474426,0.3199999928474426,0.3199999928474426,0.3199999928474426,0.3199999928474426,35655
2017-12-04,0.33000001311302185,0.33000001311302185,0.33000001311302185,0.33000001311302185,0.33000001311302185,66830
2017-12-05,0.3400000035762787,0.3400000035762787,0.3400000035762787,0.3400000035762787,0.3400000035762787,4086
2017-12-06,0.3499999940395355,0.3499999940395355,0.3499999940395355,0.3499999940395355,0.3499999940395355,15700
2017-12-07,0.3499999940395355,0.3499999940395355,0.3499999940395355,0.3499999940395355,0.3499999940395355,0
2017-12-08,0.3700000047683716,0.3700000047683716,0.3700000047683716,0.3700000047683716,0.3700000047683716,1127
2017-12-11,0.3799999952316284,0.3799999952316284,0.36000001430511475,0.3799999952316284,0.3799999952316284,83742
2017-12-12,0.38999998569488525,0.38999998569488525,0.38999998569488525,0.38999998569488525,0.38999998569488525,96920
2017-12-13,0.4000000059604645,0.4000000059604645,0.3799999952316284,0.3799999952316284,0.3799999952316284,92049
2017-12-14,0.3700000047683716,0.3700000047683716,0.3700000047683716,0.3700000047683716,0.3700000047683716,6501
2017-12-15,0.36000001430511475,0.36000001430511475,0.36000001430511475,0.36000001430511475,0.36000001430511475,10100
2017-12-18,0.3499999940395355,0.3499999940395355,0.3499999940395355,0.3499999940395355,0.3499999940395355,22000
2017-12-19,0.3499999940395355,0.3499999940395355,0.3499999940395355,0.3499999940395355,0.3499999940395355,0
2017-12-20,0.33000001311302185,0.3499999940395355,0.33000001311302185,0.3499999940395355,0.3499999940395355,36940
2017-12-21,0.3400000035762787,0.36000001430511475,0.3400000035762787,0.36000001430511475,0.36000001430511475,69530
2017-12-22,0.3700000047683716,0.3700000047683716,0.36000001430511475,0.3700000047683716,0.3700000047683716,15500
2017-12-26,0.3700000047683716,0.3799999952316284,0.3700000047683716,0.3799999952316284,0.3799999952316284,19510
2017-12-27,0.38999998569488525,0.38999998569488525,0.38999998569488525,0.38999998569488525,0.38999998569488525,3600
2017-12-28,0.38999998569488525,0.4000000059604645,0.3799999952316284,0.4000000059604645,0.4000000059604645,17111
2017-12-29,0.4000000059604645,0.4000000059604645,0.4000000059604645,0.4000000059604645,0.4000000059604645,15200
2018-01-01,0.41999998688697815,0.41999998688697815,0.4000000059604645,0.41999998688697815,0.41999998688697815,33957
2018-01-02,0.4399999976158142,0.4399999976158142,0.41999998688697815,0.4399999976158142,0.4399999976158142,34738
2018-01-03,0.46000000834465027,0.46000000834465027,0.4399999976158142,0.46000000834465027,0.46000000834465027,19409
2018-01-04,0.46000000834465027,0.47999998927116394,0.4399999976158142,0.44999998807907104,0.44999998807907104,251780
2018-01-05,0.4699999988079071,0.4699999988079071,0.4300000071525574,0.44999998807907104,0.44999998807907104,47971
2018-01-08,0.4699999988079071,0.4699999988079071,0.4300000071525574,0.46000000834465027,0.46000000834465027,15808
2018-01-09,0.47999998927116394,0.47999998927116394,0.4399999976158142,0.47999998927116394,0.47999998927116394,133023
2018-01-10,0.47999998927116394,0.5,0.46000000834465027,0.46000000834465027,0.46000000834465027,119702
2018-01-11,0.47999998927116394,0.47999998927116394,0.4399999976158142,0.4399999976158142,0.4399999976158142,30900
2018-01-12,0.46000000834465027,0.46000000834465027,0.4399999976158142,0.44999998807907104,0.44999998807907104,9283
2018-01-15,0.4699999988079071,0.4699999988079071,0.4300000071525574,0.4300000071525574,0.4300000071525574,30100
2018-01-16,0.44999998807907104,0.44999998807907104,0.4099999964237213,0.4099999964237213,0.4099999964237213,122301
2018-01-17,0.4300000071525574,0.4300000071525574,0.38999998569488525,0.38999998569488525,0.38999998569488525,12900
2018-01-18,0.3799999952316284,0.3799999952316284,0.3799999952316284,0.3799999952316284,0.3799999952316284,100200
2018-01-19,0.3700000047683716,0.3700000047683716,0.3700000047683716,0.3700000047683716,0.3700000047683716,12000
2018-01-22,0.3799999952316284,0.3799999952316284,0.36000001430511475,0.36000001430511475,0.36000001430511475,30190
2018-01-23,0.3499999940395355,0.3499999940395355,0.3499999940395355,0.3499999940395355,0.3499999940395355,6200
2018-01-24,0.3400000035762787,0.3400000035762787,0.3400000035762787,0.3400000035762787,0.3400000035762787,10200
2018-01-25,0.33000001311302185,0.33000001311302185,0.33000001311302185,0.33000001311302185,0.33000001311302185,20605
2018-01-29,0.3199999928474426,0.3199999928474426,0.3199999928474426,0.3199999928474426,0.3199999928474426,6520
2018-01-30,0.3199999928474426,0.3199999928474426,0.3199999928474426,0.3199999928474426,0.3199999928474426,0
2018-01-31,0.3199999928474426,0.3199999928474426,0.3199999928474426,0.3199999928474426,0.3199999928474426,0
2018-02-01,0.30000001192092896,0.30000001192092896,0.30000001192092896,0.30000001192092896,0.30000001192092896,21000
2018-02-02,0.30000001192092896,0.30000001192092896,0.30000001192092896,0.30000001192092896,0.30000001192092896,0
2018-02-05,0.28999999165534973,0.28999999165534973,0.28999999165534973,0.28999999165534973,0.28999999165534973,2551
2018-02-06,0.28999999165534973,0.28999999165534973,0.28999999165534973,0.28999999165534973,0.28999999165534973,0
2018-02-07,0.2800000011920929,0.2800000011920929,0.2800000011920929,0.2800000011920929,0.2800000011920929,11954
2018-02-08,0.2800000011920929,0.2800000011920929,0.27000001072883606,0.27000001072883606,0.27000001072883606,5000
2018-02-09,0.25999999046325684,0.25999999046325684,0.25999999046325684,0.25999999046325684,0.25999999046325684,2519
2018-02-12,0.25,0.25,0.25,0.25,0.25,17458
2018-02-14,0.23999999463558197,0.23999999463558197,0.23999999463558197,0.23999999463558197,0.23999999463558197,7102
2018-02-15,0.23999999463558197,0.23999999463558197,0.23000000417232513,0.23000000417232513,0.23000000417232513,20001
2018-02-16,0.2199999988079071,0.2199999988079071,0.2199999988079071,0.2199999988079071,0.2199999988079071,51501
2018-02-19,0.20999999344348907,0.20999999344348907,0.20999999344348907,0.20999999344348907,0.20999999344348907,26179
2018-02-20,0.20000000298023224,0.20000000298023224,0.20000000298023224,0.20000000298023224,0.20000000298023224,69975
2018-02-21,0.20000000298023224,0.20000000298023224,0.1899999976158142,0.1899999976158142,0.1899999976158142,91001
2018-02-22,0.1899999976158142,0.1899999976158142,0.1899999976158142,0.1899999976158142,0.1899999976158142,109912
2018-02-23,0.1899999976158142,0.1899999976158142,0.1899999976158142,0.1899999976158142,0.1899999976158142,4951
2018-02-26,0.1899999976158142,0.1899999976158142,0.1899999976158142,0.1899999976158142,0.1899999976158142,84500
2018-02-27,0.1899999976158142,0.1899999976158142,0.1899999976158142,0.1899999976158142,0.1899999976158142,3000
2018-02-28,0.1899999976158142,0.1899999976158142,0.1899999976158142,0.1899999976158142,0.1899999976158142,54104
2018-03-01,0.1899999976158142,0.1899999976158142,0.1899999976158142,0.1899999976158142,0.1899999976158142,13100
2018-03-05,0.1899999976158142,0.1899999976158142,0.1899999976158142,0.1899999976158142,0.1899999976158142,31516
2018-03-06,0.1899999976158142,0.1899999976158142,0.1899999976158142,0.1899999976158142,0.1899999976158142,3221
2018-03-07,0.1899999976158142,0.1899999976158142,0.1899999976158142,0.1899999976158142,0.1899999976158142,5844
2018-03-08,0.1899999976158142,0.1899999976158142,0.1899999976158142,0.1899999976158142,0.1899999976158142,1308
2018-03-09,0.1899999976158142,0.1899999976158142,0.1899999976158142,0.1899999976158142,0.1899999976158142,0
2018-03-12,0.1899999976158142,0.1899999976158142,0.1899999976158142,0.1899999976158142,0.1899999976158142,0
2018-03-13,0.1899999976158142,0.1899999976158142,0.1899999976158142,0.1899999976158142,0.1899999976158142,0
2018-03-14,0.1899999976158142,0.1899999976158142,0.1899999976158142,0.1899999976158142,0.1899999976158142,6000
2018-03-15,0.1899999976158142,0.1899999976158142,0.1899999976158142,0.1899999976158142,0.1899999976158142,100
2018-03-16,0.1899999976158142,0.1899999976158142,0.1899999976158142,0.1899999976158142,0.1899999976158142,1000
2018-03-19,0.1899999976158142,0.1899999976158142,0.1899999976158142,0.1899999976158142,0.1899999976158142,0
2018-03-20,0.1899999976158142,0.1899999976158142,0.1899999976158142,0.1899999976158142,0.1899999976158142,0
2018-03-21,0.1899999976158142,0.1899999976158142,0.1899999976158142,0.1899999976158142,0.1899999976158142,6250
2018-03-22,0.1899999976158142,0.1899999976158142,0.1899999976158142,0.1899999976158142,0.1899999976158142,0
2018-03-23,0.1899999976158142,0.1899999976158142,0.1899999976158142,0.1899999976158142,0.1899999976158142,0
2018-03-26,0.1899999976158142,0.1899999976158142,0.1899999976158142,0.1899999976158142,0.1899999976158142,781
2018-03-27,0.1899999976158142,0.1899999976158142,0.1899999976158142,0.1899999976158142,0.1899999976158142,145
2018-03-28,0.1899999976158142,0.1899999976158142,0.1899999976158142,0.1899999976158142,0.1899999976158142,1500
2018-04-02,0.1899999976158142,0.1899999976158142,0.1899999976158142,0.1899999976158142,0.1899999976158142,0
2018-04-03,0.1899999976158142,0.1899999976158142,0.1899999976158142,0.1899999976158142,0.1899999976158142,1
2018-04-04,0.1899999976158142,0.1899999976158142,0.1899999976158142,0.1899999976158142,0.1899999976158142,1000
2018-04-05,0.1899999976158142,0.1899999976158142,0.1899999976158142,0.1899999976158142,0.1899999976158142,22319
2018-04-06,0.1899999976158142,0.1899999976158142,0.1899999976158142,0.1899999976158142,0.1899999976158142,20308
2018-04-09,0.1899999976158142,0.1899999976158142,0.1899999976158142,0.1899999976158142,0.1899999976158142,357
2018-04-10,0.1899999976158142,0.20000000298023224,0.1899999976158142,0.20000000298023224,0.20000000298023224,7302
2018-04-11,0.20999999344348907,0.20999999344348907,0.20999999344348907,0.20999999344348907,0.20999999344348907,30125
2018-04-12,0.2199999988079071,0.2199999988079071,0.2199999988079071,0.2199999988079071,0.2199999988079071,49417
2018-04-13,0.2199999988079071,0.23000000417232513,0.2199999988079071,0.23000000417232513,0.23000000417232513,1308
2018-04-16,0.23000000417232513,0.23000000417232513,0.23000000417232513,0.23000000417232513,0.23000000417232513,0
2018-04-17,0.25,0.25,0.23999999463558197,0.25,0.25,17661
2018-04-18,0.25999999046325684,0.25999999046325684,0.25999999046325684,0.25999999046325684,0.25999999046325684,15387
2018-04-19,0.27000001072883606,0.27000001072883606,0.27000001072883606,0.27000001072883606,0.27000001072883606,11897
2018-04-20,0.2800000011920929,0.2800000011920929,0.27000001072883606,0.2800000011920929,0.2800000011920929,82951
2018-04-23,0.28999999165534973,0.28999999165534973,0.27000001072883606,0.27000001072883606,0.27000001072883606,65985
2018-04-24,0.25999999046325684,0.2800000011920929,0.25999999046325684,0.2800000011920929,0.2800000011920929,52957
2018-04-25,0.28999999165534973,0.28999999165534973,0.28999999165534973,0.28999999165534973,0.28999999165534973,1847
2018-04-26,0.30000001192092896,0.30000001192092896,0.28999999165534973,0.30000001192092896,0.30000001192092896,37232
2018-04-27,0.30000001192092896,0.30000001192092896,0.30000001192092896,0.30000001192092896,0.30000001192092896,1000
2018-04-30,0.30000001192092896,0.30000001192092896,0.30000001192092896,0.30000001192092896,0.30000001192092896,43723
2018-05-02,0.3100000023841858,0.3100000023841858,0.3100000023841858,0.3100000023841858,0.3100000023841858,8169
2018-05-03,0.30000001192092896,0.3199999928474426,0.30000001192092896,0.30000001192092896,0.30000001192092896,10282
2018-05-04,0.30000001192092896,0.3100000023841858,0.28999999165534973,0.3100000023841858,0.3100000023841858,100027
2018-05-07,0.3199999928474426,0.3199999928474426,0.30000001192092896,0.30000001192092896,0.30000001192092896,24648
2018-05-08,0.30000001192092896,0.30000001192092896,0.28999999165534973,0.28999999165534973,0.28999999165534973,736
2018-05-09,0.2800000011920929,0.2800000011920929,0.2800000011920929,0.2800000011920929,0.2800000011920929,1041
2018-05-10,0.2800000011920929,0.28999999165534973,0.2800000011920929,0.28999999165534973,0.28999999165534973,29144
2018-05-11,0.2800000011920929,0.30000001192092896,0.2800000011920929,0.30000001192092896,0.30000001192092896,3500
2018-05-14,0.30000001192092896,0.30000001192092896,0.30000001192092896,0.30000001192092896,0.30000001192092896,1498
2018-05-15,0.30000001192092896,0.30000001192092896,0.30000001192092896,0.30000001192092896,0.30000001192092896,0
2018-05-16,0.28999999165534973,0.28999999165534973,0.28999999165534973,0.28999999165534973,0.28999999165534973,1
2018-05-17,0.30000001192092896,0.30000001192092896,0.28999999165534973,0.28999999165534973,0.28999999165534973,3350
2018-05-18,0.2800000011920929,0.30000001192092896,0.2800000011920929,0.2800000011920929,0.2800000011920929,10601
2018-05-21,0.27000001072883606,0.27000001072883606,0.27000001072883606,0.27000001072883606,0.27000001072883606,504
2018-05-22,0.27000001072883606,0.27000001072883606,0.27000001072883606,0.27000001072883606,0.27000001072883606,0
2018-05-23,0.25999999046325684,0.25999999046325684,0.25999999046325684,0.25999999046325684,0.25999999046325684,9100
2018-05-24,0.25,0.25,0.25,0.25,0.25,1050
2018-05-25,0.25,0.25,0.23999999463558197,0.23999999463558197,0.23999999463558197,19550
2018-05-28,0.23000000417232513,0.23999999463558197,0.23000000417232513,0.23000000417232513,0.23000000417232513,1753
2018-05-29,0.2199999988079071,0.2199999988079071,0.2199999988079071,0.2199999988079071,0.2199999988079071,1050
2018-05-30,0.20999999344348907,0.20999999344348907,0.20999999344348907,0.20999999344348907,0.20999999344348907,1321
2018-05-31,0.20000000298023224,0.20999999344348907,0.20000000298023224,0.20000000298023224,0.20000000298023224,37251
2018-06-01,0.20000000298023224,0.20000000298023224,0.1899999976158142,0.1899999976158142,0.1899999976158142,34870
2018-06-04,0.1899999976158142,0.1899999976158142,0.1899999976158142,0.1899999976158142,0.1899999976158142,94442
2018-06-05,0.1899999976158142,0.20000000298023224,0.1899999976158142,0.20000000298023224,0.20000000298023224,92109
2018-06-06,0.20000000298023224,0.20999999344348907,0.20000000298023224,0.20999999344348907,0.20999999344348907,15702
2018-06-07,0.20000000298023224,0.2199999988079071,0.20000000298023224,0.2199999988079071,0.2199999988079071,2
2018-06-08,0.2199999988079071,0.2199999988079071,0.2199999988079071,0.2199999988079071,0.2199999988079071,2
2018-06-11,0.2199999988079071,0.2199999988079071,0.2199999988079071,0.2199999988079071,0.2199999988079071,0
2018-06-12,0.2199999988079071,0.23000000417232513,0.2199999988079071,0.23000000417232513,0.23000000417232513,6201
2018-06-13,0.23999999463558197,0.23999999463558197,0.23999999463558197,0.23999999463558197,0.23999999463558197,18407
2018-06-14,0.25,0.25,0.25,0.25,0.25,1441
2018-06-15,0.25999999046325684,0.25999999046325684,0.25999999046325684,0.25999999046325684,0.25999999046325684,11163
2018-06-18,0.27000001072883606,0.27000001072883606,0.27000001072883606,0.27000001072883606,0.27000001072883606,119505
2018-06-19,0.2800000011920929,0.2800000011920929,0.27000001072883606,0.27000001072883606,0.27000001072883606,30037
2018-06-20,0.2800000011920929,0.2800000011920929,0.25999999046325684,0.25999999046325684,0.25999999046325684,59316
2018-06-21,0.25999999046325684,0.25999999046325684,0.25,0.25,0.25,5501
2018-06-22,0.23999999463558197,0.23999999463558197,0.23999999463558197,0.23999999463558197,0.23999999463558197,24500
2018-06-25,0.23000000417232513,0.23999999463558197,0.23000000417232513,0.23999999463558197,0.23999999463558197,67
2018-06-26,0.23000000417232513,0.23000000417232513,0.23000000417232513,0.23000000417232513,0.23000000417232513,1535
2018-06-27,0.2199999988079071,0.2199999988079071,0.2199999988079071,0.2199999988079071,0.2199999988079071,8203
2018-06-28,0.20999999344348907,0.20999999344348907,0.20999999344348907,0.20999999344348907,0.20999999344348907,4005
2018-06-29,0.20000000298023224,0.20000000298023224,0.20000000298023224,0.20000000298023224,0.20000000298023224,20939
2018-07-02,0.20000000298023224,0.20000000298023224,0.1899999976158142,0.20000000298023224,0.20000000298023224,96972
2018-07-03,0.20000000298023224,0.20000000298023224,0.20000000298023224,0.20000000298023224,0.20000000298023224,4259
2018-07-04,0.20000000298023224,0.20000000298023224,0.1899999976158142,0.1899999976158142,0.1899999976158142,11501
2018-07-05,0.20000000298023224,0.20000000298023224,0.1899999976158142,0.1899999976158142,0.1899999976158142,113374
2018-07-06,0.20000000298023224,0.20000000298023224,0.1899999976158142,0.20000000298023224,0.20000000298023224,20315
2018-07-09,0.20999999344348907,0.20999999344348907,0.20000000298023224,0.20000000298023224,0.20000000298023224,4031
2018-07-10,0.20000000298023224,0.20000000298023224,0.20000000298023224,0.20000000298023224,0.20000000298023224,650
2018-07-11,0.1899999976158142,0.20000000298023224,0.1899999976158142,0.20000000298023224,0.20000000298023224,36527
2018-07-12,0.20000000298023224,0.20000000298023224,0.20000000298023224,0.20000000298023224,0.20000000298023224,100
2018-07-13,0.20000000298023224,0.20000000298023224,0.20000000298023224,0.20000000298023224,0.20000000298023224,0
2018-07-16,0.20000000298023224,0.20000000298023224,0.1899999976158142,0.20000000298023224,0.20000000298023224,21001
2018-07-17,0.20000000298023224,0.20000000298023224,0.20000000298023224,0.20000000298023224,0.20000000298023224,10526
2018-07-18,0.20000000298023224,0.20000000298023224,0.1899999976158142,0.1899999976158142,0.1899999976158142,5577
2018-07-19,0.1899999976158142,0.1899999976158142,0.1899999976158142,0.1899999976158142,0.1899999976158142,15060
2018-07-20,0.1899999976158142,0.1899999976158142,0.1899999976158142,0.1899999976158142,0.1899999976158142,2753
2018-07-23,0.20000000298023224,0.20000000298023224,0.20000000298023224,0.20000000298023224,0.20000000298023224,6508
2018-07-24,0.20999999344348907,0.20999999344348907,0.20999999344348907,0.20999999344348907,0.20999999344348907,5470
2018-07-25,0.20000000298023224,0.20000000298023224,0.20000000298023224,0.20000000298023224,0.20000000298023224,100
2018-07-26,0.20000000298023224,0.20000000298023224,0.20000000298023224,0.20000000298023224,0.20000000298023224,831
2018-07-27,0.20000000298023224,0.20000000298023224,0.1899999976158142,0.1899999976158142,0.1899999976158142,11041
2018-07-30,0.20000000298023224,0.20000000298023224,0.1899999976158142,0.20000000298023224,0.20000000298023224,2098
2018-07-31,0.1899999976158142,0.20000000298023224,0.1899999976158142,0.20000000298023224,0.20000000298023224,821
2018-08-01,0.20000000298023224,0.20000000298023224,0.20000000298023224,0.20000000298023224,0.20000000298023224,1
2018-08-02,0.20999999344348907,0.20999999344348907,0.1899999976158142,0.1899999976158142,0.1899999976158142,3837
2018-08-03,0.20000000298023224,0.20000000298023224,0.1899999976158142,0.1899999976158142,0.1899999976158142,1024
2018-08-06,0.20000000298023224,0.20000000298023224,0.1899999976158142,0.1899999976158142,0.1899999976158142,50812
2018-08-07,0.20000000298023224,0.20000000298023224,0.20000000298023224,0.20000000298023224,0.20000000298023224,17052
2018-08-08,0.20000000298023224,0.20000000298023224,0.20000000298023224,0.20000000298023224,0.20000000298023224,12510
2018-08-09,0.20000000298023224,0.20000000298023224,0.1899999976158142,0.20000000298023224,0.20000000298023224,2106
2018-08-10,0.20000000298023224,0.20000000298023224,0.1899999976158142,0.20000000298023224,0.20000000298023224,14929
2018-08-13,0.1899999976158142,0.20000000298023224,0.1899999976158142,0.20000000298023224,0.20000000298023224,10000
2018-08-14,0.20999999344348907,0.20999999344348907,0.20000000298023224,0.20000000298023224,0.20000000298023224,330
2018-08-16,0.20999999344348907,0.20999999344348907,0.20999999344348907,0.20999999344348907,0.20999999344348907,10000
2018-08-17,0.20999999344348907,0.2199999988079071,0.20000000298023224,0.2199999988079071,0.2199999988079071,34221
2018-08-20,0.23000000417232513,0.23000000417232513,0.23000000417232513,0.23000000417232513,0.23000000417232513,38100
2018-08-21,0.23999999463558197,0.23999999463558197,0.2199999988079071,0.23999999463558197,0.23999999463558197,5200
2018-08-23,0.23000000417232513,0.23000000417232513,0.23000000417232513,0.23000000417232513,0.23000000417232513,12415
2018-08-24,0.23000000417232513,0.23000000417232513,0.23000000417232513,0.23000000417232513,0.23000000417232513,0
2018-08-27,0.23000000417232513,0.23000000417232513,0.23000000417232513,0.23000000417232513,0.23000000417232513,84
2018-08-28,0.23000000417232513,0.23000000417232513,0.23000000417232513,0.23000000417232513,0.23000000417232513,0
2018-08-29,0.2199999988079071,0.2199999988079071,0.2199999988079071,0.2199999988079071,0.2199999988079071,57959
2018-08-30,0.20999999344348907,0.2199999988079071,0.20999999344348907,0.2199999988079071,0.2199999988079071,3432
2018-08-31,0.23000000417232513,0.23000000417232513,0.20999999344348907,0.20999999344348907,0.20999999344348907,64375
2018-09-03,0.20999999344348907,0.20999999344348907,0.20000000298023224,0.20999999344348907,0.20999999344348907,162006
2018-09-04,0.2199999988079071,0.2199999988079071,0.20000000298023224,0.20999999344348907,0.20999999344348907,51400
2018-09-05,0.20000000298023224,0.20000000298023224,0.20000000298023224,0.20000000298023224,0.20000000298023224,74225
2018-09-06,0.1899999976158142,0.20000000298023224,0.1899999976158142,0.20000000298023224,0.20000000298023224,4564
2018-09-07,0.20000000298023224,0.20000000298023224,0.20000000298023224,0.20000000298023224,0.20000000298023224,3000
2018-09-10,0.1899999976158142,0.1899999976158142,0.1899999976158142,0.1899999976158142,0.1899999976158142,1500
2018-09-11,0.1899999976158142,0.20000000298023224,0.1899999976158142,0.1899999976158142,0.1899999976158142,22529
2018-09-12,0.1899999976158142,0.1899999976158142,0.1899999976158142,0.1899999976158142,0.1899999976158142,0
2018-09-14,0.1899999976158142,0.1899999976158142,0.1899999976158142,0.1899999976158142,0.1899999976158142,709
2018-09-17,0.20000000298023224,0.20000000298023224,0.1899999976158142,0.20000000298023224,0.20000000298023224,24350
2018-09-18,0.20000000298023224,0.20000000298023224,0.20000000298023224,0.20000000298023224,0.20000000298023224,900
2018-09-19,0.20000000298023224,0.20000000298023224,0.20000000298023224,0.20000000298023224,0.20000000298023224,201
2018-09-21,0.20000000298023224,0.20999999344348907,0.20000000298023224,0.20999999344348907,0.20999999344348907,11701
2018-09-24,0.20000000298023224,0.2199999988079071,0.20000000298023224,0.2199999988079071,0.2199999988079071,37178
2018-09-25,0.23000000417232513,0.23000000417232513,0.23000000417232513,0.23000000417232513,0.23000000417232513,71492
2018-09-26,0.23999999463558197,0.23999999463558197,0.2199999988079071,0.23999999463558197,0.23999999463558197,31770
2018-09-27,0.25,0.25,0.25,0.25,0.25,18237
2018-09-28,0.25999999046325684,0.25999999046325684,0.25999999046325684,0.25999999046325684,0.25999999046325684,51581
2018-10-01,0.27000001072883606,0.27000001072883606,0.27000001072883606,0.27000001072883606,0.27000001072883606,42724
2018-10-03,0.2800000011920929,0.2800000011920929,0.2800000011920929,0.2800000011920929,0.2800000011920929,34033
2018-10-04,0.28999999165534973,0.28999999165534973,0.28999999165534973,0.28999999165534973,0.28999999165534973,301365
2018-10-05,0.30000001192092896,0.30000001192092896,0.30000001192092896,0.30000001192092896,0.30000001192092896,60305
2018-10-08,0.3100000023841858,0.3100000023841858,0.3100000023841858,0.3100000023841858,0.3100000023841858,39022
2018-10-09,0.3199999928474426,0.3199999928474426,0.3199999928474426,0.3199999928474426,0.3199999928474426,25499
2018-10-10,0.33000001311302185,0.33000001311302185,0.33000001311302185,0.33000001311302185,0.33000001311302185,158549
2018-10-11,0.3400000035762787,0.3400000035762787,0.3400000035762787,0.3400000035762787,0.3400000035762787,40906
2018-10-12,0.3499999940395355,0.3499999940395355,0.3499999940395355,0.3499999940395355,0.3499999940395355,54563
2018-10-15,0.36000001430511475,0.36000001430511475,0.3400000035762787,0.36000001430511475,0.36000001430511475,313498
2018-10-16,0.36000001430511475,0.3700000047683716,0.36000001430511475,0.3700000047683716,0.3700000047683716,92566
2018-10-17,0.3799999952316284,0.3799999952316284,0.3799999952316284,0.3799999952316284,0.3799999952316284,34525
2018-10-19,0.38999998569488525,0.38999998569488525,0.38999998569488525,0.38999998569488525,0.38999998569488525,88381
2018-10-22,0.4000000059604645,0.4000000059604645,0.4000000059604645,0.4000000059604645,0.4000000059604645,44731
2018-10-23,0.41999998688697815,0.41999998688697815,0.41999998688697815,0.41999998688697815,0.41999998688697815,52083
2018-10-24,0.4399999976158142,0.4399999976158142,0.4399999976158142,0.4399999976158142,0.4399999976158142,77449
2018-10-25,0.46000000834465027,0.46000000834465027,0.46000000834465027,0.46000000834465027,0.46000000834465027,114040
2018-10-26,0.47999998927116394,0.47999998927116394,0.4699999988079071,0.47999998927116394,0.47999998927116394,277818
2018-10-29,0.5,0.5,0.5,0.5,0.5,139318
2018-10-30,0.5199999809265137,0.5199999809265137,0.5199999809265137,0.5199999809265137,0.5199999809265137,15650
2018-10-31,0.5299999713897705,0.5299999713897705,0.5099999904632568,0.5099999904632568,0.5099999904632568,356079
2018-11-01,0.5,0.5,0.5,0.5,0.5,39959
2018-11-02,0.49000000953674316,0.49000000953674316,0.49000000953674316,0.49000000953674316,0.49000000953674316,23539
2018-11-05,0.49000000953674316,0.49000000953674316,0.49000000953674316,0.49000000953674316,0.49000000953674316,13333
2018-11-06,0.49000000953674316,0.49000000953674316,0.49000000953674316,0.49000000953674316,0.49000000953674316,27239
2018-11-07,0.49000000953674316,0.49000000953674316,0.49000000953674316,0.49000000953674316,0.49000000953674316,1703
2018-11-09,0.49000000953674316,0.49000000953674316,0.49000000953674316,0.49000000953674316,0.49000000953674316,7870
2018-11-12,0.49000000953674316,0.49000000953674316,0.49000000953674316,0.49000000953674316,0.49000000953674316,3724
2018-11-13,0.49000000953674316,0.49000000953674316,0.49000000953674316,0.49000000953674316,0.49000000953674316,2939
2018-11-14,0.49000000953674316,0.49000000953674316,0.49000000953674316,0.49000000953674316,0.49000000953674316,23848
2018-11-15,0.49000000953674316,0.49000000953674316,0.49000000953674316,0.49000000953674316,0.49000000953674316,3405
2018-11-16,0.49000000953674316,0.49000000953674316,0.49000000953674316,0.49000000953674316,0.49000000953674316,2873
2018-11-19,0.49000000953674316,0.49000000953674316,0.49000000953674316,0.49000000953674316,0.49000000953674316,20863
2018-11-20,0.49000000953674316,0.49000000953674316,0.49000000953674316,0.49000000953674316,0.49000000953674316,8271
2018-11-21,0.49000000953674316,0.49000000953674316,0.49000000953674316,0.49000000953674316,0.49000000953674316,16520
2018-11-22,0.49000000953674316,0.49000000953674316,0.49000000953674316,0.49000000953674316,0.49000000953674316,14640
2018-11-26,0.49000000953674316,0.49000000953674316,0.49000000953674316,0.49000000953674316,0.49000000953674316,367832
2018-11-27,0.49000000953674316,0.49000000953674316,0.49000000953674316,0.49000000953674316,0.49000000953674316,2600
2018-11-28,0.49000000953674316,0.49000000953674316,0.49000000953674316,0.49000000953674316,0.49000000953674316,4023
2018-11-29,0.49000000953674316,0.49000000953674316,0.49000000953674316,0.49000000953674316,0.49000000953674316,22452
2018-11-30,0.49000000953674316,0.49000000953674316,0.49000000953674316,0.49000000953674316,0.49000000953674316,19200
2018-12-03,0.49000000953674316,0.49000000953674316,0.49000000953674316,0.49000000953674316,0.49000000953674316,18274
2018-12-04,0.49000000953674316,0.49000000953674316,0.49000000953674316,0.49000000953674316,0.49000000953674316,21792
2018-12-05,0.49000000953674316,0.49000000953674316,0.49000000953674316,0.49000000953674316,0.49000000953674316,83425
2018-12-06,0.49000000953674316,0.49000000953674316,0.49000000953674316,0.49000000953674316,0.49000000953674316,10323
2018-12-07,0.49000000953674316,0.49000000953674316,0.4699999988079071,0.4699999988079071,0.4699999988079071,4330
2018-12-10,0.44999998807907104,0.44999998807907104,0.44999998807907104,0.44999998807907104,0.44999998807907104,10866
2018-12-11,0.44999998807907104,0.44999998807907104,0.4300000071525574,0.4300000071525574,0.4300000071525574,2598
2018-12-12,0.4099999964237213,0.4099999964237213,0.4099999964237213,0.4099999964237213,0.4099999964237213,10074
2018-12-13,0.38999998569488525,0.38999998569488525,0.38999998569488525,0.38999998569488525,0.38999998569488525,30927
2018-12-14,0.3799999952316284,0.3799999952316284,0.3799999952316284,0.3799999952316284,0.3799999952316284,19845
2018-12-17,0.3700000047683716,0.3700000047683716,0.3700000047683716,0.3700000047683716,0.3700000047683716,115970
2018-12-18,0.36000001430511475,0.36000001430511475,0.36000001430511475,0.36000001430511475,0.36000001430511475,14520
2018-12-19,0.3499999940395355,0.3499999940395355,0.3499999940395355,0.3499999940395355,0.3499999940395355,8461
2018-12-20,0.3400000035762787,0.3400000035762787,0.3400000035762787,0.3400000035762787,0.3400000035762787,108533
2018-12-21,0.33000001311302185,0.33000001311302185,0.33000001311302185,0.33000001311302185,0.33000001311302185,33156
2018-12-24,0.33000001311302185,0.33000001311302185,0.3199999928474426,0.3199999928474426,0.3199999928474426,98778
2018-12-26,0.3199999928474426,0.3199999928474426,0.3100000023841858,0.3199999928474426,0.3199999928474426,153703
2018-12-27,0.3199999928474426,0.3199999928474426,0.3100000023841858,0.3100000023841858,0.3100000023841858,26685
2018-12-28,0.3100000023841858,0.3100000023841858,0.30000001192092896,0.30000001192092896,0.30000001192092896,81143
2018-12-31,0.28999999165534973,0.30000001192092896,0.28999999165534973,0.28999999165534973,0.28999999165534973,84319
2019-01-01,0.2800000011920929,0.2800000011920929,0.2800000011920929,0.2800000011920929,0.2800000011920929,135173
2019-01-02,0.27000001072883606,0.27000001072883606,0.27000001072883606,0.27000001072883606,0.27000001072883606,71966
2019-01-03,0.25999999046325684,0.2800000011920929,0.25999999046325684,0.27000001072883606,0.27000001072883606,79643
2019-01-04,0.2800000011920929,0.2800000011920929,0.2800000011920929,0.2800000011920929,0.2800000011920929,16353
2019-01-07,0.28999999165534973,0.28999999165534973,0.28999999165534973,0.28999999165534973,0.28999999165534973,14400
2019-01-08,0.30000001192092896,0.30000001192092896,0.30000001192092896,0.30000001192092896,0.30000001192092896,21981
2019-01-09,0.3100000023841858,0.3100000023841858,0.3100000023841858,0.3100000023841858,0.3100000023841858,7610
2019-01-10,0.3199999928474426,0.3199999928474426,0.3199999928474426,0.3199999928474426,0.3199999928474426,2024
2019-01-11,0.33000001311302185,0.33000001311302185,0.33000001311302185,0.33000001311302185,0.33000001311302185,38090
2019-01-14,0.3400000035762787,0.3400000035762787,0.3400000035762787,0.3400000035762787,0.3400000035762787,54125
2019-01-15,0.3499999940395355,0.3499999940395355,0.3499999940395355,0.3499999940395355,0.3499999940395355,11867
2019-01-16,0.36000001430511475,0.36000001430511475,0.36000001430511475,0.36000001430511475,0.36000001430511475,35100
2019-01-17,0.3700000047683716,0.3700000047683716,0.3700000047683716,0.3700000047683716,0.3700000047683716,10831
2019-01-18,0.3799999952316284,0.3799999952316284,0.3799999952316284,0.3799999952316284,0.3799999952316284,11450
2019-01-21,0.38999998569488525,0.38999998569488525,0.38999998569488525,0.38999998569488525,0.38999998569488525,55581
2019-01-22,0.4000000059604645,0.4000000059604645,0.4000000059604645,0.4000000059604645,0.4000000059604645,23164
2019-01-23,0.41999998688697815,0.41999998688697815,0.41999998688697815,0.41999998688697815,0.41999998688697815,6182
2019-01-24,0.4399999976158142,0.4399999976158142,0.4000000059604645,0.4399999976158142,0.4399999976158142,596755
2019-01-25,0.44999998807907104,0.44999998807907104,0.4099999964237213,0.44999998807907104,0.44999998807907104,416219
2019-01-28,0.46000000834465027,0.46000000834465027,0.4300000071525574,0.4300000071525574,0.4300000071525574,47874
2019-01-29,0.4099999964237213,0.4099999964237213,0.4099999964237213,0.4099999964237213,0.4099999964237213,6788
2019-01-30,0.38999998569488525,0.38999998569488525,0.38999998569488525,0.38999998569488525,0.38999998569488525,27860
2019-01-31,0.3799999952316284,0.3799999952316284,0.3799999952316284,0.3799999952316284,0.3799999952316284,69449
2019-02-01,0.3700000047683716,0.3700000047683716,0.3700000047683716,0.3700000047683716,0.3700000047683716,21550
2019-02-04,0.36000001430511475,0.36000001430511475,0.36000001430511475,0.36000001430511475,0.36000001430511475,9458
2019-02-05,0.3499999940395355,0.3499999940395355,0.3499999940395355,0.3499999940395355,0.3499999940395355,38154
2019-02-06,0.3400000035762787,0.3400000035762787,0.3400000035762787,0.3400000035762787,0.3400000035762787,23924
2019-02-07,0.33000001311302185,0.33000001311302185,0.33000001311302185,0.33000001311302185,0.33000001311302185,13847
2019-02-08,0.3199999928474426,0.3199999928474426,0.3199999928474426,0.3199999928474426,0.3199999928474426,5729
2019-02-11,0.3199999928474426,0.33000001311302185,0.3100000023841858,0.3100000023841858,0.3100000023841858,71152
2019-02-12,0.3100000023841858,0.3199999928474426,0.30000001192092896,0.3199999928474426,0.3199999928474426,50579
2019-02-14,0.3400000035762787,0.3400000035762787,0.3400000035762787,0.3400000035762787,0.3400000035762787,15734
2019-02-15,0.3499999940395355,0.3499999940395355,0.3400000035762787,0.3499999940395355,0.3499999940395355,76754
2019-02-18,0.36000001430511475,0.36000001430511475,0.36000001430511475,0.36000001430511475,0.36000001430511475,29635
2019-02-19,0.36000001430511475,0.3700000047683716,0.3499999940395355,0.3700000047683716,0.3700000047683716,83004
2019-02-20,0.3799999952316284,0.3799999952316284,0.3799999952316284,0.3799999952316284,0.3799999952316284,4518
2019-02-21,0.38999998569488525,0.38999998569488525,0.38999998569488525,0.38999998569488525,0.38999998569488525,15514
2019-02-22,0.4000000059604645,0.4000000059604645,0.3799999952316284,0.4000000059604645,0.4000000059604645,54861
2019-02-25,0.41999998688697815,0.41999998688697815,0.41999998688697815,0.41999998688697815,0.41999998688697815,51750
2019-02-26,0.4399999976158142,0.4399999976158142,0.41999998688697815,0.4399999976158142,0.4399999976158142,77619
2019-02-27,0.46000000834465027,0.46000000834465027,0.41999998688697815,0.4399999976158142,0.4399999976158142,165214
2019-02-28,0.41999998688697815,0.4399999976158142,0.41999998688697815,0.41999998688697815,0.41999998688697815,82569
2019-03-01,0.4000000059604645,0.4000000059604645,0.4000000059604645,0.4000000059604645,0.4000000059604645,27148
2019-03-05,0.3799999952316284,0.4000000059604645,0.3799999952316284,0.4000000059604645,0.4000000059604645,141794
2019-03-06,0.41999998688697815,0.41999998688697815,0.4000000059604645,0.4000000059604645,0.4000000059604645,32993
2019-03-07,0.41999998688697815,0.41999998688697815,0.38999998569488525,0.4000000059604645,0.4000000059604645,30613
2019-03-08,0.41999998688697815,0.41999998688697815,0.3799999952316284,0.38999998569488525,0.38999998569488525,70904
2019-03-11,0.4000000059604645,0.4000000059604645,0.3799999952316284,0.3799999952316284,0.3799999952316284,53122
2019-03-12,0.3799999952316284,0.3799999952316284,0.3700000047683716,0.3799999952316284,0.3799999952316284,58356
2019-03-13,0.3700000047683716,0.38999998569488525,0.3700000047683716,0.38999998569488525,0.38999998569488525,36517
2019-03-14,0.38999998569488525,0.4000000059604645,0.38999998569488525,0.4000000059604645,0.4000000059604645,50761
2019-03-15,0.4099999964237213,0.41999998688697815,0.3799999952316284,0.3799999952316284,0.3799999952316284,52409
2019-03-18,0.38999998569488525,0.38999998569488525,0.3799999952316284,0.3799999952316284,0.3799999952316284,20732
2019-03-19,0.3799999952316284,0.38999998569488525,0.3700000047683716,0.38999998569488525,0.38999998569488525,52058
2019-03-20,0.38999998569488525,0.4000000059604645,0.3799999952316284,0.3799999952316284,0.3799999952316284,30520
2019-03-22,0.38999998569488525,0.38999998569488525,0.3700000047683716,0.3700000047683716,0.3700000047683716,42038
2019-03-25,0.3700000047683716,0.3799999952316284,0.36000001430511475,0.3799999952316284,0.3799999952316284,20392
2019-03-26,0.3799999952316284,0.3799999952316284,0.3700000047683716,0.3700000047683716,0.3700000047683716,20717
2019-03-27,0.3700000047683716,0.3700000047683716,0.36000001430511475,0.36000001430511475,0.36000001430511475,16885
2019-03-28,0.3700000047683716,0.3700000047683716,0.3499999940395355,0.36000001430511475,0.36000001430511475,32723
2019-04-01,0.3499999940395355,0.3499999940395355,0.3499999940395355,0.3499999940395355,0.3499999940395355,15100
2019-04-02,0.3499999940395355,0.3499999940395355,0.3499999940395355,0.3499999940395355,0.3499999940395355,783
2019-04-03,0.3499999940395355,0.3499999940395355,0.3400000035762787,0.3499999940395355,0.3499999940395355,19245
2019-04-04,0.3499999940395355,0.3499999940395355,0.3400000035762787,0.3499999940395355,0.3499999940395355,56627
2019-04-05,0.3499999940395355,0.3499999940395355,0.33000001311302185,0.3400000035762787,0.3400000035762787,32227
2019-04-08,0.3499999940395355,0.3499999940395355,0.3400000035762787,0.3400000035762787,0.3400000035762787,300
2019-04-09,0.3400000035762787,0.3499999940395355,0.33000001311302185,0.33000001311302185,0.33000001311302185,19316
2019-04-10,0.33000001311302185,0.36000001430511475,0.33000001311302185,0.36000001430511475,0.36000001430511475,9992
2019-04-11,0.36000001430511475,0.38999998569488525,0.36000001430511475,0.38999998569488525,0.38999998569488525,68980
2019-04-12,0.4000000059604645,0.41999998688697815,0.3700000047683716,0.4000000059604645,0.4000000059604645,71537
2019-04-15,0.4000000059604645,0.4099999964237213,0.36000001430511475,0.38999998569488525,0.38999998569488525,90777
2019-04-16,0.38999998569488525,0.4099999964237213,0.36000001430511475,0.38999998569488525,0.38999998569488525,48645
2019-04-18,0.38999998569488525,0.4099999964237213,0.38999998569488525,0.4000000059604645,0.4000000059604645,33667
2019-04-22,0.4000000059604645,0.4000000059604645,0.3700000047683716,0.3700000047683716,0.3700000047683716,710
2019-04-23,0.38999998569488525,0.4000000059604645,0.3400000035762787,0.4000000059604645,0.4000000059604645,59445
2019-04-24,0.36000001430511475,0.4000000059604645,0.36000001430511475,0.3799999952316284,0.3799999952316284,51709
2019-04-25,0.4000000059604645,0.4000000059604645,0.3499999940395355,0.4000000059604645,0.4000000059604645,17789
2019-04-26,0.36000001430511475,0.4000000059604645,0.36000001430511475,0.36000001430511475,0.36000001430511475,85027
2019-04-30,0.36000001430511475,0.36000001430511475,0.33000001311302185,0.3400000035762787,0.3400000035762787,16515
2019-05-02,0.3100000023841858,0.36000001430511475,0.3100000023841858,0.3199999928474426,0.3199999928474426,74077
2019-05-03,0.3100000023841858,0.33000001311302185,0.3100000023841858,0.3100000023841858,0.3100000023841858,265169
2019-05-06,0.3199999928474426,0.3199999928474426,0.30000001192092896,0.3199999928474426,0.3199999928474426,60931
2019-05-07,0.33000001311302185,0.33000001311302185,0.3100000023841858,0.3199999928474426,0.3199999928474426,16696
2019-05-08,0.33000001311302185,0.33000001311302185,0.3100000023841858,0.33000001311302185,0.33000001311302185,17600
2019-05-09,0.33000001311302185,0.33000001311302185,0.33000001311302185,0.33000001311302185,0.33000001311302185,6819
2019-05-10,0.3400000035762787,0.3400000035762787,0.3199999928474426,0.3199999928474426,0.3199999928474426,6751
2019-05-13,0.3199999928474426,0.3199999928474426,0.3199999928474426,0.3199999928474426,0.3199999928474426,3226
2019-05-14,0.3199999928474426,0.3199999928474426,0.3100000023841858,0.3100000023841858,0.3100000023841858,18501
2019-05-15,0.3100000023841858,0.3100000023841858,0.30000001192092896,0.3100000023841858,0.3100000023841858,44670
2019-05-16,0.30000001192092896,0.30000001192092896,0.30000001192092896,0.30000001192092896,0.30000001192092896,7920
2019-05-17,0.3100000023841858,0.3100000023841858,0.30000001192092896,0.3100000023841858,0.3100000023841858,27740
2019-05-20,0.3100000023841858,0.3100000023841858,0.30000001192092896,0.30000001192092896,0.30000001192092896,50914
2019-05-21,0.30000001192092896,0.30000001192092896,0.30000001192092896,0.30000001192092896,0.30000001192092896,4400
2019-05-22,0.3100000023841858,0.3100000023841858,0.3100000023841858,0.3100000023841858,0.3100000023841858,21982
2019-05-23,0.3100000023841858,0.3100000023841858,0.30000001192092896,0.30000001192092896,0.30000001192092896,32604
2019-05-24,0.30000001192092896,0.30000001192092896,0.28999999165534973,0.30000001192092896,0.30000001192092896,8033
2019-05-27,0.30000001192092896,0.30000001192092896,0.30000001192092896,0.30000001192092896,0.30000001192092896,4287
2019-05-28,0.30000001192092896,0.30000001192092896,0.30000001192092896,0.30000001192092896,0.30000001192092896,5380
2019-05-29,0.30000001192092896,0.30000001192092896,0.30000001192092896,0.30000001192092896,0.30000001192092896,1100
2019-05-30,0.30000001192092896,0.30000001192092896,0.30000001192092896,0.30000001192092896,0.30000001192092896,10000
2019-05-31,0.30000001192092896,0.3100000023841858,0.28999999165534973,0.28999999165534973,0.28999999165534973,19522
2019-06-03,0.28999999165534973,0.28999999165534973,0.2800000011920929,0.28999999165534973,0.28999999165534973,8261
2019-06-04,0.28999999165534973,0.28999999165534973,0.28999999165534973,0.28999999165534973,0.28999999165534973,5103
2019-06-06,0.28999999165534973,0.28999999165534973,0.2800000011920929,0.2800000011920929,0.2800000011920929,22039
2019-06-07,0.2800000011920929,0.2800000011920929,0.27000001072883606,0.27000001072883606,0.27000001072883606,3929
2019-06-10,0.27000001072883606,0.2800000011920929,0.25999999046325684,0.27000001072883606,0.27000001072883606,3390
2019-06-11,0.27000001072883606,0.27000001072883606,0.25999999046325684,0.25999999046325684,0.25999999046325684,2700
2019-06-12,0.25999999046325684,0.25999999046325684,0.25999999046325684,0.25999999046325684,0.25999999046325684,5228
2019-06-13,0.25999999046325684,0.25999999046325684,0.25,0.25,0.25,3940
2019-06-14,0.23999999463558197,0.25,0.23999999463558197,0.23999999463558197,0.23999999463558197,14335
2019-06-17,0.23999999463558197,0.23999999463558197,0.23000000417232513,0.23000000417232513,0.23000000417232513,6674
2019-06-18,0.23000000417232513,0.23000000417232513,0.2199999988079071,0.2199999988079071,0.2199999988079071,8651
2019-06-19,0.2199999988079071,0.2199999988079071,0.20999999344348907,0.20999999344348907,0.20999999344348907,4300
2019-06-20,0.20000000298023224,0.20000000298023224,0.20000000298023224,0.20000000298023224,0.20000000298023224,22928
2019-06-21,0.20000000298023224,0.20000000298023224,0.1899999976158142,0.1899999976158142,0.1899999976158142,32238
2019-06-24,0.1899999976158142,0.1899999976158142,0.1899999976158142,0.1899999976158142,0.1899999976158142,15729
2019-06-25,0.1899999976158142,0.20000000298023224,0.1899999976158142,0.20000000298023224,0.20000000298023224,10693
2019-06-26,0.20999999344348907,0.20999999344348907,0.20999999344348907,0.20999999344348907,0.20999999344348907,10963
2019-06-27,0.20999999344348907,0.2199999988079071,0.20999999344348907,0.2199999988079071,0.2199999988079071,3186
2019-06-28,0.23000000417232513,0.23000000417232513,0.23000000417232513,0.23000000417232513,0.23000000417232513,5520
2019-07-01,0.23999999463558197,0.23999999463558197,0.23999999463558197,0.23999999463558197,0.23999999463558197,13521
2019-07-02,0.25,0.25,0.25,0.25,0.25,4250
2019-07-03,0.25,0.25,0.25,0.25,0.25,0
2019-07-04,0.27000001072883606,0.27000001072883606,0.27000001072883606,0.27000001072883606,0.27000001072883606,1055
2019-07-05,0.27000001072883606,0.27000001072883606,0.27000001072883606,0.27000001072883606,0.27000001072883606,0
2019-07-08,0.27000001072883606,0.27000001072883606,0.27000001072883606,0.27000001072883606,0.27000001072883606,0
2019-07-09,0.27000001072883606,0.27000001072883606,0.27000001072883606,0.27000001072883606,0.27000001072883606,0
2019-07-10,0.27000001072883606,0.27000001072883606,0.27000001072883606,0.27000001072883606,0.27000001072883606,0
2019-07-11,0.27000001072883606,0.27000001072883606,0.27000001072883606,0.27000001072883606,0.27000001072883606,0
2019-07-12,0.27000001072883606,0.27000001072883606,0.27000001072883606,0.27000001072883606,0.27000001072883606,0
2019-07-15,0.27000001072883606,0.27000001072883606,0.27000001072883606,0.27000001072883606,0.27000001072883606,0
2019-07-16,0.27000001072883606,0.27000001072883606,0.27000001072883606,0.27000001072883606,0.27000001072883606,0
2019-07-17,0.27000001072883606,0.27000001072883606,0.27000001072883606,0.27000001072883606,0.27000001072883606,0
2019-07-18,0.27000001072883606,0.27000001072883606,0.27000001072883606,0.27000001072883606,0.27000001072883606,0
2019-07-19,0.27000001072883606,0.27000001072883606,0.27000001072883606,0.27000001072883606,0.27000001072883606,0
2019-07-22,0.27000001072883606,0.27000001072883606,0.27000001072883606,0.27000001072883606,0.27000001072883606,100
2019-07-23,0.27000001072883606,0.27000001072883606,0.27000001072883606,0.27000001072883606,0.27000001072883606,0
2019-07-24,0.27000001072883606,0.27000001072883606,0.27000001072883606,0.27000001072883606,0.27000001072883606,0
2019-07-25,0.27000001072883606,0.27000001072883606,0.27000001072883606,0.27000001072883606,0.27000001072883606,0
2019-07-26,0.27000001072883606,0.27000001072883606,0.27000001072883606,0.27000001072883606,0.27000001072883606,0
2019-07-29,0.27000001072883606,0.27000001072883606,0.27000001072883606,0.27000001072883606,0.27000001072883606,10006
2019-07-30,0.27000001072883606,0.27000001072883606,0.27000001072883606,0.27000001072883606,0.27000001072883606,0
2019-07-31,0.27000001072883606,0.27000001072883606,0.27000001072883606,0.27000001072883606,0.27000001072883606,0
2019-08-01,0.27000001072883606,0.27000001072883606,0.27000001072883606,0.27000001072883606,0.27000001072883606,0
2019-08-02,0.27000001072883606,0.27000001072883606,0.27000001072883606,0.27000001072883606,0.27000001072883606,0
2019-08-05,0.27000001072883606,0.27000001072883606,0.27000001072883606,0.27000001072883606,0.27000001072883606,0
2019-08-06,0.27000001072883606,0.27000001072883606,0.27000001072883606,0.27000001072883606,0.27000001072883606,0
2019-08-07,0.27000001072883606,0.27000001072883606,0.27000001072883606,0.27000001072883606,0.27000001072883606,0
2019-08-08,0.27000001072883606,0.27000001072883606,0.27000001072883606,0.27000001072883606,0.27000001072883606,0
2019-08-09,0.27000001072883606,0.27000001072883606,0.27000001072883606,0.27000001072883606,0.27000001072883606,0
2019-08-13,0.27000001072883606,0.27000001072883606,0.27000001072883606,0.27000001072883606,0.27000001072883606,300
2019-08-14,0.27000001072883606,0.27000001072883606,0.27000001072883606,0.27000001072883606,0.27000001072883606,0
2019-08-16,0.27000001072883606,0.27000001072883606,0.27000001072883606,0.27000001072883606,0.27000001072883606,0
2019-08-19,0.27000001072883606,0.27000001072883606,0.27000001072883606,0.27000001072883606,0.27000001072883606,1500
2019-08-20,0.27000001072883606,0.27000001072883606,0.27000001072883606,0.27000001072883606,0.27000001072883606,0
2019-08-21,0.27000001072883606,0.27000001072883606,0.27000001072883606,0.27000001072883606,0.27000001072883606,0
2019-08-22,0.27000001072883606,0.27000001072883606,0.27000001072883606,0.27000001072883606,0.27000001072883606,0
2019-08-23,0.27000001072883606,0.27000001072883606,0.27000001072883606,0.27000001072883606,0.27000001072883606,0
2019-08-26,0.27000001072883606,0.27000001072883606,0.27000001072883606,0.27000001072883606,0.27000001072883606,0
2019-08-27,0.27000001072883606,0.27000001072883606,0.27000001072883606,0.27000001072883606,0.27000001072883606,0
2019-08-28,0.27000001072883606,0.27000001072883606,0.27000001072883606,0.27000001072883606,0.27000001072883606,0
2019-08-29,0.27000001072883606,0.27000001072883606,0.27000001072883606,0.27000001072883606,0.27000001072883606,0
2019-08-30,0.27000001072883606,0.27000001072883606,0.27000001072883606,0.27000001072883606,0.27000001072883606,0
2019-09-03,0.25999999046325684,0.25999999046325684,0.25999999046325684,0.25999999046325684,0.25999999046325684,1000
2019-09-04,0.25999999046325684,0.25999999046325684,0.25999999046325684,0.25999999046325684,0.25999999046325684,0
2019-09-05,0.25999999046325684,0.25999999046325684,0.25999999046325684,0.25999999046325684,0.25999999046325684,0
2019-09-06,0.25999999046325684,0.25999999046325684,0.25999999046325684,0.25999999046325684,0.25999999046325684,0
2019-09-09,0.25999999046325684,0.25999999046325684,0.25999999046325684,0.25999999046325684,0.25999999046325684,10010
2019-09-11,0.25999999046325684,0.25999999046325684,0.25999999046325684,0.25999999046325684,0.25999999046325684,0
2019-09-12,0.25999999046325684,0.25999999046325684,0.25999999046325684,0.25999999046325684,0.25999999046325684,0
2019-09-13,0.25999999046325684,0.25999999046325684,0.25999999046325684,0.25999999046325684,0.25999999046325684,0
2019-09-16,0.25,0.25999999046325684,0.25,0.25,0.25,9500
2019-09-17,0.25,0.25,0.25,0.25,0.25,0
2019-09-18,0.25,0.25,0.25,0.25,0.25,0
2019-09-19,0.25,0.25,0.25,0.25,0.25,0
2019-09-20,0.25,0.25,0.25,0.25,0.25,0
2019-09-23,0.25,0.25,0.25,0.25,0.25,0
2019-09-24,0.25,0.25,0.25,0.25,0.25,0
2019-09-25,0.25,0.25,0.25,0.25,0.25,0
2019-09-26,0.25,0.25,0.25,0.25,0.25,0
2019-09-27,0.25,0.25,0.25,0.25,0.25,0
2019-09-30,0.23999999463558197,0.23999999463558197,0.23999999463558197,0.23999999463558197,0.23999999463558197,1020
2019-10-01,0.23999999463558197,0.23999999463558197,0.23999999463558197,0.23999999463558197,0.23999999463558197,0
2019-10-03,0.23999999463558197,0.23999999463558197,0.23999999463558197,0.23999999463558197,0.23999999463558197,0
2019-10-04,0.23999999463558197,0.23999999463558197,0.23999999463558197,0.23999999463558197,0.23999999463558197,0
2019-10-07,0.23999999463558197,0.23999999463558197,0.23999999463558197,0.23999999463558197,0.23999999463558197,0
2019-10-09,0.23999999463558197,0.23999999463558197,0.23999999463558197,0.23999999463558197,0.23999999463558197,0
2019-10-10,0.23999999463558197,0.23999999463558197,0.23999999463558197,0.23999999463558197,0.23999999463558197,0
2019-10-11,0.23999999463558197,0.23999999463558197,0.23999999463558197,0.23999999463558197,0.23999999463558197,0
2019-10-14,0.23000000417232513,0.23000000417232513,0.23000000417232513,0.23000000417232513,0.23000000417232513,2
2019-10-15,0.23000000417232513,0.23000000417232513,0.23000000417232513,0.23000000417232513,0.23000000417232513,0
2019-10-16,0.23000000417232513,0.23000000417232513,0.23000000417232513,0.23000000417232513,0.23000000417232513,0
2019-10-17,0.23000000417232513,0.23000000417232513,0.23000000417232513,0.23000000417232513,0.23000000417232513,0
2019-10-18,0.23000000417232513,0.23000000417232513,0.23000000417232513,0.23000000417232513,0.23000000417232513,0
2019-10-22,0.2199999988079071,0.2199999988079071,0.2199999988079071,0.2199999988079071,0.2199999988079071,1036
2019-10-23,0.2199999988079071,0.2199999988079071,0.2199999988079071,0.2199999988079071,0.2199999988079071,0
2019-10-24,0.2199999988079071,0.2199999988079071,0.2199999988079071,0.2199999988079071,0.2199999988079071,0
2019-10-25,0.2199999988079071,0.2199999988079071,0.2199999988079071,0.2199999988079071,0.2199999988079071,0
2019-10-29,0.20999999344348907,0.20999999344348907,0.20999999344348907,0.20999999344348907,0.20999999344348907,200
2019-10-30,0.20999999344348907,0.20999999344348907,0.20999999344348907,0.20999999344348907,0.20999999344348907,0
2019-10-31,0.20999999344348907,0.20999999344348907,0.20999999344348907,0.20999999344348907,0.20999999344348907,0
2019-11-01,0.20999999344348907,0.20999999344348907,0.20999999344348907,0.20999999344348907,0.20999999344348907,0
2019-11-04,0.20000000298023224,0.20000000298023224,0.20000000298023224,0.20000000298023224,0.20000000298023224,10536
2019-11-05,0.20000000298023224,0.20000000298023224,0.20000000298023224,0.20000000298023224,0.20000000298023224,0
2019-11-06,0.20000000298023224,0.20000000298023224,0.20000000298023224,0.20000000298023224,0.20000000298023224,0
2019-11-07,0.20000000298023224,0.20000000298023224,0.20000000298023224,0.20000000298023224,0.20000000298023224,0
2019-11-08,0.20000000298023224,0.20000000298023224,0.20000000298023224,0.20000000298023224,0.20000000298023224,0
2019-11-11,0.1899999976158142,0.20000000298023224,0.1899999976158142,0.1899999976158142,0.1899999976158142,16795
2019-11-13,0.1899999976158142,0.1899999976158142,0.1899999976158142,0.1899999976158142,0.1899999976158142,0
2019-11-14,0.1899999976158142,0.1899999976158142,0.1899999976158142,0.1899999976158142,0.1899999976158142,0
2019-11-15,0.1899999976158142,0.1899999976158142,0.1899999976158142,0.1899999976158142,0.1899999976158142,0
2019-11-18,0.1899999976158142,0.20000000298023224,0.1899999976158142,0.1899999976158142,0.1899999976158142,13342
2019-11-19,0.1899999976158142,0.1899999976158142,0.1899999976158142,0.1899999976158142,0.1899999976158142,0
2019-11-20,0.1899999976158142,0.1899999976158142,0.1899999976158142,0.1899999976158142,0.1899999976158142,0
2019-11-21,0.1899999976158142,0.1899999976158142,0.1899999976158142,0.1899999976158142,0.1899999976158142,0
2019-11-22,0.1899999976158142,0.1899999976158142,0.1899999976158142,0.1899999976158142,0.1899999976158142,0
2019-11-25,0.1899999976158142,0.1899999976158142,0.1899999976158142,0.1899999976158142,0.1899999976158142,11480
2019-11-26,0.1899999976158142,0.1899999976158142,0.1899999976158142,0.1899999976158142,0.1899999976158142,0
2019-11-27,0.1899999976158142,0.1899999976158142,0.1899999976158142,0.1899999976158142,0.1899999976158142,0
2019-11-28,0.1899999976158142,0.1899999976158142,0.1899999976158142,0.1899999976158142,0.1899999976158142,0
2019-11-29,0.1899999976158142,0.1899999976158142,0.1899999976158142,0.1899999976158142,0.1899999976158142,0
2019-12-02,0.1899999976158142,0.1899999976158142,0.1899999976158142,0.1899999976158142,0.1899999976158142,18793
2019-12-03,0.1899999976158142,0.1899999976158142,0.1899999976158142,0.1899999976158142,0.1899999976158142,0
2019-12-04,0.1899999976158142,0.1899999976158142,0.1899999976158142,0.1899999976158142,0.1899999976158142,0
2019-12-05,0.1899999976158142,0.1899999976158142,0.1899999976158142,0.1899999976158142,0.1899999976158142,0
2019-12-06,0.1899999976158142,0.1899999976158142,0.1899999976158142,0.1899999976158142,0.1899999976158142,0
2019-12-09,0.1899999976158142,0.20000000298023224,0.1899999976158142,0.1899999976158142,0.1899999976158142,10176
2019-12-10,0.1899999976158142,0.1899999976158142,0.1899999976158142,0.1899999976158142,0.1899999976158142,0
2019-12-11,0.1899999976158142,0.1899999976158142,0.1899999976158142,0.1899999976158142,0.1899999976158142,0
2019-12-12,0.1899999976158142,0.1899999976158142,0.1899999976158142,0.1899999976158142,0.1899999976158142,0
2019-12-13,0.1899999976158142,0.1899999976158142,0.1899999976158142,0.1899999976158142,0.1899999976158142,0
2019-12-16,0.1899999976158142,0.1899999976158142,0.1899999976158142,0.1899999976158142,0.1899999976158142,0
2019-12-17,0.1899999976158142,0.1899999976158142,0.1899999976158142,0.1899999976158142,0.1899999976158142,0
2019-12-18,0.1899999976158142,0.1899999976158142,0.1899999976158142,0.1899999976158142,0.1899999976158142,0
2019-12-19,0.1899999976158142,0.1899999976158142,0.1899999976158142,0.1899999976158142,0.1899999976158142,0
2019-12-20,0.1899999976158142,0.1899999976158142,0.1899999976158142,0.1899999976158142,0.1899999976158142,0
2019-12-23,0.1899999976158142,0.1899999976158142,0.1899999976158142,0.1899999976158142,0.1899999976158142,1087
2019-12-24,0.1899999976158142,0.1899999976158142,0.1899999976158142,0.1899999976158142,0.1899999976158142,0
2019-12-26,0.1899999976158142,0.1899999976158142,0.1899999976158142,0.1899999976158142,0.1899999976158142,0
2019-12-27,0.1899999976158142,0.1899999976158142,0.1899999976158142,0.1899999976158142,0.1899999976158142,0
2019-12-30,0.1899999976158142,0.1899999976158142,0.1899999976158142,0.1899999976158142,0.1899999976158142,0
2019-12-31,0.1899999976158142,0.1899999976158142,0.1899999976158142,0.1899999976158142,0.1899999976158142,0
2020-01-01,0.1899999976158142,0.1899999976158142,0.1899999976158142,0.1899999976158142,0.1899999976158142,0
2020-01-02,0.1899999976158142,0.1899999976158142,0.1899999976158142,0.1899999976158142,0.1899999976158142,0
2020-01-03,0.1899999976158142,0.1899999976158142,0.1899999976158142,0.1899999976158142,0.1899999976158142,0
2020-01-06,0.1899999976158142,0.1899999976158142,0.1899999976158142,0.1899999976158142,0.1899999976158142,21116
2020-01-07,0.1899999976158142,0.1899999976158142,0.1899999976158142,0.1899999976158142,0.1899999976158142,0
2020-01-08,0.1899999976158142,0.1899999976158142,0.1899999976158142,0.1899999976158142,0.1899999976158142,0
2020-01-09,0.1899999976158142,0.1899999976158142,0.1899999976158142,0.1899999976158142,0.1899999976158142,0
2020-01-10,0.1899999976158142,0.1899999976158142,0.1899999976158142,0.1899999976158142,0.1899999976158142,0
2020-01-13,0.1899999976158142,0.1899999976158142,0.1899999976158142,0.1899999976158142,0.1899999976158142,0
2020-01-14,0.1899999976158142,0.1899999976158142,0.1899999976158142,0.1899999976158142,0.1899999976158142,0
2020-01-15,0.1899999976158142,0.1899999976158142,0.1899999976158142,0.1899999976158142,0.1899999976158142,0
2020-01-16,0.1899999976158142,0.1899999976158142,0.1899999976158142,0.1899999976158142,0.1899999976158142,0
2020-01-17,0.1899999976158142,0.1899999976158142,0.1899999976158142,0.1899999976158142,0.1899999976158142,0
2020-01-20,0.1899999976158142,0.1899999976158142,0.1899999976158142,0.1899999976158142,0.1899999976158142,10356
2020-01-21,0.1899999976158142,0.1899999976158142,0.1899999976158142,0.1899999976158142,0.1899999976158142,0
2020-01-22,0.1899999976158142,0.1899999976158142,0.1899999976158142,0.1899999976158142,0.1899999976158142,0
2020-01-23,0.1899999976158142,0.1899999976158142,0.1899999976158142,0.1899999976158142,0.1899999976158142,0
2020-01-24,0.1899999976158142,0.1899999976158142,0.1899999976158142,0.1899999976158142,0.1899999976158142,0
2020-01-27,0.1899999976158142,0.1899999976158142,0.1899999976158142,0.1899999976158142,0.1899999976158142,0
2020-01-28,0.1899999976158142,0.1899999976158142,0.1899999976158142,0.1899999976158142,0.1899999976158142,0
2020-01-29,0.1899999976158142,0.1899999976158142,0.1899999976158142,0.1899999976158142,0.1899999976158142,0
2020-01-30,0.1899999976158142,0.1899999976158142,0.1899999976158142,0.1899999976158142,0.1899999976158142,0
2020-01-31,0.1899999976158142,0.1899999976158142,0.1899999976158142,0.1899999976158142,0.1899999976158142,0
2020-02-03,0.1899999976158142,0.1899999976158142,0.1899999976158142,0.1899999976158142,0.1899999976158142,0
2020-02-04,0.1899999976158142,0.1899999976158142,0.1899999976158142,0.1899999976158142,0.1899999976158142,0
2020-02-05,0.1899999976158142,0.1899999976158142,0.1899999976158142,0.1899999976158142,0.1899999976158142,0
2020-02-06,0.1899999976158142,0.1899999976158142,0.1899999976158142,0.1899999976158142,0.1899999976158142,0
2020-02-07,0.1899999976158142,0.1899999976158142,0.1899999976158142,0.1899999976158142,0.1899999976158142,0
2020-02-10,0.1899999976158142,0.1899999976158142,0.1899999976158142,0.1899999976158142,0.1899999976158142,0
2020-02-11,0.1899999976158142,0.1899999976158142,0.1899999976158142,0.1899999976158142,0.1899999976158142,0
2020-02-12,0.1899999976158142,0.1899999976158142,0.1899999976158142,0.1899999976158142,0.1899999976158142,0
2020-02-13,0.1899999976158142,0.1899999976158142,0.1899999976158142,0.1899999976158142,0.1899999976158142,0
2020-02-14,0.1899999976158142,0.1899999976158142,0.1899999976158142,0.1899999976158142,0.1899999976158142,0
2020-02-17,0.1899999976158142,0.1899999976158142,0.1899999976158142,0.1899999976158142,0.1899999976158142,0
2020-02-18,0.1899999976158142,0.1899999976158142,0.1899999976158142,0.1899999976158142,0.1899999976158142,0
2020-02-19,0.1899999976158142,0.1899999976158142,0.1899999976158142,0.1899999976158142,0.1899999976158142,0
2020-02-20,0.1899999976158142,0.1899999976158142,0.1899999976158142,0.1899999976158142,0.1899999976158142,0
2020-02-24,0.1899999976158142,0.1899999976158142,0.1899999976158142,0.1899999976158142,0.1899999976158142,0
2020-02-25,0.1899999976158142,0.1899999976158142,0.1899999976158142,0.1899999976158142,0.1899999976158142,0
2020-02-26,0.1899999976158142,0.1899999976158142,0.1899999976158142,0.1899999976158142,0.1899999976158142,0
2020-02-27,0.1899999976158142,0.1899999976158142,0.1899999976158142,0.1899999976158142,0.1899999976158142,0
2020-02-28,0.1899999976158142,0.1899999976158142,0.1899999976158142,0.1899999976158142,0.1899999976158142,0
2020-03-02,0.1899999976158142,0.1899999976158142,0.1899999976158142,0.1899999976158142,0.1899999976158142,0
2020-03-03,0.1899999976158142,0.1899999976158142,0.1899999976158142,0.1899999976158142,0.1899999976158142,0
2020-03-04,0.1899999976158142,0.1899999976158142,0.1899999976158142,0.1899999976158142,0.1899999976158142,0
2020-03-05,0.1899999976158142,0.1899999976158142,0.1899999976158142,0.1899999976158142,0.1899999976158142,0
2020-03-06,0.1899999976158142,0.1899999976158142,0.1899999976158142,0.1899999976158142,0.1899999976158142,0
2020-03-09,0.1899999976158142,0.1899999976158142,0.1899999976158142,0.1899999976158142,0.1899999976158142,0
2020-03-11,0.1899999976158142,0.1899999976158142,0.1899999976158142,0.1899999976158142,0.1899999976158142,0
2020-03-12,0.1899999976158142,0.1899999976158142,0.1899999976158142,0.1899999976158142,0.1899999976158142,0
2020-03-13,0.1899999976158142,0.1899999976158142,0.1899999976158142,0.1899999976158142,0.1899999976158142,0
2020-03-16,0.1899999976158142,0.1899999976158142,0.1899999976158142,0.1899999976158142,0.1899999976158142,0
2020-03-17,0.1899999976158142,0.1899999976158142,0.1899999976158142,0.1899999976158142,0.1899999976158142,0
2020-03-18,0.1899999976158142,0.1899999976158142,0.1899999976158142,0.1899999976158142,0.1899999976158142,0
2020-03-19,0.1899999976158142,0.1899999976158142,0.1899999976158142,0.1899999976158142,0.1899999976158142,0
2020-03-20,0.1899999976158142,0.1899999976158142,0.1899999976158142,0.1899999976158142,0.1899999976158142,0
2020-03-23,0.1899999976158142,0.1899999976158142,0.1899999976158142,0.1899999976158142,0.1899999976158142,0
2020-03-24,0.1899999976158142,0.1899999976158142,0.1899999976158142,0.1899999976158142,0.1899999976158142,0
2020-03-25,0.1899999976158142,0.1899999976158142,0.1899999976158142,0.1899999976158142,0.1899999976158142,0
2020-03-26,0.1899999976158142,0.1899999976158142,0.1899999976158142,0.1899999976158142,0.1899999976158142,0
2020-03-27,0.1899999976158142,0.1899999976158142,0.1899999976158142,0.1899999976158142,0.1899999976158142,0
2020-03-30,0.1899999976158142,0.1899999976158142,0.1899999976158142,0.1899999976158142,0.1899999976158142,0
2020-03-31,0.1899999976158142,0.1899999976158142,0.1899999976158142,0.1899999976158142,0.1899999976158142,0
2020-04-01,0.1899999976158142,0.1899999976158142,0.1899999976158142,0.1899999976158142,0.1899999976158142,0
2020-04-03,0.1899999976158142,0.1899999976158142,0.1899999976158142,0.1899999976158142,0.1899999976158142,0
2020-04-07,0.1899999976158142,0.1899999976158142,0.1899999976158142,0.1899999976158142,0.1899999976158142,0
2020-04-08,0.1899999976158142,0.1899999976158142,0.1899999976158142,0.1899999976158142,0.1899999976158142,0
2020-04-09,0.1899999976158142,0.1899999976158142,0.1899999976158142,0.1899999976158142,0.1899999976158142,0
2020-04-13,0.1899999976158142,0.1899999976158142,0.1899999976158142,0.1899999976158142,0.1899999976158142,0
2020-04-15,0.1899999976158142,0.1899999976158142,0.1899999976158142,0.1899999976158142,0.1899999976158142,0
2020-04-16,0.1899999976158142,0.1899999976158142,0.1899999976158142,0.1899999976158142,0.1899999976158142,0
2020-04-17,0.1899999976158142,0.1899999976158142,0.1899999976158142,0.1899999976158142,0.1899999976158142,0
2020-04-20,0.1899999976158142,0.1899999976158142,0.1899999976158142,0.1899999976158142,0.1899999976158142,0
2020-04-21,0.1899999976158142,0.1899999976158142,0.1899999976158142,0.1899999976158142,0.1899999976158142,0
2020-04-22,0.1899999976158142,0.1899999976158142,0.1899999976158142,0.1899999976158142,0.1899999976158142,0
2020-04-23,0.1899999976158142,0.1899999976158142,0.1899999976158142,0.1899999976158142,0.1899999976158142,0
2020-04-24,0.1899999976158142,0.1899999976158142,0.1899999976158142,0.1899999976158142,0.1899999976158142,0
2020-04-27,0.1899999976158142,0.1899999976158142,0.1899999976158142,0.1899999976158142,0.1899999976158142,0
2020-04-28,0.1899999976158142,0.1899999976158142,0.1899999976158142,0.1899999976158142,0.1899999976158142,0
2020-04-29,0.1899999976158142,0.1899999976158142,0.1899999976158142,0.1899999976158142,0.1899999976158142,0
2020-04-30,0.1899999976158142,0.1899999976158142,0.1899999976158142,0.1899999976158142,0.1899999976158142,0
2020-05-04,0.1899999976158142,0.1899999976158142,0.1899999976158142,0.1899999976158142,0.1899999976158142,0
2020-05-05,0.1899999976158142,0.1899999976158142,0.1899999976158142,0.1899999976158142,0.1899999976158142,0
2020-05-06,0.1899999976158142,0.1899999976158142,0.1899999976158142,0.1899999976158142,0.1899999976158142,0
2020-05-07,0.1899999976158142,0.1899999976158142,0.1899999976158142,0.1899999976158142,0.1899999976158142,0
2020-05-08,0.1899999976158142,0.1899999976158142,0.1899999976158142,0.1899999976158142,0.1899999976158142,0
2020-05-11,0.1899999976158142,0.1899999976158142,0.1899999976158142,0.1899999976158142,0.1899999976158142,0
2020-05-12,0.1899999976158142,0.1899999976158142,0.1899999976158142,0.1899999976158142,0.1899999976158142,0
2020-05-13,0.1899999976158142,0.1899999976158142,0.1899999976158142,0.1899999976158142,0.1899999976158142,0
2020-05-14,0.1899999976158142,0.1899999976158142,0.1899999976158142,0.1899999976158142,0.1899999976158142,0
2020-05-15,0.1899999976158142,0.1899999976158142,0.1899999976158142,0.1899999976158142,0.1899999976158142,0
2020-05-18,0.1899999976158142,0.1899999976158142,0.1899999976158142,0.1899999976158142,0.1899999976158142,0
2020-05-19,0.1899999976158142,0.1899999976158142,0.1899999976158142,0.1899999976158142,0.1899999976158142,0
2020-05-20,0.1899999976158142,0.1899999976158142,0.1899999976158142,0.1899999976158142,0.1899999976158142,0
2020-05-21,0.1899999976158142,0.1899999976158142,0.1899999976158142,0.1899999976158142,0.1899999976158142,0
2020-05-22,0.1899999976158142,0.1899999976158142,0.1899999976158142,0.1899999976158142,0.1899999976158142,0
2020-05-26,0.1899999976158142,0.1899999976158142,0.1899999976158142,0.1899999976158142,0.1899999976158142,0
2020-05-27,0.1899999976158142,0.1899999976158142,0.1899999976158142,0.1899999976158142,0.1899999976158142,0
2020-05-28,0.1899999976158142,0.1899999976158142,0.1899999976158142,0.1899999976158142,0.1899999976158142,0
2020-05-29,0.1899999976158142,0.1899999976158142,0.1899999976158142,0.1899999976158142,0.1899999976158142,0
2020-06-01,0.1899999976158142,0.1899999976158142,0.1899999976158142,0.1899999976158142,0.1899999976158142,0
2020-06-02,0.1899999976158142,0.1899999976158142,0.1899999976158142,0.1899999976158142,0.1899999976158142,0
2020-06-03,0.1899999976158142,0.1899999976158142,0.1899999976158142,0.1899999976158142,0.1899999976158142,0
2020-06-04,0.1899999976158142,0.1899999976158142,0.1899999976158142,0.1899999976158142,0.1899999976158142,0
2020-06-05,0.1899999976158142,0.1899999976158142,0.1899999976158142,0.1899999976158142,0.1899999976158142,0
