Date,Open,High,Low,Close,Adj Close,Volume
2002-07-01,5.989999771118164,6.400000095367432,5.989999771118164,6.340000152587891,0.09288588911294937,7158
2002-07-02,6.320000171661377,6.5,6.320000171661377,6.429999828338623,0.09420444071292877,2430
2002-07-03,6.309999942779541,6.400000095367432,6.150000095367432,6.15500020980835,0.09017547965049744,3700
2002-07-04,6.550000190734863,6.590000152587891,5.809999942779541,6.09499979019165,0.08929643779993057,6912
2002-07-05,6.389999866485596,6.389999866485596,6.199999809265137,6.355000019073486,0.09310562163591385,5850
2002-07-08,6.409999847412109,6.994999885559082,6.409999847412109,6.994999885559082,0.1024821326136589,27400
2002-07-09,6.710000038146973,7.695000171661377,6.710000038146973,7.675000190734863,0.11244465410709381,50474
2002-07-10,7.989999771118164,7.989999771118164,6.949999809265137,7.014999866485596,0.10277514159679413,18470
2002-07-11,7.0,7.099999904632568,6.869999885559082,6.914999961853027,0.10131005197763443,5178
2002-07-12,6.989999771118164,7.190000057220459,6.755000114440918,7.105000019073486,0.10409373044967651,8130
2002-07-15,6.90500020980835,7.0,6.860000133514404,6.965000152587891,0.10204259306192398,1934
2002-07-16,6.704999923706055,7.099999904632568,6.614999771118164,6.894999980926514,0.1010170504450798,6548
2002-07-17,6.800000190734863,7.244999885559082,6.800000190734863,7.070000171661377,0.10358092933893204,11100
2002-07-18,7.224999904632568,7.619999885559082,7.224999904632568,7.375,0.1080494225025177,27932
2002-07-19,7.195000171661377,7.800000190734863,6.699999809265137,6.880000114440918,0.10079728066921234,12620
2002-07-22,6.800000190734863,7.275000095367432,6.599999904632568,6.605000019073486,0.096768319606781,6420
2002-07-23,6.599999904632568,6.900000095367432,6.5,6.784999847412109,0.0994054451584816,3200
2002-07-24,6.599999904632568,6.699999809265137,6.599999904632568,6.699999809265137,0.09816015511751175,4530
2002-07-25,6.599999904632568,6.775000095367432,6.215000152587891,6.304999828338623,0.0923730731010437,13480
2002-07-26,6.289999961853027,6.300000190734863,6.150000095367432,6.195000171661377,0.09076149761676788,2888
2002-07-29,5.925000190734863,6.050000190734863,5.710000038146973,5.900000095367432,0.08643952757120132,3700
2002-07-30,5.605000019073486,6.150000095367432,5.605000019073486,5.820000171661377,0.08526747673749924,1088
2002-07-31,5.574999809265137,5.945000171661377,5.550000190734863,5.840000152587891,0.08556049317121506,2750
2002-08-01,5.900000095367432,5.90500020980835,5.849999904632568,5.894999980926514,0.08636629581451416,680
2002-08-02,6.25,6.25,5.78000020980835,5.900000095367432,0.08643952757120132,2900
2002-08-05,6.119999885559082,6.465000152587891,6.0,6.239999771118164,0.09142081439495087,1990
2002-08-06,6.46999979019165,6.46999979019165,6.199999809265137,6.199999809265137,0.09083478152751923,1680
2002-08-07,6.300000190734863,6.514999866485596,6.0,6.050000190734863,0.08863714337348938,4220
2002-08-08,6.0,6.179999828338623,5.710000038146973,5.889999866485596,0.08629301190376282,1330
2002-08-09,6.079999923706055,6.090000152587891,6.079999923706055,6.079999923706055,0.08907665312290192,450
2002-08-12,6.590000152587891,6.590000152587891,5.704999923706055,6.28000020980835,0.09200683981180191,1824
2002-08-13,6.349999904632568,6.590000152587891,6.25,6.300000190734863,0.09229984879493713,1756
2002-08-14,6.449999809265137,6.449999809265137,6.0,6.034999847412109,0.08841739594936371,1590
2002-08-16,6.204999923706055,6.204999923706055,6.190000057220459,6.190000057220459,0.09068825840950012,2476
2002-08-19,6.014999866485596,6.025000095367432,5.659999847412109,5.940000057220459,0.45267921686172485,2054
2002-08-20,5.985000133514404,5.994999885559082,5.800000190734863,5.960000038146973,0.45420336723327637,2630
2002-08-21,5.75,6.045000076293945,5.75,6.045000076293945,0.4606812000274658,810
2002-08-22,5.855000019073486,5.900000095367432,5.855000019073486,5.900000095367432,0.44963085651397705,2200
2002-08-23,5.875,5.875,5.650000095367432,5.710000038146973,0.43515121936798096,802
2002-08-26,5.989999771118164,5.989999771118164,5.599999904632568,5.744999885559082,0.4378185570240021,1000
2002-08-27,5.599999904632568,6.0,5.599999904632568,6.0,0.4572516977787018,300
2002-08-28,5.644999980926514,5.864999771118164,5.644999980926514,5.809999942779541,0.44277217984199524,500
2002-08-29,5.699999809265137,5.789999961853027,5.414999961853027,5.784999847412109,0.44086673855781555,702
2002-08-30,6.300000190734863,6.300000190734863,5.650000095367432,5.650000095367432,0.4305788278579712,190
2002-09-02,5.650000095367432,5.650000095367432,5.650000095367432,5.650000095367432,0.4305788278579712,100
2002-09-03,5.599999904632568,5.599999904632568,5.525000095367432,5.539999961853027,0.42219579219818115,280
2002-09-04,5.550000190734863,5.550000190734863,5.550000190734863,5.550000190734863,0.4229578971862793,200
2002-09-05,5.570000171661377,5.690000057220459,5.304999828338623,5.34499979019165,0.407335102558136,4188
2002-09-06,5.684999942779541,5.789999961853027,5.375,5.789999961853027,0.44124794006347656,1330
2002-09-09,5.650000095367432,5.784999847412109,5.650000095367432,5.699999809265137,0.4343891143798828,1500
2002-09-11,5.449999809265137,5.449999809265137,5.210000038146973,5.349999904632568,0.40771618485450745,3600
2002-09-12,5.789999961853027,5.789999961853027,5.400000095367432,5.5,0.41914740204811096,1800
2002-09-13,5.400000095367432,5.400000095367432,5.400000095367432,5.400000095367432,0.4115265905857086,1100
2002-09-17,5.375,5.375,5.224999904632568,5.275000095367432,0.4020004868507385,300
2002-09-18,5.235000133514404,5.255000114440918,5.235000133514404,5.255000114440918,0.4004763066768646,760
2002-09-19,5.25,5.300000190734863,5.0,5.110000133514404,0.389426052570343,2434
2002-09-23,5.295000076293945,5.349999904632568,5.295000076293945,5.349999904632568,0.40771618485450745,600
2002-09-24,5.800000190734863,5.800000190734863,5.340000152587891,5.46999979019165,0.41686108708381653,9070
2002-09-25,5.599999904632568,5.599999904632568,5.40500020980835,5.449999809265137,0.4153369069099426,2288
2002-09-26,5.5,5.5,5.300000190734863,5.300000190734863,0.40390563011169434,40
2002-09-27,5.300000190734863,5.324999809265137,5.300000190734863,5.324999809265137,0.4058108627796173,640
2002-09-30,5.590000152587891,5.590000152587891,5.590000152587891,5.590000152587891,0.4260062575340271,200
2002-10-01,5.300000190734863,5.400000095367432,5.300000190734863,5.300000190734863,0.40390563011169434,1290
2002-10-03,5.389999866485596,5.389999866485596,5.199999809265137,5.199999809265137,0.39628487825393677,300
2002-10-04,5.5,5.5,5.5,5.5,0.41914740204811096,392
2002-10-09,5.400000095367432,5.400000095367432,5.25,5.389999866485596,0.41076454520225525,900
2002-10-10,5.400000095367432,5.400000095367432,5.400000095367432,5.400000095367432,0.4115265905857086,200
2002-10-11,5.449999809265137,5.449999809265137,5.25,5.300000190734863,0.40390563011169434,1480
2002-10-16,5.210000038146973,5.340000152587891,5.210000038146973,5.260000228881836,0.4008573591709137,160
2002-10-17,5.34499979019165,5.400000095367432,5.34499979019165,5.364999771118164,0.4088592529296875,200
2002-10-18,5.695000171661377,5.900000095367432,5.400000095367432,5.75,0.43819960951805115,6100
2002-10-21,5.704999923706055,6.0,5.699999809265137,5.71999979019165,0.4359132945537567,2446
2002-10-23,5.699999809265137,5.699999809265137,5.699999809265137,5.699999809265137,0.4343891143798828,400
2002-10-24,5.525000095367432,5.940000057220459,5.519999980926514,5.940000057220459,0.45267921686172485,1200
2002-10-25,6.400000095367432,6.400000095367432,5.920000076293945,5.925000190734863,0.4515361487865448,500
2002-10-28,5.599999904632568,5.599999904632568,5.599999904632568,5.599999904632568,0.42676833271980286,200
2002-10-29,5.800000190734863,5.800000190734863,5.800000190734863,5.800000190734863,0.4420101046562195,200
2002-10-30,5.619999885559082,5.619999885559082,5.514999866485596,5.554999828338623,0.42333897948265076,800
2002-10-31,5.900000095367432,6.099999904632568,5.699999809265137,5.960000038146973,0.45420336723327637,3100
2002-11-01,6.099999904632568,6.099999904632568,5.900000095367432,5.900000095367432,0.44963085651397705,500
2002-11-04,5.599999904632568,5.599999904632568,5.599999904632568,5.599999904632568,0.42676833271980286,100
2002-11-05,6.159999847412109,6.159999847412109,6.159999847412109,6.159999847412109,0.469445139169693,100
2002-11-07,6.699999809265137,6.699999809265137,5.900000095367432,5.974999904632568,0.4553465247154236,1650
2002-11-08,6.045000076293945,6.045000076293945,5.699999809265137,5.860000133514404,0.446582555770874,900
2002-11-11,5.900000095367432,5.900000095367432,5.894999980926514,5.894999980926514,0.4492499530315399,400
2002-11-12,5.710000038146973,5.710000038146973,5.619999885559082,5.619999885559082,0.42829251289367676,650
2002-11-13,5.619999885559082,5.619999885559082,5.619999885559082,5.619999885559082,0.42829251289367676,400
2002-11-14,5.610000133514404,5.610000133514404,5.400000095367432,5.425000190734863,0.41343173384666443,3420
2002-11-15,5.690000057220459,5.690000057220459,5.355000019073486,5.46999979019165,0.41686108708381653,1420
2002-11-18,5.5,5.5,5.304999828338623,5.400000095367432,0.4115265905857086,8850
2002-11-20,5.840000152587891,5.840000152587891,5.574999809265137,5.744999885559082,0.4378185570240021,1500
2002-11-21,5.889999866485596,5.889999866485596,5.65500020980835,5.800000190734863,0.4420101046562195,1860
2002-11-22,6.09499979019165,6.09499979019165,5.684999942779541,5.695000171661377,0.43400824069976807,2802
2002-11-25,5.945000171661377,6.0,5.735000133514404,5.945000171661377,0.4530603885650635,3182
2002-11-26,6.034999847412109,6.034999847412109,6.034999847412109,6.034999847412109,0.4599190950393677,100
2002-11-27,5.75,5.75,5.724999904632568,5.724999904632568,0.4362943470478058,500
2002-11-28,5.889999866485596,6.0,5.824999809265137,5.824999809265137,0.4439151883125305,2400
2002-11-29,5.75,6.099999904632568,5.75,6.0,0.4572516977787018,5850
2002-12-02,6.340000152587891,6.340000152587891,5.900000095367432,6.059999942779541,0.4618242383003235,2976
2002-12-03,6.144999980926514,6.159999847412109,5.940000057220459,5.965000152587891,0.4545844793319702,7440
2002-12-04,6.074999809265137,6.090000152587891,5.900000095367432,6.054999828338623,0.4614432454109192,2164
2002-12-05,5.934999942779541,6.184999942779541,5.929999828338623,5.949999809265137,0.4534412622451782,1900
2002-12-06,5.989999771118164,6.150000095367432,5.989999771118164,6.150000095367432,0.46868300437927246,1758
2002-12-09,6.150000095367432,6.150000095367432,6.150000095367432,6.150000095367432,0.46868300437927246,200
2002-12-10,6.119999885559082,6.139999866485596,5.900000095367432,5.900000095367432,0.44963085651397705,842
2002-12-11,6.0,6.0,6.0,6.0,0.4572516977787018,200
2002-12-12,6.0,6.099999904632568,5.869999885559082,6.0,0.4572516977787018,800
2002-12-13,6.099999904632568,6.099999904632568,5.960000038146973,5.960000038146973,0.45420336723327637,10800
2002-12-16,6.099999904632568,6.099999904632568,5.699999809265137,5.775000095367432,0.44010481238365173,4700
2002-12-17,5.925000190734863,5.974999904632568,5.880000114440918,5.929999828338623,0.4519170820713043,7104
2002-12-18,5.945000171661377,5.949999809265137,5.945000171661377,5.949999809265137,0.4534412622451782,300
2002-12-19,5.945000171661377,5.945000171661377,5.804999828338623,5.804999828338623,0.4423910677433014,700
2002-12-20,5.945000171661377,5.949999809265137,5.900000095367432,5.900000095367432,0.44963085651397705,2200
2002-12-23,5.78000020980835,5.974999904632568,5.78000020980835,5.784999847412109,0.44086673855781555,1100
2002-12-24,5.900000095367432,5.940000057220459,5.820000171661377,5.820000171661377,0.443534255027771,2000
2002-12-27,6.050000190734863,6.050000190734863,5.889999866485596,5.909999847412109,0.4503929018974304,602
2002-12-30,5.974999904632568,5.989999771118164,5.675000190734863,5.760000228881836,0.4389617145061493,5324
2002-12-31,5.864999771118164,5.864999771118164,5.864999771118164,5.864999771118164,0.4469635784626007,100
2003-01-01,5.949999809265137,5.949999809265137,5.900000095367432,5.900000095367432,0.44963085651397705,200
2003-01-02,5.875,5.875,5.775000095367432,5.875,0.44772574305534363,1800
2003-01-03,5.800000190734863,5.800000190734863,5.800000190734863,5.800000190734863,0.4420101046562195,100
2003-01-06,5.760000228881836,5.974999904632568,5.760000228881836,5.974999904632568,0.4553465247154236,300
2003-01-07,5.900000095367432,5.900000095367432,5.820000171661377,5.860000133514404,0.446582555770874,532
2003-01-09,5.945000171661377,6.25,5.945000171661377,6.010000228881836,0.4580138325691223,2942
2003-01-10,6.010000228881836,6.099999904632568,6.010000228881836,6.039999961853027,0.4603002071380615,300
2003-01-13,6.099999904632568,6.099999904632568,5.980000019073486,5.980000019073486,0.4557274878025055,836
2003-01-15,6.074999809265137,6.074999809265137,5.960000038146973,5.980000019073486,0.4557274878025055,500
2003-01-16,5.949999809265137,6.025000095367432,5.949999809265137,6.025000095367432,0.45915699005126953,1300
2003-01-17,6.099999904632568,6.105000019073486,6.010000228881836,6.014999866485596,0.45839494466781616,1440
2003-01-20,6.0,6.199999809265137,6.0,6.199999809265137,0.47249355912208557,1400
2003-01-21,6.099999904632568,6.099999904632568,6.099999904632568,6.099999904632568,0.4648726284503937,200
2003-01-22,6.150000095367432,6.199999809265137,6.0,6.03000020980835,0.45953792333602905,2680
2003-01-23,6.184999942779541,6.190000057220459,6.099999904632568,6.099999904632568,0.4648726284503937,1100
2003-01-24,6.099999904632568,6.099999904632568,5.949999809265137,5.960000038146973,0.45420336723327637,1400
2003-01-27,6.179999828338623,6.179999828338623,5.875,5.90500020980835,0.4500119090080261,1840
2003-01-29,6.079999923706055,6.085000038146973,5.934999942779541,6.019999980926514,0.4587758779525757,2200
2003-01-30,5.909999847412109,6.090000152587891,5.804999828338623,5.804999828338623,0.4423910677433014,2400
2003-01-31,6.0,6.0,5.864999771118164,6.0,0.4572516977787018,690
2003-02-03,5.989999771118164,5.989999771118164,5.989999771118164,5.989999771118164,0.4564897119998932,100
2003-02-04,5.900000095367432,6.099999904632568,5.900000095367432,6.025000095367432,0.45915699005126953,1320
2003-02-05,6.0,6.0,5.900000095367432,5.900000095367432,0.44963085651397705,540
2003-02-06,5.71999979019165,5.989999771118164,5.71999979019165,5.96999979019165,0.4549655020236969,2680
2003-02-07,6.025000095367432,6.099999904632568,5.974999904632568,5.989999771118164,0.4564897119998932,1900
2003-02-10,5.960000038146973,5.980000019073486,5.960000038146973,5.974999904632568,0.4553465247154236,600
2003-02-11,5.760000228881836,5.994999885559082,5.760000228881836,5.875,0.44772574305534363,1700
2003-02-12,5.989999771118164,5.989999771118164,5.989999771118164,5.989999771118164,0.4564897119998932,200
2003-02-14,5.925000190734863,6.0,5.925000190734863,6.0,0.4572516977787018,1400
2003-02-17,6.090000152587891,6.09499979019165,6.090000152587891,6.09499979019165,0.4644915759563446,400
2003-02-18,6.46999979019165,6.46999979019165,6.054999828338623,6.074999809265137,0.46296730637550354,542
2003-02-19,5.954999923706055,6.224999904632568,5.954999923706055,6.110000133514404,0.46563470363616943,1560
2003-02-20,6.03000020980835,6.159999847412109,6.03000020980835,6.105000019073486,0.46525368094444275,4950
2003-02-21,6.090000152587891,6.150000095367432,6.090000152587891,6.105000019073486,0.46525368094444275,3320
2003-02-24,6.394999980926514,6.400000095367432,6.150000095367432,6.179999828338623,0.4709693491458893,4250
2003-02-25,6.190000057220459,6.190000057220459,6.105000019073486,6.105000019073486,0.46525368094444275,2552
2003-02-26,6.150000095367432,6.244999885559082,6.099999904632568,6.110000133514404,0.46563470363616943,4050
2003-02-27,6.244999885559082,6.244999885559082,6.050000190734863,6.054999828338623,0.4614432454109192,2740
2003-02-28,6.190000057220459,6.375,6.03000020980835,6.190000057220459,0.47173142433166504,1240
2003-03-03,6.389999866485596,6.389999866485596,6.099999904632568,6.105000019073486,0.46525368094444275,4370
2003-03-04,6.110000133514404,6.110000133514404,6.099999904632568,6.099999904632568,0.4648726284503937,2900
2003-03-05,5.900000095367432,6.199999809265137,5.900000095367432,6.179999828338623,0.4709693491458893,2350
2003-03-06,6.130000114440918,6.230000019073486,6.130000114440918,6.170000076293945,0.4702072739601135,1850
2003-03-07,6.144999980926514,6.224999904632568,6.144999980926514,6.210000038146973,0.47325557470321655,1010
2003-03-10,6.190000057220459,6.190000057220459,6.025000095367432,6.025000095367432,0.45915699005126953,600
2003-03-11,6.199999809265137,6.199999809265137,5.925000190734863,6.139999866485596,0.4679209589958191,2702
2003-03-12,5.949999809265137,5.949999809265137,5.949999809265137,5.949999809265137,0.4534412622451782,2
2003-03-13,6.199999809265137,6.199999809265137,6.090000152587891,6.144999980926514,0.46830201148986816,3650
2003-03-17,6.054999828338623,6.054999828338623,6.054999828338623,6.054999828338623,0.4614432454109192,430
2003-03-19,6.150000095367432,6.190000057220459,6.090000152587891,6.090000152587891,0.46411052346229553,1032
2003-03-20,5.900000095367432,6.050000190734863,5.900000095367432,6.005000114440918,0.45763275027275085,3500
2003-03-21,6.239999771118164,6.239999771118164,6.079999923706055,6.195000171661377,0.47211235761642456,1252
2003-03-24,6.550000190734863,6.550000190734863,6.050000190734863,6.074999809265137,0.46296730637550354,6226
2003-03-25,6.199999809265137,6.199999809265137,5.840000152587891,6.034999847412109,0.4599190950393677,980
2003-03-26,6.199999809265137,6.199999809265137,6.0,6.019999980926514,0.4587758779525757,1096
2003-03-27,6.099999904632568,6.099999904632568,6.099999904632568,6.099999904632568,0.4648726284503937,130
2003-03-28,6.099999904632568,6.099999904632568,6.0,6.005000114440918,0.45763275027275085,1194
2003-03-31,5.960000038146973,5.960000038146973,5.574999809265137,5.949999809265137,0.4534412622451782,3200
2003-04-01,5.989999771118164,6.179999828338623,5.989999771118164,6.179999828338623,0.4709693491458893,400
2003-04-03,6.375,6.375,6.019999980926514,6.150000095367432,0.46868300437927246,1590
2003-04-04,6.090000152587891,6.284999847412109,6.090000152587891,6.199999809265137,0.47249355912208557,2316
2003-04-07,6.199999809265137,6.5,6.199999809265137,6.300000190734863,0.4801144003868103,2166
2003-04-08,6.300000190734863,6.449999809265137,6.25,6.449999809265137,0.49154555797576904,6580
2003-04-09,6.389999866485596,6.389999866485596,6.300000190734863,6.340000152587891,0.4831627607345581,1920
2003-04-10,6.349999904632568,6.420000076293945,6.324999809265137,6.420000076293945,0.48925942182540894,908
2003-04-11,6.400000095367432,6.599999904632568,6.355000019073486,6.574999809265137,0.5010716915130615,7500
2003-04-15,6.550000190734863,6.889999866485596,6.5,6.800000190734863,0.5182187557220459,2354
2003-04-16,6.900000095367432,6.989999771118164,6.800000190734863,6.974999904632568,0.5315551161766052,8100
2003-04-17,7.0,7.199999809265137,6.860000133514404,6.985000133514404,0.5323171615600586,8290
2003-04-21,7.25,7.25,6.820000171661377,6.994999885559082,0.5330793261528015,2444
2003-04-22,7.050000190734863,7.050000190734863,7.0,7.050000190734863,0.537270724773407,8660
2003-04-23,6.800000190734863,7.0,6.78000020980835,6.804999828338623,0.5185996294021606,5442
2003-04-24,6.75,6.75,6.699999809265137,6.710000038146973,0.5113598704338074,600
2003-04-25,6.699999809265137,6.775000095367432,6.349999904632568,6.360000133514404,0.48468688130378723,20000
2003-04-28,6.5,6.5,6.375,6.5,0.4953559935092926,5460
2003-04-29,6.409999847412109,6.514999866485596,6.409999847412109,6.514999866485596,0.4964991807937622,1100
2003-04-30,6.505000114440918,6.505000114440918,6.425000190734863,6.445000171661377,0.4911646544933319,3840
2003-05-02,6.449999809265137,6.599999904632568,6.449999809265137,6.554999828338623,0.49954745173454285,1000
2003-05-05,6.550000190734863,6.599999904632568,6.545000076293945,6.579999923706055,0.5014527440071106,2300
2003-05-06,6.599999904632568,6.894999980926514,6.519999980926514,6.650000095367432,0.5067873001098633,1458
2003-05-07,6.610000133514404,6.610000133514404,6.545000076293945,6.599999904632568,0.5029768943786621,1712
2003-05-08,6.599999904632568,6.744999885559082,6.5,6.644999980926514,0.5064063668251038,2846
2003-05-09,6.539999961853027,6.980000019073486,6.534999847412109,6.894999980926514,0.5254585146903992,15564
2003-05-12,6.994999885559082,6.994999885559082,6.829999923706055,6.929999828338623,0.5281257629394531,11346
2003-05-13,7.025000095367432,7.295000076293945,6.909999847412109,7.230000019073486,0.550988495349884,30036
2003-05-14,7.260000228881836,7.340000152587891,7.179999828338623,7.224999904632568,0.5506073832511902,19286
2003-05-15,7.340000152587891,7.349999904632568,7.164999961853027,7.179999828338623,0.5471779108047485,5210
2003-05-16,7.28000020980835,7.28000020980835,6.989999771118164,7.050000190734863,0.537270724773407,5450
2003-05-19,7.135000228881836,7.199999809265137,7.025000095367432,7.034999847412109,0.5361276865005493,2800
2003-05-20,7.0,7.0,6.949999809265137,6.960000038146973,0.5304120182991028,520
2003-05-21,7.059999942779541,7.5,7.059999942779541,7.324999809265137,0.5582281947135925,12652
2003-05-22,7.230000019073486,7.375,7.099999904632568,7.199999809265137,0.5487021207809448,5150
2003-05-23,6.699999809265137,7.28000020980835,6.699999809265137,7.139999866485596,0.5441296100616455,2150
2003-05-26,7.25,7.28000020980835,7.170000076293945,7.215000152587891,0.5498451590538025,6900
2003-05-27,7.25,7.25,7.139999866485596,7.190000057220459,0.5479400157928467,5828
2003-05-28,7.150000095367432,7.150000095367432,7.050000190734863,7.125,0.5429864525794983,970
2003-05-29,7.099999904632568,7.110000133514404,7.050000190734863,7.050000190734863,0.537270724773407,2100
2003-05-30,7.059999942779541,7.099999904632568,7.0,7.03000020980835,0.5357465744018555,7950
2003-06-02,7.0,7.150000095367432,6.875,6.925000190734863,0.527744710445404,11532
2003-06-03,7.090000152587891,7.090000152587891,6.699999809265137,6.744999885559082,0.5140272378921509,21712
2003-06-04,6.989999771118164,6.989999771118164,6.900000095367432,6.949999809265137,0.5296499133110046,3910
2003-06-05,7.0,7.349999904632568,6.974999904632568,7.199999809265137,0.5487021207809448,20740
2003-06-06,7.099999904632568,7.425000190734863,7.099999904632568,7.320000171661377,0.5578471422195435,12268
2003-06-09,7.699999809265137,7.800000190734863,7.449999809265137,7.775000095367432,0.5925220847129822,8300
2003-06-10,7.96999979019165,8.0,7.699999809265137,7.775000095367432,0.5925220847129822,5222
2003-06-11,7.699999809265137,7.900000095367432,7.699999809265137,7.775000095367432,0.5925220847129822,7120
2003-06-12,7.889999866485596,7.900000095367432,7.800000190734863,7.815000057220459,0.5955705046653748,8912
2003-06-13,7.710000038146973,8.399999618530273,7.710000038146973,8.3100004196167,0.6332938075065613,23216
2003-06-16,8.399999618530273,8.800000190734863,8.25,8.53499984741211,0.6504405736923218,16032
2003-06-17,8.649999618530273,8.899999618530273,8.319999694824219,8.75,0.6668254733085632,22652
2003-06-18,9.25,9.300000190734863,8.760000228881836,8.829999923706055,0.6729220747947693,21500
2003-06-19,8.899999618530273,9.0,8.649999618530273,8.65999984741211,0.6599666476249695,12610
2003-06-20,8.65999984741211,8.729999542236328,8.520000457763672,8.600000381469727,0.6553941965103149,5110
2003-06-23,8.600000381469727,8.949999809265137,8.600000381469727,8.779999732971191,0.6691118478775024,6564
2003-06-24,8.675000190734863,9.050000190734863,8.675000190734863,8.774999618530273,0.6687305569648743,5160
2003-06-25,9.0,9.085000038146973,8.640000343322754,9.010000228881836,0.6866399049758911,50638
2003-06-26,9.180000305175781,9.399999618530273,9.03499984741211,9.039999961853027,0.6889258027076721,11742
2003-06-27,9.100000381469727,9.109999656677246,8.819999694824219,8.899999618530273,0.6782567501068115,13658
2003-06-30,8.984999656677246,9.199999809265137,8.899999618530273,9.010000228881836,0.6866399049758911,11340
2003-07-01,9.010000228881836,9.085000038146973,8.914999961853027,8.960000038146973,0.6828292012214661,5332
2003-07-02,9.005000114440918,9.125,8.925000190734863,9.005000114440918,0.6862585544586182,3930
2003-07-03,9.0,9.0600004196167,8.704999923706055,8.904999732971191,0.6786377429962158,5600
2003-07-04,8.899999618530273,9.59000015258789,8.899999618530273,9.265000343322754,0.7060729265213013,37066
2003-07-07,9.199999809265137,10.194999694824219,9.125,10.015000343322754,0.7632294297218323,46548
2003-07-08,10.5,10.59000015258789,9.899999618530273,9.899999618530273,0.7544653415679932,7230
2003-07-09,9.819999694824219,9.819999694824219,9.319999694824219,9.520000457763672,0.7255061864852905,7612
2003-07-10,9.53499984741211,9.649999618530273,9.324999809265137,9.550000190734863,0.7277923226356506,24920
2003-07-11,9.399999618530273,9.449999809265137,9.119999885559082,9.220000267028809,0.702643632888794,5544
2003-07-14,9.390000343322754,9.5,9.0,9.454999923706055,0.7205525040626526,13182
2003-07-15,9.404999732971191,9.494999885559082,9.25,9.335000038146973,0.7114074230194092,7140
2003-07-16,9.300000190734863,9.5,9.25,9.454999923706055,0.7205525040626526,17758
2003-07-17,9.475000381469727,9.494999885559082,9.149999618530273,9.239999771118164,0.7041676640510559,7150
2003-07-18,9.25,9.479999542236328,9.199999809265137,9.454999923706055,0.7205525040626526,15076
2003-07-21,9.399999618530273,9.470000267028809,9.149999618530273,9.1850004196167,0.6999762058258057,3618
2003-07-22,9.199999809265137,9.244999885559082,9.029999732971191,9.180000305175781,0.6995950937271118,1688
2003-07-23,9.994999885559082,9.994999885559082,9.199999809265137,9.300000190734863,0.708740234375,2386
2003-07-24,9.210000038146973,9.300000190734863,9.109999656677246,9.274999618530273,0.7068349719047546,2846
2003-07-25,9.255000114440918,9.399999618530273,8.90999984741211,9.039999961853027,0.6889258027076721,4950
2003-07-28,9.149999618530273,9.399999618530273,9.149999618530273,9.399999618530273,0.7163610458374023,1168
2003-07-29,10.199999809265137,10.199999809265137,9.289999961853027,9.444999694824219,0.719790518283844,15060
2003-07-30,8.800000190734863,10.25,8.614999771118164,10.1850004196167,2.1280312538146973,40760
2003-07-31,9.600000381469727,10.300000190734863,9.5,9.569999694824219,1.999534010887146,11690
2003-08-01,9.260000228881836,9.600000381469727,9.260000228881836,9.539999961853027,1.9932663440704346,7950
2003-08-04,9.600000381469727,10.09000015258789,9.25,9.954999923706055,2.0799753665924072,28096
2003-08-05,9.630000114440918,9.835000038146973,9.199999809265137,9.399999618530273,1.9640147686004639,4754
2003-08-06,9.899999618530273,9.899999618530273,9.104999542236328,9.119999885559082,1.9055122137069702,3956
2003-08-07,9.199999809265137,9.989999771118164,9.199999809265137,9.944999694824219,2.077885627746582,16962
2003-08-08,9.899999618530273,10.300000190734863,9.699999809265137,10.164999961853027,2.123852014541626,37256
2003-08-11,10.199999809265137,10.399999618530273,10.0,10.125,2.115494728088379,6522
2003-08-12,10.104999542236328,10.300000190734863,9.5649995803833,10.265000343322754,2.1447460651397705,11468
2003-08-13,9.015000343322754,10.59000015258789,9.015000343322754,10.515000343322754,2.1969804763793945,14570
2003-08-14,10.5,10.604999542236328,10.100000381469727,10.1850004196167,2.1280312538146973,7166
2003-08-18,10.21500015258789,10.229999542236328,9.505000114440918,9.885000228881836,2.065349817276001,2344
2003-08-19,10.300000190734863,10.300000190734863,9.899999618530273,10.0,2.089376926422119,5384
2003-08-20,10.0,10.100000381469727,9.604999542236328,9.75,2.0371432304382324,2440
2003-08-21,9.649999618530273,9.800000190734863,9.449999809265137,9.489999771118164,1.982818841934204,3140
2003-08-22,9.5,10.300000190734863,9.399999618530273,10.085000038146973,2.1071372032165527,7570
2003-08-25,10.199999809265137,10.25,9.625,9.640000343322754,2.0141594409942627,3386
2003-08-26,9.710000038146973,10.050000190734863,9.704999923706055,10.005000114440918,2.0904219150543213,4522
2003-08-27,9.71500015258789,10.0,9.71500015258789,9.819999694824219,2.0517685413360596,2264
2003-08-28,9.729999542236328,10.020000457763672,9.625,10.020000457763672,2.0935564041137695,3176
2003-08-29,10.0,11.020000457763672,10.0,10.645000457763672,2.2241427898406982,68700
2003-09-01,10.199999809265137,11.0,10.199999809265137,10.65999984741211,2.227276086807251,4380
2003-09-02,10.300000190734863,10.699999809265137,10.010000228881836,10.5,2.1938467025756836,33990
2003-09-03,10.039999961853027,10.994999885559082,10.024999618530273,10.5600004196167,2.2063827514648438,10510
2003-09-04,10.449999809265137,10.854999542236328,10.199999809265137,10.279999732971191,2.1478800773620605,1146
2003-09-05,10.885000228881836,10.885000228881836,10.104999542236328,10.210000038146973,2.1332545280456543,1200
2003-09-08,10.699999809265137,10.739999771118164,10.199999809265137,10.260000228881836,2.1437013149261475,2860
2003-09-09,10.5,10.5,10.0,10.024999618530273,2.0946006774902344,6692
2003-09-10,10.0600004196167,10.0600004196167,9.8100004196167,9.899999618530273,2.068483352661133,4232
2003-09-11,9.800000190734863,10.0600004196167,9.800000190734863,10.005000114440918,2.0904219150543213,2360
2003-09-12,10.050000190734863,10.199999809265137,9.850000381469727,10.0,2.089376926422119,2090
2003-09-15,9.800000190734863,9.800000190734863,9.600000381469727,9.699999809265137,2.026695966720581,2020
2003-09-16,9.425000190734863,9.800000190734863,9.425000190734863,9.800000190734863,2.0475900173187256,1840
2003-09-17,10.095000267028809,10.095000267028809,9.75,9.75,2.0371432304382324,320
2003-09-18,9.600000381469727,9.600000381469727,9.25,9.319999694824219,1.9472999572753906,5560
2003-09-19,9.324999809265137,9.800000190734863,9.324999809265137,9.800000190734863,2.0475900173187256,2352
2003-09-22,9.989999771118164,9.989999771118164,9.699999809265137,9.699999809265137,2.026695966720581,200
2003-09-23,9.760000228881836,9.760000228881836,9.449999809265137,9.449999809265137,1.9744617938995361,420
2003-09-24,9.505000114440918,9.859999656677246,9.505000114440918,9.729999542236328,2.032963514328003,470
2003-09-25,9.569999694824219,9.569999694824219,9.569999694824219,9.569999694824219,1.999534010887146,2
2003-09-26,10.0,10.0,9.460000038146973,9.604999542236328,2.0068471431732178,526
2003-09-29,9.890000343322754,10.0,9.65999984741211,9.904999732971191,2.0695278644561768,4730
2003-09-30,10.029999732971191,10.899999618530273,9.800000190734863,10.899999618530273,2.277420997619629,26862
2003-10-01,10.899999618530273,11.0,10.5,10.899999618530273,2.277420997619629,8050
2003-10-03,11.0,11.5,10.71500015258789,11.350000381469727,2.371443271636963,5980
2003-10-06,11.399999618530273,12.484999656677246,11.329999923706055,12.484999656677246,2.6085875034332275,16984
2003-10-07,12.600000381469727,13.0,11.675000190734863,11.8149995803833,2.468599796295166,9006
2003-10-08,11.819999694824219,11.899999618530273,11.699999809265137,11.699999809265137,2.4445712566375732,1540
2003-10-09,11.1899995803833,12.28499984741211,11.1899995803833,12.149999618530273,2.5385937690734863,3700
2003-10-10,12.760000228881836,12.760000228881836,11.859999656677246,12.050000190734863,2.5177001953125,1804
2003-10-13,11.8100004196167,12.0,11.545000076293945,12.0,2.5072531700134277,1154
2003-10-14,11.520000457763672,12.1899995803833,11.5,11.550000190734863,2.4132306575775146,2406
2003-10-15,11.5,11.5,11.300000190734863,11.300000190734863,2.360996723175049,3352
2003-10-16,11.300000190734863,11.494999885559082,11.25,11.449999809265137,2.39233660697937,3370
2003-10-17,11.414999961853027,11.5600004196167,11.414999961853027,11.430000305175781,2.388158082962036,5286
2003-10-20,11.5,11.675000190734863,11.414999961853027,11.420000076293945,2.3860692977905273,2252
2003-10-21,11.414999961853027,11.414999961853027,11.050000190734863,11.149999618530273,2.329655647277832,1592
2003-10-22,10.949999809265137,10.949999809265137,10.75,10.824999809265137,2.2617506980895996,2000
2003-10-23,10.5,10.829999923706055,10.5,10.824999809265137,2.2617506980895996,648
2003-10-24,10.949999809265137,10.949999809265137,10.289999961853027,10.3100004196167,2.1541483402252197,6032
2003-10-27,10.890000343322754,10.890000343322754,10.890000343322754,10.890000343322754,2.27533221244812,100
2003-10-28,10.600000381469727,10.600000381469727,10.5,10.5,2.1938467025756836,600
2003-10-29,10.899999618530273,10.899999618530273,10.204999923706055,10.364999771118164,2.1656391620635986,410
2003-10-30,10.40999984741211,10.800000190734863,10.399999618530273,10.585000038146973,2.21160626411438,772
2003-10-31,10.925000190734863,11.114999771118164,10.850000381469727,11.114999771118164,2.3223423957824707,3928
2003-11-03,11.670000076293945,11.675000190734863,11.449999809265137,11.614999771118164,2.426811456680298,2418
2003-11-04,12.0,12.199999809265137,12.0,12.199999809265137,2.5490405559539795,6190
2003-11-05,12.175000190734863,12.430000305175781,12.100000381469727,12.239999771118164,2.5573983192443848,6080
2003-11-06,12.300000190734863,12.854999542236328,12.260000228881836,12.854999542236328,2.68589448928833,7528
2003-11-07,12.604999542236328,13.199999809265137,12.324999809265137,12.414999961853027,2.5939621925354004,9170
2003-11-10,12.699999809265137,13.03499984741211,12.699999809265137,13.005000114440918,2.7172348499298096,2266
2003-11-11,13.640000343322754,13.640000343322754,12.699999809265137,13.199999809265137,2.7579784393310547,4372
2003-11-12,12.850000381469727,13.100000381469727,12.699999809265137,12.760000228881836,2.666045904159546,4560
2003-11-13,12.970000267028809,13.399999618530273,12.949999809265137,13.100000381469727,2.7370846271514893,10238
2003-11-14,13.050000190734863,13.100000381469727,13.0,13.100000381469727,2.7370846271514893,3602
2003-11-17,13.529999732971191,14.145000457763672,13.529999732971191,13.914999961853027,2.9073684215545654,3862
2003-11-18,14.0,14.239999771118164,13.550000190734863,13.550000190734863,2.831106424331665,1590
2003-11-19,13.75,14.229999542236328,13.119999885559082,13.930000305175781,2.9105026721954346,9426
2003-11-20,14.630000114440918,14.630000114440918,14.149999618530273,14.194999694824219,2.9658713340759277,2592
2003-11-21,14.5,14.524999618530273,13.510000228881836,14.225000381469727,2.972139358520508,6150
2003-11-24,14.199999809265137,14.199999809265137,13.779999732971191,13.824999809265137,2.888564109802246,1134
2003-11-25,14.170000076293945,14.170000076293945,13.625,14.109999656677246,2.948110342025757,7996
2003-11-27,14.09000015258789,14.149999618530273,13.899999618530273,14.050000190734863,2.9355757236480713,17434
2003-11-28,13.710000038146973,14.100000381469727,13.550000190734863,14.09000015258789,2.9439327716827393,13622
2003-12-01,14.100000381469727,14.300000190734863,13.800000190734863,13.96500015258789,2.917815923690796,17740
2003-12-02,14.050000190734863,14.199999809265137,13.789999961853027,14.0,2.92512845993042,2740
2003-12-03,14.0,14.5,14.0,14.34000015258789,2.996166706085205,3966
2003-12-04,14.600000381469727,14.600000381469727,14.125,14.220000267028809,2.9710943698883057,7054
2003-12-05,14.619999885559082,14.9350004196167,14.609999656677246,14.845000267028809,3.1016807556152344,26976
2003-12-08,14.899999618530273,15.28499984741211,14.899999618530273,15.09000015258789,3.1528706550598145,11862
2003-12-09,15.59000015258789,15.845000267028809,15.555000305175781,15.819999694824219,3.305394411087036,6390
2003-12-10,16.299999237060547,16.579999923706055,16.0,16.06999969482422,3.3576300144195557,10024
2003-12-11,15.899999618530273,15.899999618530273,15.270000457763672,15.444999694824219,3.227043628692627,9008
2003-12-12,15.300000190734863,15.845000267028809,15.029999732971191,15.510000228881836,3.240623950958252,3590
2003-12-15,16.100000381469727,16.2450008392334,15.710000038146973,15.869999885559082,3.3158421516418457,2590
2003-12-16,15.890000343322754,15.925000190734863,15.529999732971191,15.699999809265137,3.280322551727295,1650
2003-12-17,16.0,16.450000762939453,15.020000457763672,16.040000915527344,3.351361036300659,18008
2003-12-18,16.614999771118164,16.81999969482422,16.0,16.4950008392334,3.446427822113037,6740
2003-12-19,16.225000381469727,16.594999313354492,16.225000381469727,16.344999313354492,3.415087938308716,1780
2003-12-22,16.399999618530273,17.100000381469727,16.104999542236328,16.44499969482422,3.435981273651123,4034
2003-12-23,16.325000762939453,16.975000381469727,16.149999618530273,16.645000457763672,3.4777684211730957,6454
2003-12-24,16.25,17.479999542236328,16.200000762939453,17.09000015258789,3.5707457065582275,3160
2003-12-26,17.700000762939453,17.94499969482422,17.0,17.725000381469727,3.7034213542938232,3610
2003-12-29,17.514999389648438,18.0,17.510000228881836,17.545000076293945,3.6658122539520264,3154
2003-12-30,17.600000381469727,18.424999237060547,17.549999237060547,18.424999237060547,3.849677562713623,12988
2003-12-31,18.389999389648438,18.389999389648438,17.850000381469727,17.954999923706055,3.7514760494232178,3660
2004-01-01,17.850000381469727,18.09000015258789,17.764999389648438,17.954999923706055,3.7514760494232178,2380
2004-01-02,17.80500030517578,18.5,17.604999542236328,18.485000610351562,3.8622140884399414,4630
2004-01-05,19.0,19.170000076293945,17.700000762939453,17.934999465942383,3.747297763824463,3312
2004-01-06,17.860000610351562,17.860000610351562,17.299999237060547,17.524999618530273,3.6616344451904297,4812
2004-01-07,16.719999313354492,17.0,16.649999618530273,16.84000015258789,3.5185110569000244,4360
2004-01-08,16.600000381469727,17.56999969482422,16.600000381469727,17.4950008392334,3.6553659439086914,360
2004-01-09,17.4950008392334,18.364999771118164,16.6200008392334,18.165000915527344,3.795354127883911,11504
2004-01-12,17.799999237060547,17.799999237060547,17.260000228881836,17.34000015258789,3.6229801177978516,500
2004-01-13,17.200000762939453,18.0,16.649999618530273,18.0,3.7608792781829834,5570
2004-01-14,17.850000381469727,18.200000762939453,17.799999237060547,17.80500030517578,3.720136880874634,2460
2004-01-15,17.424999237060547,17.424999237060547,17.405000686645508,17.405000686645508,3.636561155319214,60
2004-01-16,17.5,17.549999237060547,16.610000610351562,16.704999923706055,3.490304708480835,1060
2004-01-19,15.960000038146973,16.68000030517578,15.960000038146973,16.1200008392334,3.368077278137207,1070
2004-01-20,16.399999618530273,16.489999771118164,15.869999885559082,16.03499984741211,3.3503165245056152,5262
2004-01-21,16.450000762939453,16.5,15.25,15.25,3.18630051612854,970
2004-01-22,15.300000190734863,15.5,14.505000114440918,15.5,3.238534927368164,5940
2004-01-23,14.8100004196167,15.760000228881836,14.725000381469727,15.630000114440918,3.2656967639923096,2242
2004-01-27,16.049999237060547,16.049999237060547,15.300000190734863,15.300000190734863,3.196747303009033,940
2004-01-28,15.399999618530273,15.430000305175781,14.5600004196167,14.699999809265137,3.071385383605957,5012
2004-01-29,14.800000190734863,15.4350004196167,14.800000190734863,15.4350004196167,3.224954128265381,2926
2004-01-30,15.5,15.800000190734863,15.069999694824219,15.545000076293945,3.247936964035034,2060
2004-02-03,15.140000343322754,15.140000343322754,14.770000457763672,14.770000457763672,3.0860097408294678,600
2004-02-04,14.699999809265137,15.390000343322754,14.050000190734863,15.390000343322754,3.2155516147613525,7892
2004-02-05,14.850000381469727,15.390000343322754,14.850000381469727,15.114999771118164,3.1580939292907715,2650
2004-02-06,15.100000381469727,15.449999809265137,14.425000190734863,14.430000305175781,3.0149710178375244,2334
2004-02-09,15.0,15.100000381469727,15.0,15.09000015258789,3.1528706550598145,1100
2004-02-10,15.390000343322754,15.390000343322754,14.550000190734863,14.600000381469727,3.0504908561706543,880
2004-02-11,14.399999618530273,14.699999809265137,14.199999809265137,14.59000015258789,3.048401117324829,1744
2004-02-12,14.225000381469727,14.640000343322754,14.100000381469727,14.600000381469727,3.0504908561706543,5186
2004-02-13,14.210000038146973,14.46500015258789,14.0,14.09000015258789,2.9439327716827393,2978
2004-02-16,14.550000190734863,14.75,14.319999694824219,14.4350004196167,3.0160162448883057,2544
2004-02-17,14.305000305175781,14.475000381469727,14.100000381469727,14.475000381469727,3.024374008178711,642
2004-02-18,14.199999809265137,14.489999771118164,14.199999809265137,14.354999542236328,2.9993011951446533,1162
2004-02-19,14.5,14.5,14.300000190734863,14.404999732971191,3.0097482204437256,800
2004-02-20,14.300000190734863,15.125,14.300000190734863,15.109999656677246,3.1570498943328857,3536
2004-02-23,14.625,14.854999542236328,14.524999618530273,14.585000038146973,3.0473568439483643,1230
2004-02-24,14.255000114440918,14.255000114440918,14.029999732971191,14.194999694824219,2.9658713340759277,720
2004-02-25,14.300000190734863,14.5,14.010000228881836,14.354999542236328,2.9993011951446533,1822
2004-02-26,14.199999809265137,14.699999809265137,13.199999809265137,13.625,2.8467767238616943,1348
2004-02-27,14.1899995803833,14.489999771118164,14.1899995803833,14.489999771118164,3.027508020401001,400
2004-03-01,14.680000305175781,15.399999618530273,14.0,15.28499984741211,3.1936135292053223,2392
2004-03-03,14.21500015258789,14.600000381469727,14.21500015258789,14.600000381469727,3.0504908561706543,2380
2004-03-04,14.359999656677246,14.359999656677246,14.319999694824219,14.350000381469727,2.998256206512451,300
2004-03-05,14.5,15.020000457763672,14.5,14.895000457763672,3.1121280193328857,2050
2004-03-08,14.319999694824219,15.0,14.3149995803833,14.800000190734863,3.092278480529785,800
2004-03-09,14.130000114440918,14.199999809265137,14.130000114440918,14.199999809265137,2.9669156074523926,200
2004-03-10,14.899999618530273,14.899999618530273,14.869999885559082,14.869999885559082,3.106903553009033,180
2004-03-11,14.055000305175781,14.989999771118164,14.055000305175781,14.104999542236328,2.9470670223236084,440
2004-03-12,14.6899995803833,14.6899995803833,14.6850004196167,14.6850004196167,3.0682506561279297,6
2004-03-15,15.350000381469727,15.399999618530273,14.800000190734863,14.800000190734863,3.092278480529785,3566
2004-03-16,14.055000305175781,15.0,14.055000305175781,15.0,3.134066104888916,2590
2004-03-17,14.600000381469727,15.199999809265137,14.600000381469727,15.085000038146973,3.1518256664276123,1252
2004-03-18,14.550000190734863,14.550000190734863,14.130000114440918,14.140000343322754,2.9543795585632324,670
2004-03-19,14.289999961853027,15.0,13.90999984741211,15.0,3.134066104888916,860
2004-03-22,15.0,15.0,14.199999809265137,14.225000381469727,2.972139358520508,12
2004-03-23,13.5,15.399999618530273,13.5,15.369999885559082,3.2113728523254395,1368
2004-03-25,15.0,15.0,15.0,15.0,3.134066104888916,192
2004-03-26,14.414999961853027,14.414999961853027,14.3100004196167,14.319999694824219,2.99198842048645,896
2004-03-29,15.074999809265137,15.100000381469727,14.600000381469727,15.020000457763672,3.138244867324829,490
2004-03-30,15.489999771118164,15.489999771118164,14.529999732971191,14.600000381469727,3.0504908561706543,108
2004-03-31,14.609999656677246,15.989999771118164,14.609999656677246,15.850000381469727,3.3116629123687744,3936
2004-04-01,15.899999618530273,16.700000762939453,15.899999618530273,16.329999923706055,3.4119529724121094,380
2004-04-05,15.25,15.25,14.75,15.074999809265137,3.149736166000366,1290
2004-04-06,15.25,15.25,14.899999618530273,14.899999618530273,3.1131722927093506,740
2004-04-07,14.710000038146973,15.5,14.699999809265137,15.039999961853027,3.142423391342163,3208
2004-04-08,15.0,15.0,14.890000343322754,14.930000305175781,3.1194405555725098,840
2004-04-12,15.100000381469727,15.199999809265137,14.90999984741211,15.020000457763672,3.138244867324829,1500
2004-04-13,14.720000267028809,16.0,14.399999618530273,15.399999618530273,3.2176411151885986,2500
2004-04-15,15.75,16.0,15.600000381469727,15.774999618530273,3.2959930896759033,1010
2004-04-16,15.40999984741211,16.200000762939453,15.399999618530273,16.040000915527344,3.351361036300659,850
2004-04-19,16.0,16.600000381469727,16.0,16.5049991607666,3.448517084121704,1112
2004-04-20,16.0,16.0,15.609999656677246,15.800000190734863,3.3012163639068604,790
2004-04-21,16.0,16.799999237060547,15.989999771118164,16.385000228881836,3.4234442710876465,1300
2004-04-22,16.5,16.600000381469727,16.5,16.600000381469727,3.468366861343384,742
2004-04-23,16.604999542236328,16.614999771118164,16.200000762939453,16.360000610351562,3.4182212352752686,1300
2004-04-28,15.40999984741211,15.40999984741211,15.109999656677246,15.109999656677246,3.1570498943328857,350
2004-04-29,15.274999618530273,15.274999618530273,15.25,15.25,3.18630051612854,250
2004-04-30,15.800000190734863,15.800000190734863,13.800000190734863,15.210000038146973,3.177943229675293,1770
2004-05-03,15.010000228881836,15.010000228881836,14.729999542236328,14.729999542236328,3.0776524543762207,200
2004-05-04,14.949999809265137,15.100000381469727,14.949999809265137,15.100000381469727,3.1549596786499023,400
2004-05-05,15.029999732971191,15.5,15.0,15.109999656677246,3.1570498943328857,808
2004-05-06,15.5,15.5,15.5,15.5,3.238534927368164,520
2004-05-07,15.050000190734863,15.600000381469727,14.899999618530273,15.114999771118164,3.1580939292907715,1002
2004-05-10,15.100000381469727,15.100000381469727,14.904999732971191,15.100000381469727,3.1549596786499023,380
2004-05-11,15.09000015258789,15.100000381469727,14.609999656677246,14.609999656677246,3.0525801181793213,400
2004-05-12,14.975000381469727,15.890000343322754,14.975000381469727,15.0,3.134066104888916,312
2004-05-13,14.279999732971191,15.795000076293945,14.260000228881836,15.199999809265137,3.1758530139923096,390
2004-05-14,14.550000190734863,15.899999618530273,14.100000381469727,14.989999771118164,3.1319773197174072,5702
2004-05-17,13.510000228881836,13.975000381469727,13.510000228881836,13.585000038146973,2.838418960571289,1066
2004-05-18,13.484999656677246,13.484999656677246,13.484999656677246,13.484999656677246,2.8175249099731445,200
2004-05-19,13.699999809265137,13.800000190734863,13.699999809265137,13.800000190734863,2.883341073989868,240
2004-05-20,14.970000267028809,15.0,14.970000267028809,15.0,3.134066104888916,120
2004-05-21,15.050000190734863,15.050000190734863,14.239999771118164,14.270000457763672,2.981541872024536,672
2004-05-24,14.699999809265137,14.899999618530273,13.699999809265137,14.3100004196167,2.989898920059204,16150
2004-05-25,14.399999618530273,15.199999809265137,14.0600004196167,14.069999694824219,2.9397542476654053,104
2004-05-26,14.899999618530273,14.899999618530273,14.899999618530273,14.899999618530273,3.1131722927093506,2
2004-05-27,13.864999771118164,14.899999618530273,13.864999771118164,14.0600004196167,2.93766450881958,24302
2004-05-28,13.664999961853027,15.100000381469727,13.664999961853027,14.864999771118164,3.1058595180511475,8410
2004-05-31,13.600000381469727,13.600000381469727,13.600000381469727,13.600000381469727,2.8415539264678955,110
2004-06-02,14.725000381469727,14.960000038146973,14.725000381469727,14.960000038146973,3.125708818435669,1050
2004-06-03,14.5,15.300000190734863,14.255000114440918,14.255000114440918,2.978407382965088,404
2004-06-04,14.800000190734863,14.800000190734863,13.800000190734863,13.800000190734863,2.883341073989868,20000
2004-06-07,13.800000190734863,14.699999809265137,13.800000190734863,14.0,2.92512845993042,912
2004-06-08,14.0,14.0,13.380000114440918,13.850000381469727,2.8937876224517822,394
2004-06-09,13.850000381469727,13.984999656677246,13.425000190734863,13.619999885559082,2.845731496810913,662
2004-06-10,13.604999542236328,13.604999542236328,13.489999771118164,13.489999771118164,2.818570137023926,400
2004-06-11,13.75,13.989999771118164,13.619999885559082,13.619999885559082,2.845731496810913,232
2004-06-14,13.300000190734863,13.300000190734863,12.899999618530273,13.0,2.7161903381347656,1360
2004-06-15,12.800000190734863,12.800000190734863,12.800000190734863,12.800000190734863,2.6744027137756348,230
2004-06-16,13.0,13.0,12.800000190734863,12.899999618530273,2.695296287536621,4200
2004-06-17,12.449999809265137,13.699999809265137,12.449999809265137,12.800000190734863,2.6744027137756348,8202
2004-06-18,13.449999809265137,13.449999809265137,12.704999923706055,12.704999923706055,2.6545538902282715,10800
2004-06-21,12.300000190734863,13.050000190734863,12.074999809265137,12.875,2.6900734901428223,2200
2004-06-23,12.989999771118164,12.989999771118164,12.989999771118164,12.989999771118164,2.7141010761260986,100
2004-06-24,12.625,12.800000190734863,12.600000381469727,12.800000190734863,2.6744027137756348,250
2004-06-25,12.414999961853027,12.425000190734863,12.414999961853027,12.420000076293945,2.5950067043304443,52
2004-06-28,12.539999961853027,13.0,12.5,12.895000457763672,2.6942522525787354,1020
2004-06-29,12.505000114440918,14.0,12.505000114440918,13.300000190734863,2.778872013092041,10676
2004-06-30,13.829999923706055,14.34000015258789,13.829999923706055,14.25,2.9773621559143066,772
2004-07-01,14.199999809265137,15.600000381469727,14.010000228881836,15.119999885559082,3.1591386795043945,16430
2004-07-02,15.199999809265137,15.800000190734863,14.949999809265137,15.270000457763672,3.190479040145874,6444
2004-07-05,15.5,15.5,14.800000190734863,14.96500015258789,3.126753330230713,2750
2004-07-06,15.0,15.0,15.0,15.0,3.134066104888916,140
2004-07-07,15.0,15.0,14.800000190734863,14.800000190734863,3.092278480529785,390
2004-07-08,15.100000381469727,15.100000381469727,14.4350004196167,14.71500015258789,3.074518918991089,880
2004-07-09,15.100000381469727,15.100000381469727,14.890000343322754,14.899999618530273,3.1131722927093506,1100
2004-07-12,15.229999542236328,15.350000381469727,15.199999809265137,15.199999809265137,3.1758530139923096,2090
2004-07-13,15.300000190734863,15.300000190734863,15.300000190734863,15.300000190734863,3.196747303009033,384
2004-07-14,15.199999809265137,15.199999809265137,15.100000381469727,15.100000381469727,3.1549596786499023,230
2004-07-15,15.300000190734863,15.494999885559082,15.300000190734863,15.475000381469727,3.233311176300049,1596
2004-07-16,15.300000190734863,17.0,15.300000190734863,16.475000381469727,3.4422495365142822,4270
2004-07-19,15.5,16.5049991607666,15.5,16.334999084472656,3.4129984378814697,3280
2004-07-20,17.899999618530273,17.899999618530273,16.05500030517578,16.05500030517578,3.3544960021972656,290
2004-07-21,16.420000076293945,16.420000076293945,16.06999969482422,16.184999465942383,3.381657123565674,1640
2004-07-22,16.15999984741211,16.350000381469727,15.699999809265137,16.299999237060547,3.4056856632232666,1872
2004-07-23,16.59000015258789,17.799999237060547,16.59000015258789,17.270000457763672,3.608354330062866,1302
2004-07-26,18.135000228881836,18.135000228881836,16.809999465942383,17.34000015258789,3.6229801177978516,3850
2004-07-27,17.200000762939453,17.59000015258789,16.885000228881836,17.174999237060547,3.5885047912597656,1200
2004-07-28,17.110000610351562,17.5,17.100000381469727,17.5,3.6564111709594727,2310
2004-07-29,17.0,17.5,17.0,17.475000381469727,3.6511874198913574,4074
2004-07-30,17.0,17.0,16.354999542236328,16.604999542236328,6.077990531921387,608
2004-08-02,17.200000762939453,17.700000762939453,16.700000762939453,17.110000610351562,6.262838363647461,632
2004-08-03,16.719999313354492,17.25,16.5,16.700000762939453,6.11276388168335,1232
2004-08-04,16.0,16.549999237060547,16.0,16.549999237060547,6.057858943939209,82
2004-08-05,15.930000305175781,18.0,15.930000305175781,17.524999618530273,6.414742946624756,4160
2004-08-06,17.5,17.5,16.764999389648438,16.78499984741211,6.143877029418945,1432
2004-08-09,17.149999618530273,17.19499969482422,17.149999618530273,17.19499969482422,6.293951511383057,40
2004-08-10,16.899999618530273,18.0,16.899999618530273,17.719999313354492,6.486117839813232,2370
2004-08-11,16.90999984741211,17.290000915527344,16.760000228881836,16.760000228881836,6.134726047515869,1096
2004-08-12,16.454999923706055,17.0,16.454999923706055,16.9950008392334,6.220743656158447,460
2004-08-13,17.0,17.0,17.0,17.0,6.2225751876831055,32
2004-08-16,17.200000762939453,17.200000762939453,17.200000762939453,17.200000762939453,6.295782089233398,20
2004-08-17,16.700000762939453,16.700000762939453,16.700000762939453,16.700000762939453,6.11276388168335,120
2004-08-18,15.300000190734863,17.399999618530273,15.300000190734863,16.420000076293945,6.010274887084961,288
2004-08-19,17.0,17.790000915527344,17.0,17.274999618530273,6.323233604431152,2000
2004-08-20,17.200000762939453,17.200000762939453,16.860000610351562,17.149999618530273,6.277480125427246,696
2004-08-23,16.600000381469727,16.600000381469727,16.59000015258789,16.59000015258789,6.072500705718994,52
2004-08-24,16.600000381469727,17.2450008392334,16.59000015258789,16.80500030517578,6.15119743347168,1448
2004-08-25,16.079999923706055,17.200000762939453,16.079999923706055,16.75,6.131065845489502,372
2004-08-26,16.7549991607666,16.7549991607666,16.7549991607666,16.7549991607666,6.132896423339844,20
2004-08-27,17.559999465942383,17.700000762939453,16.799999237060547,17.46500015258789,6.392780303955078,2682
2004-08-30,17.5,17.5,16.225000381469727,16.885000228881836,6.180481433868408,1464
2004-08-31,17.100000381469727,17.475000381469727,16.950000762939453,17.1299991607666,6.270157814025879,1472
2004-09-01,17.0,17.5,17.0,17.3700008392334,6.358006000518799,1872
2004-09-02,17.399999618530273,17.75,16.200000762939453,16.600000381469727,6.076160907745361,2204
2004-09-03,16.80500030517578,17.0,16.799999237060547,16.799999237060547,6.149364948272705,1020
2004-09-06,17.350000381469727,17.350000381469727,16.899999618530273,17.0,6.2225751876831055,330
2004-09-07,17.0,17.489999771118164,17.0,17.135000228881836,6.271989345550537,1450
2004-09-08,17.489999771118164,17.5,17.135000228881836,17.459999084472656,6.390950679779053,1896
2004-09-09,17.5,17.5,17.0,17.0,6.2225751876831055,720
2004-09-10,17.200000762939453,17.399999618530273,17.100000381469727,17.325000762939453,6.341535568237305,1270
2004-09-13,17.399999618530273,17.700000762939453,17.2549991607666,17.46500015258789,6.392780303955078,3828
2004-09-14,17.59000015258789,17.59000015258789,17.200000762939453,17.200000762939453,6.295782089233398,700
2004-09-15,17.125,17.125,17.110000610351562,17.110000610351562,6.262838363647461,400
2004-09-17,17.030000686645508,17.100000381469727,16.899999618530273,16.899999618530273,6.185971260070801,530
2004-09-20,17.0049991607666,17.0049991607666,16.850000381469727,16.850000381469727,6.167669773101807,1150
2004-09-21,17.0,17.0,17.0,17.0,6.2225751876831055,20000
2004-09-22,16.559999465942383,17.0,16.549999237060547,16.950000762939453,6.204272747039795,4620
2004-09-23,17.0,17.0,16.709999084472656,16.709999084472656,6.116423606872559,4792
2004-09-24,16.700000762939453,16.795000076293945,16.700000762939453,16.7450008392334,6.129236221313477,278
2004-09-27,16.9950008392334,17.0,16.9950008392334,17.0,6.2225751876831055,280
2004-09-28,16.799999237060547,17.0,16.010000228881836,16.799999237060547,6.149364948272705,2648
2004-09-29,17.25,17.25,16.5,16.885000228881836,6.180481433868408,2074
2004-09-30,17.0,17.3799991607666,16.90999984741211,17.1299991607666,6.270157814025879,1608
2004-10-01,17.149999618530273,17.399999618530273,17.100000381469727,17.165000915527344,6.282970428466797,2104
2004-10-04,17.200000762939453,18.885000228881836,17.200000762939453,18.354999542236328,6.718550205230713,6278
2004-10-05,18.700000762939453,18.850000381469727,18.25,18.799999237060547,6.881434917449951,2810
2004-10-06,19.0,19.139999389648438,18.700000762939453,18.989999771118164,6.950981616973877,8920
2004-10-07,18.899999618530273,18.899999618530273,18.350000381469727,18.415000915527344,6.740512371063232,1088
2004-10-08,18.799999237060547,19.200000762939453,18.104999542236328,18.280000686645508,6.691096782684326,1992
2004-10-11,18.889999389648438,18.889999389648438,18.600000381469727,18.600000381469727,6.808228015899658,1290
2004-10-12,18.5,18.5,18.5,18.5,6.771625518798828,200
2004-10-14,19.489999771118164,19.489999771118164,18.040000915527344,18.040000915527344,6.603250503540039,200
2004-10-15,18.200000762939453,18.200000762939453,18.014999389648438,18.05500030517578,6.608741283416748,1700
2004-10-18,17.75,18.100000381469727,17.75,18.049999237060547,6.606909275054932,2848
2004-10-20,18.299999237060547,18.299999237060547,18.100000381469727,18.110000610351562,6.628872394561768,690
2004-10-21,18.149999618530273,18.149999618530273,18.100000381469727,18.100000381469727,6.625210762023926,1250
2004-10-25,18.200000762939453,18.25,18.200000762939453,18.25,6.680116653442383,200
2004-10-26,18.0,18.799999237060547,18.0,18.0,6.588608264923096,800
2004-10-27,18.309999465942383,18.985000610351562,18.30500030517578,18.55500030517578,6.791758060455322,3708
2004-10-28,18.5,18.899999618530273,18.5,18.5,6.771625518798828,2324
2004-11-01,18.399999618530273,19.489999771118164,18.399999618530273,19.489999771118164,7.133996486663818,2340
2004-11-02,19.5,19.5,18.354999542236328,18.44499969482422,6.751493453979492,780
2004-11-03,18.510000228881836,19.084999084472656,18.5,19.0,6.954642295837402,1020
2004-11-04,18.260000228881836,18.5,18.25,18.434999465942383,6.747831344604492,1690
2004-11-05,18.299999237060547,18.8799991607666,18.0,18.334999084472656,6.711228370666504,4040
2004-11-08,18.899999618530273,18.9950008392334,18.46500015258789,18.5049991607666,6.773453235626221,960
2004-11-09,18.5,18.5,18.274999618530273,18.274999618530273,6.689267158508301,300
2004-11-10,18.209999084472656,19.0,18.209999084472656,18.399999618530273,6.735020160675049,1680
2004-11-11,18.5,18.600000381469727,18.5,18.5,6.771625518798828,2968
2004-11-12,18.649999618530273,18.649999618530273,18.299999237060547,18.440000534057617,6.749663352966309,610
2004-11-16,18.700000762939453,19.799999237060547,18.309999465942383,18.875,6.90888786315918,4232
2004-11-17,19.899999618530273,19.899999618530273,19.100000381469727,19.100000381469727,6.991244316101074,3370
2004-11-18,19.5,21.010000228881836,18.799999237060547,19.854999542236328,7.26760196685791,9482
2004-11-19,19.225000381469727,20.68000030517578,19.200000762939453,19.329999923706055,7.075433731079102,3510
2004-11-22,19.25,20.809999465942383,19.25,19.80500030517578,7.249299049377441,3304
2004-11-23,20.0,20.0,19.350000381469727,19.71500015258789,7.216355800628662,3320
2004-11-24,21.0,21.0,19.725000381469727,20.325000762939453,7.439636707305908,5746
2004-11-25,20.399999618530273,20.600000381469727,19.799999237060547,20.200000762939453,7.393881797790527,1632
2004-11-29,20.5,20.600000381469727,19.799999237060547,20.200000762939453,7.393881797790527,1806
2004-11-30,20.700000762939453,21.200000762939453,20.200000762939453,20.4950008392334,7.501861572265625,11654
2004-12-01,20.155000686645508,21.489999771118164,20.125,21.010000228881836,7.690370082855225,3922
2004-12-02,21.5,21.684999465942383,21.100000381469727,21.165000915527344,7.747104167938232,2948
2004-12-03,19.5,21.09000015258789,19.5,20.799999237060547,7.613503932952881,3380
2004-12-06,19.825000762939453,22.25,19.825000762939453,21.0,7.686709880828857,1258
2004-12-07,21.0,22.049999237060547,20.799999237060547,21.8799991607666,8.008820533752441,7246
2004-12-08,21.80500030517578,21.80500030517578,21.200000762939453,21.53499984741211,7.882537841796875,1484
2004-12-09,20.5,22.5,20.020000457763672,22.329999923706055,8.17353343963623,5220
2004-12-10,23.0,23.299999237060547,22.219999313354492,22.704999923706055,8.310798645019531,2270
2004-12-13,22.5,23.489999771118164,22.5,23.09000015258789,8.451720237731934,2750
2004-12-14,23.5,23.5,22.100000381469727,22.485000610351562,8.230269432067871,2448
2004-12-15,22.899999618530273,23.0,21.5,21.625,7.915480136871338,3500
2004-12-16,21.600000381469727,22.600000381469727,21.5,22.0,8.052742004394531,2766
2004-12-17,21.510000228881836,22.0,20.899999618530273,21.424999237060547,7.842273712158203,4476
2004-12-20,20.43000030517578,21.649999618530273,20.260000228881836,21.475000381469727,7.860575199127197,2080
2004-12-21,21.059999465942383,21.5,20.850000381469727,20.985000610351562,7.681218147277832,3320
2004-12-22,20.575000762939453,21.799999237060547,20.575000762939453,20.78499984741211,7.608011245727539,2330
2004-12-23,20.81999969482422,21.5,20.799999237060547,20.940000534057617,7.664748191833496,736
2004-12-24,21.0,21.299999237060547,20.700000762939453,21.170000076293945,7.748936176300049,1202
2004-12-27,20.799999237060547,20.899999618530273,20.56999969482422,20.68000030517578,7.569579124450684,1510
2004-12-28,20.799999237060547,21.5,20.600000381469727,21.5,7.869724750518799,5550
2004-12-29,21.600000381469727,21.600000381469727,20.799999237060547,21.40999984741211,7.836784362792969,13660
2004-12-30,21.209999084472656,21.59000015258789,21.0,21.174999237060547,7.750765323638916,2652
2004-12-31,21.100000381469727,21.5,21.0049991607666,21.34000015258789,7.811160564422607,6380
2005-01-03,21.950000762939453,22.0,21.524999618530273,21.65999984741211,7.9282917976379395,3112
2005-01-04,22.0,22.0,21.399999618530273,21.6299991607666,7.9173102378845215,2512
2005-01-05,21.5,21.700000762939453,19.559999465942383,20.770000457763672,7.602519989013672,6286
2005-01-06,19.764999389648438,21.700000762939453,19.764999389648438,20.5,7.503694534301758,7282
2005-01-07,20.600000381469727,21.5,20.600000381469727,20.850000381469727,7.631805419921875,690
2005-01-10,20.899999618530273,21.084999084472656,20.104999542236328,20.334999084472656,7.443296432495117,2510
2005-01-11,20.5,20.774999618530273,20.0,20.06999969482422,7.346297740936279,1388
2005-01-12,20.700000762939453,20.844999313354492,19.899999618530273,20.0,7.320674896240234,792
2005-01-13,19.950000762939453,21.790000915527344,19.850000381469727,20.40999984741211,7.470748424530029,1928
2005-01-14,20.149999618530273,20.799999237060547,20.100000381469727,20.200000762939453,7.393881797790527,1488
2005-01-17,21.56999969482422,21.56999969482422,19.799999237060547,20.0,7.320674896240234,1168
2005-01-18,20.899999618530273,21.200000762939453,20.200000762939453,21.200000762939453,7.759915828704834,4178
2005-01-19,20.5,20.5,20.200000762939453,20.2549991607666,7.414012432098389,1448
2005-01-20,20.549999237060547,20.649999618530273,20.299999237060547,20.299999237060547,7.430485248565674,16
2005-01-24,20.399999618530273,20.399999618530273,19.799999237060547,19.80500030517578,7.249299049377441,542
2005-01-25,21.0,21.0,20.0,20.44499969482422,7.483561038970947,1320
2005-01-27,22.0,22.0,20.600000381469727,20.700000762939453,7.576900959014893,1876
2005-01-28,21.399999618530273,21.399999618530273,20.5,20.844999313354492,7.629972457885742,1890
2005-01-31,20.75,20.9950008392334,20.600000381469727,20.735000610351562,7.589710712432861,5240
2005-02-01,20.700000762939453,21.100000381469727,20.700000762939453,20.950000762939453,7.668408393859863,5750
2005-02-02,20.899999618530273,21.5,20.799999237060547,20.899999618530273,7.650105953216553,1756
2005-02-03,21.200000762939453,21.200000762939453,20.790000915527344,20.94499969482422,7.66657829284668,828
2005-02-04,21.204999923706055,21.399999618530273,20.700000762939453,20.940000534057617,7.664748191833496,4896
2005-02-07,21.299999237060547,22.899999618530273,20.850000381469727,21.125,7.732463359832764,13038
2005-02-08,20.100000381469727,21.239999771118164,20.100000381469727,20.905000686645508,7.6519341468811035,452
2005-02-09,21.299999237060547,21.479999542236328,20.799999237060547,20.950000762939453,7.668408393859863,1882
2005-02-10,21.450000762939453,21.450000762939453,20.850000381469727,20.875,7.640955924987793,1926
2005-02-11,21.8799991607666,22.5,21.510000228881836,21.7450008392334,7.959405899047852,11464
2005-02-14,22.0,22.100000381469727,21.350000381469727,21.860000610351562,8.001500129699707,3964
2005-02-15,21.100000381469727,21.600000381469727,21.100000381469727,21.450000762939453,7.851425647735596,902
2005-02-16,21.30500030517578,21.649999618530273,21.299999237060547,21.360000610351562,7.818480491638184,1114
2005-02-17,21.18000030517578,21.700000762939453,21.18000030517578,21.684999465942383,7.937442302703857,880
2005-02-18,21.600000381469727,21.770000457763672,21.5,21.770000457763672,7.968555450439453,320
2005-02-21,21.799999237060547,22.094999313354492,21.795000076293945,21.985000610351562,8.04725170135498,2640
2005-02-22,21.94499969482422,22.100000381469727,21.649999618530273,21.700000762939453,7.942933559417725,1758
2005-02-23,22.0,22.5,22.0,22.325000762939453,8.171704292297363,5000
2005-02-24,22.100000381469727,22.350000381469727,21.75,21.78499984741211,7.974045276641846,1812
2005-02-25,21.559999465942383,22.329999923706055,21.5,21.540000915527344,7.884369850158691,1772
2005-02-28,22.9950008392334,22.9950008392334,20.829999923706055,21.450000762939453,7.851425647735596,536
2005-03-01,21.5,21.5,21.5,21.5,7.869724750518799,50
2005-03-02,21.700000762939453,21.700000762939453,21.5,21.600000381469727,7.9063310623168945,230
2005-03-03,22.079999923706055,22.885000228881836,21.729999542236328,22.719999313354492,8.3162841796875,3454
2005-03-04,22.700000762939453,24.9950008392334,22.229999542236328,23.174999237060547,8.482831954956055,10206
2005-03-07,24.549999237060547,24.889999389648438,24.204999923706055,24.219999313354492,8.865337371826172,3488
2005-03-08,24.399999618530273,24.81999969482422,24.104999542236328,24.299999237060547,8.894620895385742,2490
2005-03-09,24.200000762939453,24.200000762939453,23.149999618530273,23.149999618530273,8.473682403564453,560
2005-03-10,23.155000686645508,24.280000686645508,21.065000534057617,22.985000610351562,8.413287162780762,7906
2005-03-11,23.079999923706055,23.399999618530273,21.30500030517578,22.540000915527344,8.250402450561523,6250
2005-03-14,22.700000762939453,22.700000762939453,22.325000762939453,22.415000915527344,8.2046480178833,2438
2005-03-15,22.25,22.8799991607666,22.25,22.584999084472656,8.266873359680176,646
2005-03-16,22.299999237060547,23.19499969482422,22.299999237060547,23.149999618530273,8.473682403564453,1054
2005-03-17,23.0,23.674999237060547,22.799999237060547,23.03499984741211,8.431587219238281,1884
2005-03-18,23.299999237060547,23.299999237060547,22.55500030517578,22.559999465942383,8.257721900939941,1206
2005-03-21,22.5,23.475000381469727,22.5,22.5,8.235760688781738,19890
2005-03-22,22.649999618530273,22.655000686645508,22.149999618530273,22.239999771118164,8.140591621398926,5824
2005-03-23,22.0,22.399999618530273,21.700000762939453,21.729999542236328,7.953912734985352,3200
2005-03-24,22.395000457763672,22.395000457763672,21.80500030517578,22.125,8.09849739074707,490
2005-03-28,22.149999618530273,22.579999923706055,22.149999618530273,22.235000610351562,8.138760566711426,1322
2005-03-29,22.174999237060547,22.18000030517578,21.700000762939453,21.899999618530273,8.016139030456543,1016
2005-03-30,22.18000030517578,22.485000610351562,22.18000030517578,22.209999084472656,8.129609107971191,692
2005-03-31,22.399999618530273,23.600000381469727,22.399999618530273,23.0049991607666,8.420607566833496,2694
2005-04-01,22.375,23.100000381469727,22.375,22.9950008392334,8.416948318481445,1184
2005-04-04,22.799999237060547,22.850000381469727,22.424999237060547,22.43000030517578,8.210138320922852,878
2005-04-05,22.100000381469727,22.690000534057617,22.100000381469727,22.690000534057617,8.305306434631348,600
2005-04-06,22.5,22.850000381469727,22.30500030517578,22.809999465942383,8.349228858947754,1722
2005-04-07,22.59000015258789,22.84000015258789,22.299999237060547,22.674999237060547,8.299817085266113,7432
2005-04-08,22.700000762939453,22.700000762939453,22.229999542236328,22.450000762939453,8.217459678649902,250
2005-04-11,22.5,22.78499984741211,22.479999542236328,22.700000762939453,8.308967590332031,404
2005-04-12,22.25,22.799999237060547,22.25,22.75,8.327268600463867,250
2005-04-13,22.899999618530273,22.899999618530273,22.209999084472656,22.209999084472656,8.129609107971191,1710
2005-04-15,22.0,22.795000076293945,22.0,22.399999618530273,8.199155807495117,2252
2005-04-18,22.405000686645508,22.405000686645508,21.5,22.145000457763672,8.105816841125488,350
2005-04-19,22.5,22.950000762939453,22.014999389648438,22.014999389648438,8.058234214782715,2476
2005-04-20,22.0,22.100000381469727,21.700000762939453,21.899999618530273,8.016139030456543,870
2005-04-21,22.600000381469727,22.649999618530273,22.0,22.649999618530273,8.29066276550293,13102
2005-04-22,22.2549991607666,22.895000457763672,22.2549991607666,22.895000457763672,8.380343437194824,80
2005-04-25,22.010000228881836,23.600000381469727,22.010000228881836,23.1200008392334,8.462701797485352,37276
2005-04-26,23.5,23.5,23.200000762939453,23.34000015258789,8.543228149414062,21320
2005-04-27,23.5,23.600000381469727,23.100000381469727,23.155000686645508,8.47551155090332,2336
2005-04-28,23.100000381469727,23.700000762939453,23.0,23.0,8.418777465820312,9096
2005-04-29,23.5,23.5,23.0,23.18000030517578,8.484663009643555,2830
2005-05-02,23.290000915527344,23.290000915527344,22.725000381469727,22.950000762939453,8.400474548339844,610
2005-05-03,23.399999618530273,24.4950008392334,23.399999618530273,24.395000457763672,8.929393768310547,7350
2005-05-04,25.450000762939453,25.450000762939453,24.014999389648438,24.415000915527344,8.936716079711914,11520
2005-05-05,25.350000381469727,25.350000381469727,23.5,24.260000228881836,8.87997817993164,8300
2005-05-06,24.899999618530273,24.899999618530273,23.6299991607666,24.135000228881836,8.834224700927734,4268
2005-05-09,24.5,25.03499984741211,24.424999237060547,24.684999465942383,9.035542488098145,5480
2005-05-10,24.649999618530273,26.0,24.649999618530273,25.0,9.150843620300293,3904
2005-05-11,25.100000381469727,25.209999084472656,25.0,25.024999618530273,9.159994125366211,4392
2005-05-12,25.399999618530273,25.989999771118164,25.399999618530273,25.809999465942383,9.447331428527832,4676
2005-05-13,26.0,28.395000457763672,26.0,28.395000457763672,10.393528938293457,6170
2005-05-16,27.0,30.889999389648438,27.0,28.299999237060547,10.35875415802002,17866
2005-05-17,27.899999618530273,29.700000762939453,27.614999771118164,28.049999237060547,10.267248153686523,4782
2005-05-18,27.0,28.5,27.0,27.55500030517578,10.086061477661133,2100
2005-05-19,28.0,28.0,26.700000762939453,26.979999542236328,9.875592231750488,3836
2005-05-20,27.200000762939453,27.344999313354492,26.110000610351562,26.575000762939453,9.727346420288086,14482
2005-05-23,25.625,27.100000381469727,25.625,26.799999237060547,9.80970573425293,1318
2005-05-24,26.700000762939453,27.0,26.5,26.799999237060547,9.80970573425293,1350
2005-05-25,27.690000534057617,27.799999237060547,26.799999237060547,26.954999923706055,9.866439819335938,3962
2005-05-26,27.010000228881836,27.200000762939453,26.200000762939453,26.959999084472656,9.868269920349121,85290
2005-05-27,27.0,27.0,26.200000762939453,26.405000686645508,9.665122985839844,6548
2005-05-30,26.405000686645508,26.885000228881836,25.700000762939453,25.899999618530273,9.48027515411377,3864
2005-05-31,26.395000457763672,26.799999237060547,25.704999923706055,26.094999313354492,9.551650047302246,18158
2005-06-01,26.209999084472656,26.5,26.200000762939453,26.475000381469727,9.690743446350098,3470
2005-06-02,26.299999237060547,26.5,26.209999084472656,26.295000076293945,9.624858856201172,1456
2005-06-03,26.34000015258789,26.600000381469727,26.010000228881836,26.239999771118164,9.604726791381836,450
2005-06-06,26.985000610351562,26.985000610351562,26.454999923706055,26.579999923706055,9.729177474975586,1802
2005-06-07,26.299999237060547,26.8799991607666,26.299999237060547,26.799999237060547,9.80970573425293,914
2005-06-08,26.899999618530273,27.799999237060547,26.600000381469727,27.125,9.928664207458496,9614
2005-06-09,27.5,27.594999313354492,27.200000762939453,27.30500030517578,9.994550704956055,2256
2005-06-10,27.399999618530273,27.799999237060547,27.149999618530273,27.3799991607666,10.022002220153809,2162
2005-06-13,27.15999984741211,27.799999237060547,27.100000381469727,27.420000076293945,10.036645889282227,2540
2005-06-14,27.799999237060547,29.100000381469727,27.600000381469727,28.8799991607666,10.57105541229248,10862
2005-06-15,29.200000762939453,30.100000381469727,29.0,29.559999465942383,10.819961547851562,9458
2005-06-16,29.200000762939453,29.309999465942383,28.149999618530273,28.190000534057617,10.318492889404297,2226
2005-06-17,28.5,29.0,26.059999465942383,27.53499984741211,10.078739166259766,3462
2005-06-20,26.0,27.799999237060547,25.524999618530273,27.799999237060547,10.175737380981445,532
2005-06-21,27.299999237060547,27.600000381469727,27.299999237060547,27.34000015258789,10.007365226745605,580
2005-06-22,26.80500030517578,27.0,26.399999618530273,26.864999771118164,9.833497047424316,1850
2005-06-23,27.200000762939453,27.549999237060547,27.100000381469727,27.549999237060547,10.084230422973633,2294
2005-06-24,26.5,28.0,26.5,27.1299991607666,9.930495262145996,800
2005-06-27,26.405000686645508,28.079999923706055,26.405000686645508,27.780000686645508,10.16841983795166,12720
2005-06-28,27.899999618530273,29.0,27.200000762939453,27.625,10.11168098449707,4396
2005-06-29,26.200000762939453,28.8799991607666,26.200000762939453,27.625,10.11168098449707,474
2005-06-30,28.899999618530273,28.899999618530273,28.100000381469727,28.5,10.431961059570312,2296
2005-07-01,27.80500030517578,28.395000457763672,27.799999237060547,27.875,10.203189849853516,770
2005-07-04,29.049999237060547,29.399999618530273,28.405000686645508,28.75,10.523470878601074,3702
2005-07-05,29.5,29.700000762939453,28.5,28.739999771118164,10.519811630249023,5678
2005-07-06,29.125,29.125,28.299999237060547,28.55500030517578,10.452096939086914,3258
2005-07-07,28.5,28.850000381469727,27.719999313354492,28.1200008392334,10.292868614196777,3658
2005-07-08,28.59000015258789,28.59000015258789,28.100000381469727,28.3700008392334,10.384380340576172,3060
2005-07-11,29.0,29.0,28.399999618530273,28.799999237060547,10.541772842407227,2014
2005-07-12,28.799999237060547,29.0,28.21500015258789,28.420000076293945,10.402680397033691,2968
2005-07-13,29.700000762939453,29.700000762939453,28.299999237060547,28.725000381469727,10.514321327209473,2188
2005-07-14,28.799999237060547,29.0,28.700000762939453,28.985000610351562,10.609489440917969,2002
2005-07-15,29.299999237060547,29.299999237060547,28.549999237060547,28.639999389648438,10.483206748962402,1542
2005-07-18,29.5,30.5,29.190000534057617,29.774999618530273,10.898655891418457,7144
2005-07-19,30.299999237060547,30.299999237060547,28.80500030517578,29.989999771118164,10.977352142333984,2680
2005-07-20,30.299999237060547,30.299999237060547,29.700000762939453,30.03499984741211,10.99382495880127,2730
2005-07-21,30.299999237060547,30.399999618530273,29.610000610351562,29.860000610351562,10.929767608642578,2788
2005-07-22,30.200000762939453,30.239999771118164,29.75,29.899999618530273,10.944411277770996,1310
2005-07-25,30.600000381469727,30.600000381469727,29.600000381469727,30.155000686645508,11.037749290466309,3228
2005-07-26,31.0,31.0,29.299999237060547,29.7549991607666,10.891336441040039,2740
2005-07-27,30.100000381469727,30.100000381469727,29.1299991607666,29.28499984741211,10.719298362731934,7434
2005-07-29,28.104999542236328,29.399999618530273,28.104999542236328,28.190000534057617,10.318492889404297,5944
2005-08-01,27.5049991607666,28.795000076293945,26.899999618530273,26.989999771118164,9.879252433776855,6654
2005-08-02,27.475000381469727,27.934999465942383,27.0,27.399999618530273,10.029326438903809,5448
2005-08-03,27.899999618530273,28.43000030517578,27.40999984741211,27.604999542236328,10.10435962677002,1508
2005-08-04,28.299999237060547,28.44499969482422,27.309999465942383,27.485000610351562,10.060437202453613,12056
2005-08-05,27.274999618530273,28.190000534057617,26.700000762939453,26.815000534057617,9.815196990966797,8864
2005-08-08,27.5,27.5,26.200000762939453,26.420000076293945,9.670612335205078,14930
2005-08-09,26.989999771118164,27.299999237060547,26.700000762939453,26.729999542236328,9.784082412719727,3508
2005-08-10,27.299999237060547,28.5,26.299999237060547,27.405000686645508,10.031156539916992,14450
2005-08-11,27.0,28.799999237060547,27.0,28.420000076293945,10.402680397033691,5188
2005-08-12,28.399999618530273,28.899999618530273,28.0,28.104999542236328,10.287379264831543,3752
2005-08-16,28.200000762939453,29.100000381469727,28.200000762939453,28.549999237060547,10.450263977050781,6196
2005-08-17,27.84000015258789,29.395000457763672,27.84000015258789,29.05500030517578,10.635111808776855,3824
2005-08-18,29.0,31.96500015258789,28.5,31.96500015258789,11.700271606445312,48534
2005-08-19,34.0,35.165000915527344,32.5,34.064998626708984,12.468938827514648,36396
2005-08-22,33.5,35.29999923706055,32.5,33.119998931884766,12.123037338256836,8092
2005-08-23,33.900001525878906,33.900001525878906,31.5,31.68000030517578,11.595951080322266,5940
2005-08-24,31.799999237060547,32.5,30.200000762939453,32.005001068115234,11.714911460876465,6680
2005-08-25,32.400001525878906,32.400001525878906,31.024999618530273,31.46500015258789,11.517253875732422,7520
2005-08-26,33.79999923706055,33.900001525878906,31.5,33.0,12.079116821289062,1920
2005-08-29,32.400001525878906,33.0,32.400001525878906,32.900001525878906,12.042513847351074,1060
2005-08-30,31.829999923706055,32.70000076293945,31.825000762939453,32.599998474121094,11.932701110839844,1800
2005-08-31,32.994998931884766,33.79999923706055,32.994998931884766,33.0,12.079116821289062,4608
2005-09-01,32.0,32.599998474121094,31.799999237060547,31.854999542236328,11.66000747680664,9938
2005-09-02,33.98500061035156,34.0,32.720001220703125,33.2599983215332,12.174283981323242,17280
2005-09-05,33.29999923706055,33.5,32.810001373291016,33.345001220703125,12.205397605895996,3322
2005-09-06,31.024999618530273,33.79499816894531,31.024999618530273,33.404998779296875,12.227356910705566,1850
2005-09-08,33.95000076293945,33.95000076293945,32.79999923706055,32.869998931884766,12.03153133392334,1560
2005-09-09,33.20000076293945,33.5,32.98500061035156,32.98500061035156,12.073625564575195,3456
2005-09-12,32.95000076293945,33.5,32.70000076293945,32.939998626708984,12.057150840759277,3922
2005-09-13,33.79999923706055,34.45000076293945,33.15999984741211,33.94499969482422,12.42501449584961,5038
2005-09-14,33.20000076293945,33.9900016784668,33.0,33.0,12.079116821289062,3160
2005-09-15,33.29999923706055,33.400001525878906,32.224998474121094,32.7599983215332,11.991263389587402,2706
2005-09-16,32.599998474121094,33.79499816894531,32.279998779296875,32.599998474121094,11.932701110839844,3520
2005-09-19,32.849998474121094,33.494998931884766,31.899999618530273,32.2599983215332,11.808247566223145,6526
2005-09-20,33.39500045776367,33.39500045776367,32.19499969482422,32.88999938964844,12.038849830627441,7600
2005-09-21,33.4900016784668,33.4900016784668,31.889999389648438,33.0,12.079116821289062,45012
2005-09-22,31.260000228881836,33.47999954223633,31.0,31.30500030517578,11.458687782287598,7060
2005-09-23,31.299999237060547,31.690000534057617,30.100000381469727,30.7549991607666,11.257368087768555,2850
2005-09-26,31.204999923706055,31.5,31.200000762939453,31.399999618530273,11.493461608886719,49960
2005-09-27,32.29999923706055,32.79999923706055,31.5,31.700000762939453,11.603269577026367,2670
2005-09-28,32.58000183105469,32.65999984741211,30.90999984741211,31.420000076293945,11.500782012939453,3834
2005-09-29,31.5,31.985000610351562,30.010000228881836,30.80500030517578,11.27567195892334,1430
2005-09-30,31.0,31.0,30.399999618530273,30.96500015258789,11.334237098693848,6380
2005-10-03,31.399999618530273,31.399999618530273,30.104999542236328,30.260000228881836,11.076183319091797,25124
2005-10-04,29.5,30.885000228881836,28.899999618530273,30.625,11.209783554077148,27452
2005-10-05,30.9950008392334,31.69499969482422,30.790000915527344,31.110000610351562,11.387312889099121,2692
2005-10-06,31.780000686645508,32.4900016784668,31.0,31.844999313354492,11.656346321105957,3704
2005-10-07,32.5099983215332,34.20000076293945,32.404998779296875,32.779998779296875,11.998586654663086,22454
2005-10-10,33.04999923706055,33.70000076293945,32.04999923706055,32.7400016784668,11.98394775390625,7886
2005-10-11,33.0,33.279998779296875,31.5,32.0,11.713080406188965,1474
2005-10-13,32.0,32.5,31.100000381469727,31.415000915527344,11.498950958251953,3706
2005-10-14,31.0,32.095001220703125,31.0,31.200000762939453,11.420252799987793,2680
2005-10-17,31.799999237060547,31.799999237060547,29.010000228881836,31.395000457763672,11.491634368896484,4174
2005-10-18,31.399999618530273,31.399999618530273,30.5,30.610000610351562,11.204296112060547,960
2005-10-19,30.110000610351562,30.700000762939453,29.5,29.739999771118164,10.885843276977539,3140
2005-10-20,30.200000762939453,30.200000762939453,28.5,28.860000610351562,10.56373405456543,3332
2005-10-21,29.0,29.469999313354492,28.010000228881836,29.434999465942383,10.774203300476074,1444
2005-10-24,30.0,31.950000762939453,28.0,28.934999465942383,10.59118938446045,4000
2005-10-25,29.700000762939453,30.639999389648438,29.5,30.0,10.981012344360352,634
2005-10-26,31.0,31.0,30.399999618530273,30.399999618530273,11.127426147460938,568
2005-10-27,31.5,32.494998931884766,30.229999542236328,31.395000457763672,11.491634368896484,4328
2005-10-28,29.399999618530273,31.485000610351562,29.399999618530273,31.024999618530273,11.356196403503418,4942
2005-10-31,31.889999389648438,32.970001220703125,31.350000381469727,32.224998474121094,11.795438766479492,6440
2005-11-02,32.099998474121094,32.099998474121094,31.625,32.099998474121094,11.74968433380127,2842
2005-11-07,32.290000915527344,32.5,31.100000381469727,32.17499923706055,11.77713394165039,2822
2005-11-08,32.70000076293945,32.79999923706055,32.20500183105469,32.2599983215332,11.808247566223145,694
2005-11-09,32.474998474121094,33.0,32.25,32.560001373291016,11.918059349060059,1692
2005-11-10,32.42499923706055,32.70000076293945,32.42499923706055,32.46500015258789,11.883288383483887,420
2005-11-11,32.70000076293945,33.5,32.1150016784668,33.3650016784668,12.212718963623047,4622
2005-11-14,33.099998474121094,33.70000076293945,33.0,33.0,12.079116821289062,10850
2005-11-16,33.0,34.20000076293945,32.79999923706055,33.05500030517578,12.099248886108398,10408
2005-11-17,33.42499923706055,33.42499923706055,32.505001068115234,33.0,12.079116821289062,10330
2005-11-18,33.5,33.5,32.79999923706055,32.96500015258789,12.066304206848145,7070
2005-11-21,34.97999954223633,34.97999954223633,33.20000076293945,33.439998626708984,12.240169525146484,8396
2005-11-22,33.29999923706055,34.599998474121094,33.01499938964844,33.20500183105469,12.154151916503906,2514
2005-11-23,32.79999923706055,33.875,32.79999923706055,33.665000915527344,12.322528839111328,804
2005-11-24,33.974998474121094,34.20000076293945,33.400001525878906,34.0,12.445150375366211,4388
2005-11-25,34.099998474121094,34.6349983215332,34.0,34.51499938964844,12.633655548095703,9102
2005-11-28,35.0,36.900001525878906,34.900001525878906,36.14500045776367,13.230294227600098,10682
2005-11-29,36.599998474121094,37.5,35.099998474121094,37.099998474121094,13.579851150512695,9976
2005-11-30,37.400001525878906,38.5,37.0,37.005001068115234,13.545080184936523,15496
2005-12-01,37.0,37.0,36.39500045776367,36.57500076293945,13.38768482208252,1750
2005-12-02,36.5,39.75,36.5,39.35499954223633,14.405261039733887,18332
2005-12-05,39.70000076293945,40.70000076293945,39.0,39.79999923706055,14.568142890930176,8506
2005-12-06,40.0,40.0,39.35499954223633,39.41999816894531,14.429052352905273,2050
2005-12-07,39.29999923706055,39.70000076293945,38.0,39.5,14.458334922790527,3734
2005-12-08,39.0,39.29999923706055,38.80500030517578,39.10499954223633,14.313749313354492,1854
2005-12-09,39.0,39.79999923706055,38.25,38.7400016784668,14.18014907836914,3372
2005-12-12,38.60499954223633,39.0,37.79999923706055,38.279998779296875,14.011773109436035,2160
2005-12-13,38.0,38.79999923706055,37.5,37.775001525878906,13.826927185058594,1224
2005-12-14,38.400001525878906,38.900001525878906,37.79999923706055,37.95000076293945,13.890984535217285,1448
2005-12-15,37.0,38.5,37.0,37.4900016784668,13.72260570526123,814
2005-12-16,37.5,38.20000076293945,37.400001525878906,37.849998474121094,13.854376792907715,2476
2005-12-19,38.0,38.4900016784668,37.599998474121094,38.095001220703125,13.94405746459961,2068
2005-12-20,38.20000076293945,38.689998626708984,38.20000076293945,38.5099983215332,14.095961570739746,2056
2005-12-21,39.70000076293945,39.70000076293945,38.0,38.4900016784668,14.088641166687012,1534
2005-12-22,38.29999923706055,38.880001068115234,38.29999923706055,38.5099983215332,14.095961570739746,3414
2005-12-23,38.0,38.5,37.20000076293945,37.875,13.863531112670898,2128
2005-12-26,37.5,38.0,36.10499954223633,37.505001068115234,13.728097915649414,1942
2005-12-27,37.70000076293945,39.494998931884766,36.400001525878906,37.5,13.726268768310547,1180
2005-12-28,37.5,38.5,37.21500015258789,37.935001373291016,13.885494232177734,1238
2005-12-29,38.0,39.494998931884766,37.20500183105469,39.05500030517578,14.295446395874023,4198
2005-12-30,39.494998931884766,39.599998474121094,38.25,38.470001220703125,14.081315994262695,1862
2006-01-02,39.0,39.5,39.0,39.0,14.275318145751953,1100
2006-01-03,39.5,39.900001525878906,39.05500030517578,39.54999923706055,14.47663402557373,1680
2006-01-04,39.61000061035156,40.5,39.599998474121094,40.005001068115234,14.643182754516602,6810
2006-01-05,40.0,40.20000076293945,38.029998779296875,39.05500030517578,14.295446395874023,7874
2006-01-06,39.0,40.5,38.625,40.029998779296875,14.652332305908203,8488
2006-01-09,40.5,41.5,40.20000076293945,41.224998474121094,15.089743614196777,4574
2006-01-10,40.529998779296875,41.099998474121094,40.150001525878906,40.224998474121094,14.723709106445312,5642
2006-01-12,40.209999084472656,41.744998931884766,40.20000076293945,41.67499923706055,15.254459381103516,8304
2006-01-13,40.92499923706055,42.29499816894531,40.92499923706055,42.10499954223633,15.411847114562988,1376
2006-01-16,41.0,43.0,41.0,42.08000183105469,15.402700424194336,806
2006-01-17,41.61000061035156,41.790000915527344,41.0,41.005001068115234,15.009215354919434,2406
2006-01-18,40.20000076293945,41.48500061035156,40.099998474121094,40.90999984741211,14.974441528320312,2020
2006-01-19,41.20000076293945,41.599998474121094,41.0,41.470001220703125,15.179421424865723,1552
2006-01-20,41.69499969482422,41.69499969482422,40.70500183105469,40.71500015258789,14.903070449829102,1318
2006-01-23,41.0,42.0,40.900001525878906,41.685001373291016,15.25811767578125,2812
2006-01-24,39.70000076293945,41.79999923706055,39.70000076293945,41.21500015258789,15.08608341217041,1716
2006-01-25,42.20000076293945,42.20000076293945,40.96500015258789,41.060001373291016,15.029349327087402,3018
2006-01-27,40.369998931884766,42.5,40.310001373291016,41.415000915527344,15.159287452697754,8548
2006-01-30,42.0,42.0,40.0,40.459999084472656,14.80972671508789,8052
2006-01-31,41.5,41.5,40.005001068115234,40.470001220703125,14.813386917114258,3614
2006-02-01,40.0,41.39500045776367,40.0,40.060001373291016,14.663313865661621,10670
2006-02-02,39.70000076293945,41.599998474121094,39.70000076293945,41.310001373291016,15.120853424072266,34062
2006-02-03,40.400001525878906,45.0,40.20000076293945,44.44499969482422,19.877147674560547,14170
2006-02-06,45.0,47.5,45.0,47.28499984741211,21.147281646728516,19084
2006-02-07,47.5,48.38999938964844,47.0,47.9900016784668,21.462583541870117,136338
2006-02-08,48.0,49.0,47.60499954223633,48.220001220703125,21.565444946289062,134594
2006-02-10,49.0,50.474998474121094,49.0,50.025001525878906,22.37269401550293,10892
2006-02-13,53.97999954223633,53.97999954223633,49.5,50.369998931884766,22.52699089050293,210756
2006-02-14,50.599998474121094,50.79999923706055,49.5,49.790000915527344,22.267601013183594,11352
2006-02-15,51.380001068115234,51.5,48.60499954223633,49.654998779296875,22.20722007751465,2700
2006-02-16,50.0099983215332,50.0099983215332,49.0,49.255001068115234,22.02832794189453,254
2006-02-17,50.0,50.0,48.55500030517578,49.54499816894531,22.158023834228516,11910
2006-02-20,50.099998474121094,51.900001525878906,48.630001068115234,48.77000045776367,21.811416625976562,6808
2006-02-21,50.5,51.0,49.0,50.26499938964844,22.48002815246582,2866
2006-02-22,50.779998779296875,50.79999923706055,49.10499954223633,49.67499923706055,22.216163635253906,2826
2006-02-23,50.0,50.19499969482422,48.5,49.334999084472656,22.064104080200195,2872
2006-02-24,49.790000915527344,49.79499816894531,48.619998931884766,48.7400016784668,21.798002243041992,1842
2006-02-27,50.0,50.0,48.5,49.314998626708984,22.05516242980957,9928
2006-02-28,49.0099983215332,50.20000076293945,47.0,49.244998931884766,22.023853302001953,8984
2006-03-01,49.5,49.5,48.29999923706055,48.5,21.690670013427734,2246
2006-03-02,49.0,49.400001525878906,48.005001068115234,48.98500061035156,21.907575607299805,2404
2006-03-03,49.0,49.5,48.599998474121094,48.72999954223633,21.793533325195312,530
2006-03-06,48.70000076293945,51.400001525878906,48.70000076293945,49.0,21.91428565979004,6180
2006-03-07,50.0,50.189998626708984,49.01499938964844,49.56999969482422,22.16920280456543,1978
2006-03-08,50.0,50.89500045776367,48.0,48.8650016784668,21.853910446166992,1656
2006-03-09,48.0,49.900001525878906,46.5,48.654998779296875,21.759984970092773,1824
2006-03-10,49.20000076293945,49.79999923706055,47.61000061035156,49.06999969482422,21.945587158203125,3278
2006-03-13,49.0,50.0,47.5,48.959999084472656,21.89638900756836,6630
2006-03-14,48.27000045776367,49.900001525878906,47.61000061035156,49.040000915527344,21.932174682617188,3108
2006-03-16,49.099998474121094,49.875,47.79999923706055,48.375,21.634765625,1042
2006-03-17,49.099998474121094,49.099998474121094,47.0099983215332,47.26499938964844,21.138334274291992,1794
2006-03-20,47.5099983215332,48.5099983215332,47.20000076293945,47.88999938964844,21.41786003112793,480
2006-03-21,48.25,48.5,47.0,47.540000915527344,21.26133155822754,800
2006-03-22,47.5,47.5,46.54999923706055,47.084999084472656,21.05784034729004,760
2006-03-23,46.599998474121094,48.900001525878906,46.599998474121094,47.25,21.131624221801758,980
2006-03-24,45.400001525878906,47.875,45.400001525878906,47.5,21.243436813354492,11134
2006-03-27,47.5,49.70000076293945,46.505001068115234,47.05500030517578,21.044424057006836,1342
2006-03-28,48.20000076293945,49.79999923706055,48.20000076293945,49.0,21.91428565979004,13548
2006-03-29,49.20000076293945,49.5,48.5,48.98500061035156,21.907575607299805,1834
2006-03-30,48.5,49.900001525878906,48.5,49.334999084472656,22.064104080200195,2288
2006-03-31,50.0099983215332,50.599998474121094,49.31999969482422,50.11000061035156,22.410707473754883,4952
2006-04-03,54.9900016784668,54.9900016784668,50.900001525878906,53.0099983215332,23.707674026489258,10066
2006-04-04,53.79999923706055,55.79999923706055,52.220001220703125,54.36000061035156,24.31144142150879,8624
2006-04-05,56.45000076293945,56.45000076293945,54.5,54.75,24.485857009887695,5284
2006-04-07,54.599998474121094,56.0,54.20500183105469,55.5099983215332,24.825754165649414,15222
2006-04-10,54.5,55.5,52.36000061035156,54.625,24.429950714111328,20652
2006-04-12,54.505001068115234,56.0,53.5,55.72999954223633,24.924142837524414,4720
2006-04-13,55.0,56.400001525878906,53.255001068115234,56.07500076293945,25.07843780517578,3918
2006-04-17,55.599998474121094,56.70000076293945,55.0,56.279998779296875,25.170116424560547,1744
2006-04-18,55.5,56.69499969482422,55.494998931884766,55.70500183105469,24.912960052490234,3268
2006-04-19,55.70000076293945,57.29999923706055,54.0,55.04499816894531,24.617788314819336,4632
2006-04-20,55.0,56.400001525878906,53.625,54.28499984741211,24.277902603149414,13142
2006-04-21,54.20000076293945,55.0,53.5,53.880001068115234,24.096763610839844,1368
2006-04-24,54.70000076293945,55.95500183105469,54.5099983215332,55.125,24.653564453125,2184
2006-04-25,55.494998931884766,55.5,53.61000061035156,53.88999938964844,24.10123634338379,1156
2006-04-26,53.5,56.0,53.5,54.52000045776367,24.382991790771484,1090
2006-04-27,55.0,55.900001525878906,52.11000061035156,52.54999923706055,23.501949310302734,4620
2006-04-28,52.0,53.90999984741211,45.0,51.54499816894531,23.0524845123291,3020
2006-05-02,52.0,53.5,51.97999954223633,53.0,23.703203201293945,1644
2006-05-03,54.0,63.599998474121094,53.994998931884766,55.79499816894531,24.953210830688477,9200
2006-05-04,57.0,60.0,57.0,57.97999954223633,25.93040657043457,1480
2006-05-05,57.900001525878906,59.900001525878906,54.29999923706055,59.439998626708984,26.583356857299805,11496
2006-05-08,59.79999923706055,61.45000076293945,58.5099983215332,60.81999969482422,27.200546264648438,2816
2006-05-09,61.0,62.0,59.5099983215332,60.54499816894531,27.077550888061523,7148
2006-05-10,60.0,62.0,60.0,61.1150016784668,27.332477569580078,1676
2006-05-11,59.0,61.79999923706055,59.0,61.07500076293945,27.314590454101562,496
2006-05-12,60.0,64.5,59.79999923706055,62.47999954223633,27.942947387695312,2294
2006-05-15,59.5,65.0,59.5,62.334999084472656,27.878093719482422,33536
2006-05-16,64.9000015258789,65.5,60.099998474121094,63.404998779296875,28.35663604736328,11070
2006-05-17,67.4000015258789,67.4000015258789,63.099998474121094,64.875,29.014068603515625,2972
2006-05-18,65.5,65.5,56.099998474121094,62.540000915527344,27.96978187561035,3472
2006-05-19,62.5,62.5,58.505001068115234,60.0,26.83381462097168,3260
2006-05-22,57.20000076293945,57.5,50.709999084472656,54.779998779296875,24.499263763427734,2996
2006-05-23,52.400001525878906,57.900001525878906,50.209999084472656,55.86000061035156,24.982280731201172,3722
2006-05-24,56.79999923706055,56.79999923706055,53.505001068115234,53.935001373291016,24.12136459350586,498
2006-05-25,52.5,55.38999938964844,51.599998474121094,54.19499969482422,24.237648010253906,440
2006-05-26,55.38999938964844,58.81999969482422,51.0,51.54999923706055,23.054723739624023,12832
2006-05-29,54.45000076293945,56.0,52.0,54.974998474121094,24.58648109436035,1056
2006-05-30,55.0,55.79999923706055,53.0,53.025001525878906,23.714384078979492,9234
2006-05-31,53.5,57.0,52.5,54.75,24.485857009887695,9956
2006-06-01,54.900001525878906,56.040000915527344,54.20000076293945,54.39500045776367,24.327091217041016,1094
2006-06-02,51.25,54.0,51.20000076293945,53.0099983215332,23.707674026489258,1796
2006-06-05,51.5,55.0,51.5,51.525001525878906,23.043537139892578,802
2006-06-06,51.5,53.89500045776367,50.505001068115234,51.86000061035156,23.193357467651367,3006
2006-06-07,51.0,52.79999923706055,45.5,47.63999938964844,21.30605125427246,8450
2006-06-08,45.0,46.0,41.5,45.0,20.125364303588867,4356
2006-06-09,44.5,49.939998626708984,41.5099983215332,46.71500015258789,20.89236068725586,1128
2006-06-12,44.400001525878906,44.400001525878906,43.5,43.5,19.45451545715332,58
2006-06-13,43.29999923706055,43.29999923706055,43.099998474121094,43.165000915527344,19.30469512939453,402
2006-06-14,43.29999923706055,44.5,40.0,40.970001220703125,18.32302474975586,2252
2006-06-15,41.0,45.5099983215332,40.599998474121094,43.849998474121094,19.611045837402344,660
2006-06-16,43.0,47.689998626708984,43.0,47.54999923706055,21.26580047607422,846
2006-06-19,47.5,48.9900016784668,46.599998474121094,48.9900016784668,21.909809112548828,1658
2006-06-20,50.400001525878906,50.474998474121094,48.79999923706055,49.9900016784668,22.35704231262207,590
2006-06-21,51.974998474121094,51.974998474121094,49.599998474121094,49.60499954223633,22.184856414794922,89298
2006-06-22,51.9900016784668,52.0,49.630001068115234,50.39500045776367,22.538171768188477,4794
2006-06-23,52.48500061035156,53.5,50.005001068115234,52.75,23.591398239135742,1880
2006-06-26,50.400001525878906,51.5,46.130001068115234,50.529998779296875,22.598541259765625,3112
2006-06-27,49.79999923706055,50.79999923706055,49.79999923706055,50.79999923706055,22.719301223754883,3030
2006-06-28,50.400001525878906,51.45500183105469,49.79999923706055,51.45500183105469,23.012237548828125,324
2006-06-29,51.20000076293945,51.20000076293945,50.0,50.0,22.361513137817383,438
2006-06-30,50.5,51.77000045776367,50.5,51.290000915527344,22.93843650817871,4930
2006-07-03,51.0,51.0,50.29999923706055,50.29999923706055,22.49567985534668,252
2006-07-04,51.970001220703125,51.9900016784668,51.29999923706055,51.29999923706055,22.94291877746582,310
2006-07-05,54.79999923706055,54.849998474121094,50.29999923706055,51.9900016784668,23.25149917602539,13808
2006-07-06,52.29999923706055,52.29999923706055,50.0,50.0,22.361513137817383,4078
2006-07-07,51.0,51.0,48.099998474121094,49.08000183105469,21.950063705444336,1724
2006-07-10,50.900001525878906,50.900001525878906,49.97999954223633,50.0,22.361513137817383,460
2006-07-11,50.0,50.0,48.79999923706055,49.974998474121094,22.350330352783203,652
2006-07-12,49.30500030517578,50.0,49.0,49.099998474121094,21.959003448486328,906
2006-07-13,50.0,50.0,49.5,49.5,22.137897491455078,416
2006-07-14,49.400001525878906,49.400001525878906,48.61000061035156,49.0,21.91428565979004,656
2006-07-17,50.0,50.0,48.0,48.775001525878906,21.813655853271484,1008
2006-07-18,49.4900016784668,49.53499984741211,48.5,49.005001068115234,21.916519165039062,1326
2006-07-19,49.290000915527344,49.5,47.400001525878906,47.415000915527344,21.205419540405273,2142
2006-07-20,48.494998931884766,49.0,48.494998931884766,49.0,21.91428565979004,920
2006-07-21,46.20000076293945,48.119998931884766,46.20000076293945,47.11000061035156,21.069013595581055,386
2006-07-24,46.0,46.005001068115234,46.0,46.0,20.572593688964844,140
2006-07-25,42.5,47.900001525878906,42.5,46.56999969482422,20.827518463134766,144
2006-07-26,46.5,47.79999923706055,46.5,47.5,21.243436813354492,80
2006-07-27,45.54999923706055,47.79999923706055,45.5,47.439998626708984,23.712675094604492,902
2006-07-28,46.0,47.82500076293945,44.459999084472656,47.39500045776367,23.690183639526367,122
2006-07-31,48.75,48.75,46.05500030517578,47.5,23.74266242980957,200
2006-08-02,46.20000076293945,46.400001525878906,46.20000076293945,46.400001525878906,23.192834854125977,186
2006-08-03,46.599998474121094,46.599998474121094,46.599998474121094,46.599998474121094,23.292804718017578,130
2006-08-04,47.900001525878906,47.900001525878906,44.70000076293945,45.994998931884766,22.990394592285156,1312
2006-08-07,45.29999923706055,47.79999923706055,45.20000076293945,45.79499816894531,22.89042854309082,3112
2006-08-08,46.0,48.0,46.0,46.0,22.99289321899414,1690
2006-08-09,46.0,47.0,45.0,45.5,22.74297523498535,626
2006-08-10,48.5,48.5,47.0,47.70500183105469,23.84514045715332,582
2006-08-11,48.099998474121094,49.400001525878906,47.5,48.48500061035156,24.235013961791992,15356
2006-08-14,48.5,48.54999923706055,47.22999954223633,47.255001068115234,23.620201110839844,1074
2006-08-16,47.5,48.20000076293945,47.5,47.67499923706055,23.830141067504883,1106
2006-08-17,48.439998626708984,48.685001373291016,47.724998474121094,47.724998474121094,23.855127334594727,326
2006-08-18,47.72999954223633,48.244998931884766,47.20000076293945,47.61000061035156,23.797649383544922,242
2006-08-21,46.29999923706055,48.0,46.29999923706055,47.52000045776367,23.75266456604004,1352
2006-08-22,48.38999938964844,48.38999938964844,47.599998474121094,47.599998474121094,23.79265022277832,104
2006-08-23,48.17499923706055,48.959999084472656,48.09000015258789,48.45000076293945,24.217525482177734,3842
2006-08-24,47.5,48.5,47.5,47.5,23.74266242980957,130
2006-08-25,49.4900016784668,49.4900016784668,47.23500061035156,47.82500076293945,23.905115127563477,130
2006-08-28,47.0,48.0,46.599998474121094,46.78499984741211,23.38528060913086,264
2006-08-29,47.0,47.79999923706055,47.0,47.625,23.805145263671875,228
2006-08-30,48.54499816894531,48.54499816894531,47.29999923706055,48.29999923706055,24.142541885375977,910
2006-08-31,48.209999084472656,48.70000076293945,47.5,47.5,23.74266242980957,260
2006-09-01,48.25,48.29999923706055,48.19499969482422,48.19499969482422,24.090057373046875,70
2006-09-04,48.20000076293945,48.20000076293945,47.5,47.505001068115234,23.745168685913086,1452
2006-09-05,48.099998474121094,48.20000076293945,47.0,47.125,23.555221557617188,566
2006-09-06,47.5,47.79999923706055,46.70000076293945,47.16999816894531,23.57771873474121,272
2006-09-07,48.0,48.0,47.5,47.88999938964844,23.937604904174805,482
2006-09-08,47.79999923706055,48.20000076293945,47.599998474121094,47.779998779296875,23.88262176513672,1292
2006-09-11,47.5,47.5,46.20000076293945,47.099998474121094,23.5427303314209,234
2006-09-12,48.099998474121094,48.099998474121094,47.0,47.0,23.49274444580078,500
2006-09-13,47.79999923706055,48.19499969482422,47.25,47.7599983215332,23.872621536254883,4400
2006-09-14,48.29999923706055,48.5,47.099998474121094,47.3849983215332,23.685182571411133,2214
2006-09-15,48.0,48.0,47.20000076293945,47.619998931884766,23.802642822265625,720
2006-09-18,47.5,47.5,46.025001525878906,46.814998626708984,23.4002742767334,612
2006-09-19,46.5,47.5,46.01499938964844,47.29999923706055,23.642698287963867,1684
2006-09-20,47.599998474121094,47.599998474121094,46.415000915527344,46.54999923706055,23.267807006835938,344
2006-09-21,47.470001220703125,47.470001220703125,46.5,46.54999923706055,23.267807006835938,864
2006-09-22,46.400001525878906,46.790000915527344,45.849998474121094,46.11000061035156,23.047882080078125,918
2006-09-25,46.0,47.19499969482422,45.79999923706055,46.125,23.055381774902344,526
2006-09-26,47.0,47.0,45.599998474121094,45.65999984741211,22.822948455810547,358
2006-09-27,46.0,46.5,46.0,46.20000076293945,23.09286880493164,192
2006-09-28,47.45000076293945,47.45000076293945,46.21500015258789,46.5,23.242820739746094,1066
2006-09-29,45.709999084472656,46.54999923706055,45.709999084472656,46.18000030517578,23.082868576049805,322
2006-10-03,46.18000030517578,47.400001525878906,46.18000030517578,46.89500045776367,23.440256118774414,1086
2006-10-04,47.20000076293945,48.47999954223633,46.36000061035156,47.099998474121094,23.5427303314209,1810
2006-10-05,47.599998474121094,47.599998474121094,46.6349983215332,46.63999938964844,23.31279945373535,1832
2006-10-06,47.20000076293945,47.20000076293945,47.20000076293945,47.20000076293945,23.59271240234375,76
2006-10-09,47.30500030517578,50.0,46.29999923706055,48.19499969482422,24.090057373046875,992
2006-10-10,48.0,48.38999938964844,47.505001068115234,47.58000183105469,23.78265380859375,500
2006-10-11,48.0,50.0,47.349998474121094,48.55500030517578,24.270009994506836,1286
2006-10-12,49.20000076293945,49.494998931884766,47.599998474121094,48.97999954223633,24.482437133789062,790
2006-10-13,49.29999923706055,53.4900016784668,49.29999923706055,51.41999816894531,25.702058792114258,11762
2006-10-16,53.15999984741211,54.900001525878906,51.54999923706055,52.165000915527344,26.074447631835938,8592
2006-10-17,52.79999923706055,52.79999923706055,51.5,52.03499984741211,26.00946617126465,2006
2006-10-18,51.79999923706055,52.3849983215332,51.54999923706055,51.85499954223633,25.919492721557617,2456
2006-10-19,51.40999984741211,52.20000076293945,49.02000045776367,51.5,25.742046356201172,474
2006-10-20,50.0,51.900001525878906,50.0,50.994998931884766,25.4896240234375,694
2006-10-23,49.79999923706055,51.0,49.79999923706055,49.869998931884766,24.927297592163086,992
2006-10-26,48.6150016784668,50.599998474121094,48.6150016784668,50.525001525878906,25.25470733642578,500
2006-10-27,51.20000076293945,51.20000076293945,49.5,49.939998626708984,24.96229362487793,318
2006-10-30,50.10499954223633,52.189998626708984,50.10499954223633,50.84000015258789,25.412153244018555,1832
2006-10-31,51.0,51.47999954223633,48.689998626708984,48.82500076293945,24.404964447021484,1606
2006-11-01,50.79999923706055,50.79999923706055,49.5,49.95000076293945,29.859832763671875,836
2006-11-02,49.400001525878906,49.89500045776367,48.0,48.564998626708984,29.031890869140625,3928
2006-11-03,48.5,49.5,48.20500183105469,49.185001373291016,29.402523040771484,570
2006-11-06,49.89500045776367,49.89500045776367,48.900001525878906,49.11000061035156,29.35768699645996,390
2006-11-07,49.0,49.48500061035156,48.619998931884766,48.619998931884766,29.06476593017578,624
2006-11-08,48.0,48.5,48.0,48.494998931884766,28.990049362182617,2080
2006-11-09,49.0,49.0,47.505001068115234,47.83000183105469,28.592510223388672,854
2006-11-10,48.0,48.0,47.599998474121094,47.7400016784668,28.538713455200195,672
2006-11-13,47.900001525878906,49.70000076293945,47.900001525878906,48.68000030517578,29.10064125061035,740
2006-11-14,49.494998931884766,49.494998931884766,47.5,47.5099983215332,28.401212692260742,964
2006-11-15,48.099998474121094,48.099998474121094,47.0,47.0,28.096343994140625,1358
2006-11-16,47.0,48.19499969482422,46.255001068115234,46.94499969482422,28.063465118408203,1144
2006-11-17,47.994998931884766,47.994998931884766,46.20000076293945,46.6349983215332,27.878149032592773,830
2006-11-20,45.20500183105469,46.79999923706055,45.04999923706055,46.650001525878906,27.887113571166992,512
2006-11-21,46.79999923706055,46.79999923706055,45.150001525878906,46.45000076293945,27.767549514770508,294
2006-11-22,46.900001525878906,46.900001525878906,45.775001525878906,45.904998779296875,27.44175910949707,684
2006-11-23,47.69499969482422,47.69499969482422,45.459999084472656,47.255001068115234,28.248779296875,736
2006-11-24,47.994998931884766,47.994998931884766,47.5,47.540000915527344,28.419151306152344,828
2006-11-27,47.0,47.494998931884766,45.625,45.959999084472656,27.474634170532227,190
2006-11-28,47.0099983215332,47.0099983215332,45.314998626708984,46.994998931884766,28.093355178833008,712
2006-11-29,46.94499969482422,46.94499969482422,46.5,46.5,27.79744529724121,366
2006-11-30,46.5,46.5,45.5,45.56999969482422,27.241497039794922,554
2006-12-01,45.400001525878906,46.79999923706055,45.375,46.244998931884766,27.64501190185547,554
2006-12-04,47.70000076293945,47.900001525878906,46.099998474121094,47.56999969482422,28.437084197998047,3126
2006-12-05,47.5,48.0,47.20000076293945,47.310001373291016,28.281665802001953,844
2006-12-06,46.2599983215332,47.79999923706055,46.2599983215332,47.45000076293945,28.3653507232666,736
2006-12-07,47.0,48.0,46.75,47.60499954223633,28.458009719848633,2596
2006-12-08,45.0,47.5,44.279998779296875,46.79999923706055,27.976781845092773,612
2006-12-11,47.900001525878906,47.9900016784668,46.5,47.76499938964844,28.553653717041016,900
2006-12-12,48.5,49.900001525878906,46.5,47.584999084472656,28.4460506439209,2856
2006-12-13,46.0,50.0,46.0,47.05500030517578,28.12922477722168,94026
2006-12-14,49.5,49.5,47.70000076293945,48.345001220703125,28.900381088256836,7296
2006-12-15,48.994998931884766,50.0,47.70000076293945,49.70000076293945,29.710391998291016,28042
2006-12-18,49.900001525878906,50.900001525878906,49.5,50.05500030517578,29.922597885131836,1232
2006-12-19,50.79999923706055,51.0,49.0,49.95500183105469,29.862829208374023,1534
2006-12-20,49.5,49.70500183105469,48.599998474121094,48.939998626708984,29.256053924560547,912
2006-12-21,48.70000076293945,49.5,48.0,48.0,28.694143295288086,1126
2006-12-22,49.29499816894531,49.29499816894531,48.599998474121094,48.70000076293945,29.112600326538086,114
2006-12-26,50.025001525878906,50.400001525878906,49.255001068115234,49.34000015258789,29.49518394470215,1210
2006-12-27,50.0,50.400001525878906,49.5,50.099998474121094,29.949508666992188,2306
2006-12-28,48.654998779296875,50.099998474121094,48.654998779296875,50.025001525878906,29.9046688079834,1524
2006-12-29,51.584999084472656,51.584999084472656,49.630001068115234,49.904998779296875,29.832931518554688,5540
2007-01-02,50.0,50.20000076293945,49.6349983215332,49.994998931884766,29.886737823486328,4242
2007-01-03,50.0,50.790000915527344,49.505001068115234,49.83000183105469,29.788101196289062,1132
2007-01-04,49.70000076293945,50.400001525878906,49.505001068115234,49.51499938964844,29.59980010986328,2816
2007-01-05,50.369998931884766,51.0,50.07500076293945,50.459999084472656,30.164710998535156,2520
2007-01-08,50.75,50.9900016784668,50.01499938964844,50.3650016784668,30.107925415039062,2738
2007-01-09,50.70000076293945,50.75,49.79999923706055,49.86000061035156,29.806041717529297,2142
2007-01-10,50.0,50.744998931884766,49.51499938964844,50.03499984741211,29.910648345947266,4740
2007-01-11,50.75,50.75,50.0099983215332,50.33000183105469,30.086997985839844,1298
2007-01-12,50.04999923706055,50.5,49.5,50.375,30.113893508911133,2718
2007-01-15,51.0,52.099998474121094,49.60499954223633,50.53499984741211,30.209545135498047,1178
2007-01-16,51.0,51.0,49.70000076293945,49.974998474121094,29.874774932861328,970
2007-01-17,49.70000076293945,50.900001525878906,49.70000076293945,50.900001525878906,30.42774200439453,4250
2007-01-18,50.88999938964844,50.900001525878906,50.30500030517578,50.404998779296875,30.131832122802734,88
2007-01-19,49.599998474121094,51.0,49.599998474121094,50.08000183105469,29.93755531311035,1958
2007-01-22,51.0,51.0,50.0,50.529998779296875,30.206554412841797,3086
2007-01-23,50.5,50.5,49.5,49.810001373291016,29.77614974975586,448
2007-01-24,50.79999923706055,54.39500045776367,50.474998474121094,53.2599983215332,31.838537216186523,11168
2007-01-25,58.400001525878906,58.400001525878906,55.005001068115234,56.040000915527344,33.50040817260742,12490
2007-01-29,56.599998474121094,58.0,56.599998474121094,57.34000015258789,34.27754211425781,9092
2007-01-31,56.79999923706055,58.0,54.0,54.369998931884766,32.50208282470703,2646
2007-02-01,53.900001525878906,55.0,51.29999923706055,52.38999938964844,31.318458557128906,3210
2007-02-02,54.75,55.29999923706055,52.0,53.67499923706055,32.08662033081055,1996
2007-02-05,54.5,55.689998626708984,53.0,53.21500015258789,31.811635971069336,1858
2007-02-06,52.5,54.20000076293945,52.005001068115234,52.3849983215332,31.31546401977539,1542
2007-02-07,54.0,54.0,51.0,52.470001220703125,31.366273880004883,1346
2007-02-08,51.22999954223633,52.435001373291016,50.900001525878906,51.790000915527344,30.959779739379883,820
2007-02-09,51.70000076293945,51.70000076293945,50.11000061035156,50.404998779296875,30.131832122802734,1314
2007-02-12,50.099998474121094,50.900001525878906,49.900001525878906,50.255001068115234,30.04216194152832,1806
2007-02-13,49.0,50.900001525878906,47.0,49.8849983215332,29.820980072021484,784
2007-02-14,49.5,52.900001525878906,47.099998474121094,49.064998626708984,29.33078384399414,528
2007-02-15,50.0,51.79999923706055,50.0,51.39500045776367,30.72364616394043,1300
2007-02-19,50.5,52.599998474121094,50.5,52.459999084472656,31.360294342041016,1762
2007-02-20,52.88999938964844,52.88999938964844,51.099998474121094,51.8849983215332,31.01656723022461,356
2007-02-21,50.75,52.5,50.52000045776367,52.0,31.0853214263916,2048
2007-02-22,51.5,51.52000045776367,51.5,51.505001068115234,30.789409637451172,674
2007-02-23,51.099998474121094,51.099998474121094,50.0,50.04999923706055,29.919614791870117,682
2007-02-26,46.70000076293945,52.5,46.70000076293945,49.345001220703125,29.498170852661133,436
2007-02-27,50.0,50.099998474121094,49.5,49.959999084472656,29.865812301635742,610
2007-02-28,47.5,51.5,47.5,49.69499969482422,29.7073974609375,1104
2007-03-01,50.29999923706055,51.275001525878906,47.33000183105469,49.61000061035156,29.656579971313477,764
2007-03-02,50.5,50.9900016784668,50.0,50.02000045776367,29.901681900024414,618
2007-03-05,50.5,50.5,49.5,50.22999954223633,30.027219772338867,6496
2007-03-06,50.0,50.5,49.0,49.84000015258789,29.79407501220703,1894
2007-03-07,51.0,52.08000183105469,48.5,48.58000183105469,29.040849685668945,171882
2007-03-08,48.099998474121094,50.17499923706055,48.099998474121094,49.474998474121094,29.57588768005371,95860
2007-03-09,49.5,51.0,49.5,50.36000061035156,30.104936599731445,996
2007-03-12,50.400001525878906,50.900001525878906,49.29999923706055,49.404998779296875,29.534038543701172,1816
2007-03-13,52.0,52.0,49.0,49.34000015258789,29.49518394470215,776
2007-03-14,49.47999954223633,49.47999954223633,47.5,47.58000183105469,28.443063735961914,880
2007-03-15,48.5,51.0,47.02000045776367,47.380001068115234,28.323503494262695,936
2007-03-16,47.25,49.94499969482422,47.25,48.33000183105469,28.891420364379883,838
2007-03-19,47.29999923706055,48.97999954223633,46.0,47.005001068115234,28.099336624145508,3238
2007-03-20,48.400001525878906,49.400001525878906,47.709999084472656,48.0,28.694143295288086,292
2007-03-21,48.29999923706055,52.5,48.29999923706055,50.459999084472656,30.164710998535156,1022
2007-03-22,51.88999938964844,55.0,50.5,50.58000183105469,30.2364444732666,1596
2007-03-23,50.0,50.099998474121094,50.0,50.04499816894531,29.916629791259766,154
2007-03-26,55.75,55.75,49.57500076293945,49.974998474121094,29.874774932861328,44724
2007-03-28,49.724998474121094,50.75,48.5,49.25,29.441383361816406,19760
2007-03-29,49.04999923706055,50.224998474121094,49.04999923706055,49.849998474121094,29.800058364868164,6760
2007-03-30,49.5,50.099998474121094,49.29999923706055,49.5,29.590824127197266,6628
2007-04-02,50.0,50.0,47.57500076293945,49.125,29.366657257080078,7268
2007-04-03,46.525001525878906,49.95000076293945,46.525001525878906,48.474998474121094,28.978086471557617,15444
2007-04-04,52.07500076293945,52.07500076293945,46.724998474121094,48.95000076293945,29.262041091918945,10384
2007-04-05,48.025001525878906,50.849998474121094,47.099998474121094,47.349998474121094,28.305570602416992,7720
2007-04-09,48.5,48.5,45.70000076293945,45.82500076293945,27.393936157226562,12044
2007-04-10,45.625,47.0,45.0,45.42499923706055,27.154813766479492,9918
2007-04-11,46.0,46.5,45.0,45.57500076293945,27.244482040405273,5742
2007-04-12,46.54999923706055,46.54999923706055,44.04999923706055,45.875,27.423816680908203,2400
2007-04-13,45.25,46.5,45.25,46.07500076293945,27.543378829956055,2572
2007-04-16,46.0,46.45000076293945,45.025001525878906,45.57500076293945,27.244482040405273,5398
2007-04-17,42.0,46.375,42.0,45.625,27.274370193481445,5450
2007-04-18,45.04999923706055,46.0,45.04999923706055,45.17499923706055,27.00537109375,10284
2007-04-19,45.875,45.875,44.724998474121094,45.0,26.900753021240234,4684
2007-04-20,45.0,45.45000076293945,44.5,44.70000076293945,26.721412658691406,5162
2007-04-23,45.5,45.5,42.0,42.29999923706055,25.286705017089844,15330
2007-04-24,44.70000076293945,50.70000076293945,42.5,47.849998474121094,28.604467391967773,571040
2007-04-25,48.29999923706055,48.29999923706055,44.625,44.875,26.826032638549805,62156
2007-04-26,45.724998474121094,47.0,44.75,44.95000076293945,26.870864868164062,30032
2007-04-27,45.79999923706055,45.900001525878906,44.0,45.20000076293945,27.02031707763672,61658
2007-04-30,45.0,46.0,44.0,44.849998474121094,26.81108283996582,131310
2007-05-03,45.0,45.5,44.20000076293945,44.42499923706055,26.557024002075195,43274
2007-05-04,44.75,45.5,44.17499923706055,44.67499923706055,26.706472396850586,4032
2007-05-07,45.0,45.0,44.29999923706055,44.29999923706055,26.4822940826416,4180
2007-05-08,44.25,44.875,43.875,44.25,26.452407836914062,4006
2007-05-09,45.900001525878906,45.900001525878906,43.25,44.375,26.527128219604492,1900
2007-05-10,43.525001525878906,44.400001525878906,43.0,43.125,25.779888153076172,3390
2007-05-11,43.0,45.5,42.5,45.04999923706055,26.930646896362305,439230
2007-05-14,47.5,47.5,44.75,45.04999923706055,26.930646896362305,8898
2007-05-15,45.0,45.82500076293945,44.5,44.875,26.826032638549805,5194
2007-05-16,45.0,45.75,44.75,45.349998474121094,27.1099853515625,2996
2007-05-17,46.5,46.5,43.75,44.04999923706055,26.33285140991211,9492
2007-05-18,45.0,45.0,44.025001525878906,44.29999923706055,26.4822940826416,5176
2007-05-21,44.5,45.25,44.07500076293945,44.67499923706055,26.706472396850586,3646
2007-05-22,37.5,45.0,37.5,44.474998474121094,26.586910247802734,7878
2007-05-23,45.974998474121094,47.0,44.5,45.525001525878906,27.214601516723633,30914
2007-05-24,45.5,46.474998474121094,44.54999923706055,45.0,26.900753021240234,9158
2007-05-25,45.07500076293945,45.849998474121094,45.04999923706055,45.45000076293945,27.169754028320312,6520
2007-05-28,46.474998474121094,46.95000076293945,45.5,45.82500076293945,27.393936157226562,8032
2007-05-29,46.0,46.900001525878906,46.0,46.5,27.79744529724121,9654
2007-05-30,46.900001525878906,47.5,46.04999923706055,46.32500076293945,27.69283103942871,7818
2007-05-31,46.32500076293945,47.375,46.125,47.20000076293945,28.21590232849121,6784
2007-06-01,46.5,47.20000076293945,46.349998474121094,46.650001525878906,27.887113571166992,4088
2007-06-04,47.0,48.0,46.5,46.849998474121094,28.006669998168945,10662
2007-06-05,47.45000076293945,47.45000076293945,46.099998474121094,46.400001525878906,27.7376651763916,9456
2007-06-06,47.42499923706055,47.45000076293945,46.375,46.79999923706055,27.976781845092773,12220
2007-06-07,47.275001525878906,47.275001525878906,45.025001525878906,45.525001525878906,27.214601516723633,13158
2007-06-08,46.025001525878906,47.42499923706055,44.0,44.025001525878906,26.31790542602539,26034
2007-06-11,45.0,45.224998474121094,43.599998474121094,43.599998474121094,26.063840866088867,5002
2007-06-12,43.599998474121094,45.474998474121094,42.5,45.275001525878906,27.065149307250977,26890
2007-06-13,44.375,44.75,42.57500076293945,44.5,26.60186004638672,419228
2007-06-14,45.25,45.45000076293945,44.0,44.775001525878906,26.76624870300293,7124
2007-06-15,44.525001525878906,45.29999923706055,43.5,44.099998474121094,26.36273956298828,14296
2007-06-18,46.0,46.0,43.150001525878906,43.474998474121094,25.989120483398438,4464
2007-06-19,43.375,44.67499923706055,43.025001525878906,43.625,26.078779220581055,6174
2007-06-20,43.275001525878906,44.474998474121094,43.125,43.599998474121094,26.063840866088867,4090
2007-06-21,44.025001525878906,44.349998474121094,43.04999923706055,44.099998474121094,26.36273956298828,8284
2007-06-22,47.25,47.25,44.5,45.04999923706055,26.930646896362305,17128
2007-06-25,46.70000076293945,46.724998474121094,45.0,45.82500076293945,27.393936157226562,8264
2007-06-26,45.875,46.0,45.25,45.400001525878906,27.13987159729004,5914
2007-06-27,46.5,46.5,44.5,45.525001525878906,27.214601516723633,9560
2007-06-28,46.375,46.375,44.75,44.775001525878906,26.76624870300293,5098
2007-06-29,45.875,45.95000076293945,44.5,44.625,26.676578521728516,8492
2007-07-02,45.0,46.900001525878906,44.82500076293945,45.349998474121094,27.1099853515625,66906
2007-07-03,46.42499923706055,46.42499923706055,45.20000076293945,45.45000076293945,27.169754028320312,28690
2007-07-04,46.0,46.474998474121094,45.150001525878906,45.75,27.349103927612305,94062
2007-07-05,45.275001525878906,46.32500076293945,45.275001525878906,45.650001525878906,27.289325714111328,142400
2007-07-06,46.0,46.45000076293945,44.32500076293945,45.95000076293945,27.468656539916992,466562
2007-07-09,46.20000076293945,49.5,45.349998474121094,47.82500076293945,28.589523315429688,35254
2007-07-10,47.0,47.775001525878906,46.599998474121094,47.20000076293945,28.21590232849121,16176
2007-07-11,47.5,47.5,46.375,47.375,28.320520401000977,8300
2007-07-12,48.474998474121094,48.474998474121094,47.0,47.375,28.320520401000977,208552
2007-07-13,47.5,48.400001525878906,46.525001525878906,47.0,28.096343994140625,6376
2007-07-16,49.900001525878906,52.5,49.07500076293945,49.67499923706055,29.69544219970703,111574
2007-07-17,51.70000076293945,51.95000076293945,49.0,49.42499923706055,29.545991897583008,47866
2007-07-18,50.45000076293945,50.45000076293945,47.849998474121094,48.0,28.694143295288086,38090
2007-07-19,48.42499923706055,49.125,48.0,48.349998474121094,29.70795440673828,10120
2007-07-20,49.25,49.25,47.5,47.70000076293945,29.308568954467773,11280
2007-07-23,46.625,47.29999923706055,46.32500076293945,46.474998474121094,28.55588722229004,12968
2007-07-24,45.32500076293945,47.25,45.32500076293945,45.92499923706055,28.21795082092285,14860
2007-07-25,49.95000076293945,49.95000076293945,45.29999923706055,46.150001525878906,28.356201171875,6530
2007-07-26,47.474998474121094,48.70000076293945,46.29999923706055,47.20000076293945,29.001358032226562,6236
2007-07-27,46.5,49.0,45.5,47.07500076293945,28.924549102783203,26224
2007-07-30,46.0,47.42499923706055,46.0,46.349998474121094,28.479080200195312,6700
2007-07-31,47.224998474121094,47.70000076293945,46.67499923706055,47.0,28.878469467163086,5204
2007-08-01,49.0,50.5,47.5,50.0,30.721776962280273,119672
2007-08-02,49.0,50.75,47.599998474121094,50.025001525878906,30.737138748168945,31586
2007-08-03,50.0,50.0,47.54999923706055,47.57500076293945,29.231767654418945,8900
2007-08-06,48.0,48.0,46.525001525878906,47.275001525878906,29.047435760498047,25506
2007-08-07,47.025001525878906,48.0,46.57500076293945,47.5,29.185688018798828,34412
2007-08-08,48.0,48.0,47.0,47.474998474121094,29.170318603515625,277830
2007-08-09,48.25,48.95000076293945,46.125,47.57500076293945,29.231767654418945,16894
2007-08-10,46.025001525878906,47.5,46.025001525878906,46.900001525878906,28.817028045654297,5212
2007-08-13,46.75,47.5,46.349998474121094,47.0,28.878469467163086,8406
2007-08-14,46.57500076293945,47.5,46.525001525878906,46.54999923706055,28.601970672607422,2404
2007-08-16,44.75,46.650001525878906,44.75,45.67499923706055,28.06434440612793,4386
2007-08-17,45.0,46.45000076293945,44.875,45.0,27.64959716796875,10400
2007-08-20,45.125,46.04999923706055,45.0,45.099998474121094,27.71103858947754,4132
2007-08-21,45.0,46.57500076293945,44.875,46.099998474121094,28.325477600097656,16434
2007-08-22,45.20000076293945,46.5,43.275001525878906,46.25,28.417644500732422,9174
2007-08-23,46.5,46.5,45.625,46.5,28.57125473022461,5510
2007-08-24,46.0,46.20000076293945,45.0,45.04999923706055,27.680315017700195,2464
2007-08-27,45.17499923706055,46.625,45.0,46.025001525878906,28.27939224243164,5708
2007-08-28,47.45000076293945,47.45000076293945,45.5,46.0,28.264036178588867,1856
2007-08-29,46.0,47.0,45.0,45.25,27.803203582763672,5224
2007-08-30,45.29999923706055,46.375,45.29999923706055,45.525001525878906,27.97218132019043,4502
2007-08-31,46.25,46.974998474121094,45.95000076293945,46.42499923706055,28.525165557861328,6350
2007-09-03,45.75,46.900001525878906,45.5,46.724998474121094,28.70949363708496,4402
2007-09-04,46.0,46.775001525878906,45.974998474121094,46.599998474121094,28.632688522338867,148850
2007-09-05,46.92499923706055,47.5,46.0,46.525001525878906,28.586610794067383,7306
2007-09-06,45.75,46.5,45.75,46.5,28.57125473022461,3182
2007-09-07,45.875,46.42499923706055,45.525001525878906,45.724998474121094,28.095054626464844,4884
2007-09-10,45.5,45.5,44.57500076293945,44.974998474121094,27.634235382080078,12948
2007-09-11,45.5,45.75,45.0,45.099998474121094,27.71103858947754,2958
2007-09-12,44.54999923706055,46.5,44.54999923706055,45.275001525878906,27.818565368652344,7490
2007-09-13,46.875,46.875,45.0,45.224998474121094,27.787845611572266,1834
2007-09-14,45.5,46.5,45.0,45.20000076293945,27.772485733032227,8198
2007-09-17,46.974998474121094,46.974998474121094,45.75,46.07500076293945,28.31011962890625,6462
2007-09-18,46.5,46.79999923706055,45.5,45.974998474121094,28.248672485351562,6986
2007-09-19,47.0,47.375,45.32500076293945,46.025001525878906,28.27939224243164,9736
2007-09-20,45.54999923706055,47.5,45.5,46.775001525878906,28.74022102355957,13924
2007-09-21,46.75,47.45000076293945,45.150001525878906,45.75,28.110427856445312,10294
2007-09-24,45.5,46.75,45.17499923706055,45.32500076293945,27.849288940429688,7424
2007-09-25,45.150001525878906,45.974998474121094,44.900001525878906,45.150001525878906,27.74176025390625,8750
2007-09-26,45.400001525878906,46.724998474121094,44.849998474121094,46.20000076293945,28.386920928955078,23440
2007-09-27,45.29999923706055,47.474998474121094,45.275001525878906,47.07500076293945,28.924549102783203,20722
2007-09-28,47.5,50.0,45.70000076293945,48.54999923706055,29.830839157104492,234470
2007-10-01,49.95000076293945,54.5,49.5,51.5,31.6434268951416,72856
2007-10-03,49.04999923706055,51.5,47.57500076293945,48.724998474121094,29.93836784362793,14318
2007-10-04,48.5,49.0,46.0,47.525001525878906,29.2010440826416,9294
2007-10-05,46.29999923706055,48.95000076293945,46.29999923706055,46.625,28.64805030822754,121988
2007-10-08,46.724998474121094,46.724998474121094,45.5,45.70000076293945,28.079700469970703,9334
2007-10-09,45.20000076293945,46.5,45.20000076293945,46.5,28.57125473022461,6452
2007-10-10,45.75,47.17499923706055,45.75,46.57500076293945,28.617338180541992,465770
2007-10-11,47.0,49.5,46.375,46.45000076293945,28.540529251098633,12378
2007-10-12,46.099998474121094,48.375,45.125,45.474998474121094,27.941448211669922,20056
2007-10-15,45.57500076293945,47.474998474121094,45.57500076293945,47.04999923706055,28.909189224243164,6864
2007-10-16,47.45000076293945,47.5,45.75,46.900001525878906,28.817028045654297,9338
2007-10-17,45.54999923706055,47.0,44.025001525878906,46.20000076293945,28.386920928955078,3050
2007-10-18,47.224998474121094,47.25,45.75,46.099998474121094,28.325477600097656,3880
2007-10-19,46.974998474121094,46.974998474121094,45.025001525878906,45.775001525878906,28.12578010559082,4430
2007-10-22,45.5,46.25,45.25,45.599998474121094,28.018253326416016,5074
2007-10-23,45.5,46.0,45.375,45.625,28.033618927001953,8352
2007-10-24,46.724998474121094,46.724998474121094,45.32500076293945,45.54999923706055,27.987533569335938,3104
2007-10-25,45.75,46.375,45.75,46.17499923706055,28.371557235717773,2320
2007-10-26,45.54999923706055,46.474998474121094,45.54999923706055,46.04999923706055,28.294750213623047,3956
2007-10-29,45.57500076293945,46.349998474121094,45.17499923706055,45.25,27.803203582763672,14938
2007-10-30,45.125,45.5,44.04999923706055,44.57500076293945,27.38846206665039,9418
2007-10-31,44.125,45.0,44.0,44.025001525878906,27.050525665283203,8388
2007-11-01,42.625,44.0,41.5,41.849998474121094,25.714126586914062,38590
2007-11-02,40.79999923706055,42.5,40.79999923706055,42.42499923706055,26.067428588867188,5296
2007-11-05,41.5,42.95000076293945,41.25,41.474998474121094,25.48371124267578,11328
2007-11-06,41.25,42.45000076293945,40.79999923706055,40.875,25.115053176879883,11486
2007-11-07,40.5,41.900001525878906,40.0,41.400001525878906,25.437633514404297,5060
2007-11-08,41.0,42.95000076293945,40.5,42.54999923706055,26.144227981567383,19746
2007-11-12,44.5,44.5,40.75,41.525001525878906,25.514434814453125,3254
2007-11-13,40.67499923706055,41.974998474121094,40.67499923706055,41.57500076293945,25.545154571533203,2306
2007-11-14,42.0,42.400001525878906,41.5,41.724998474121094,25.63731575012207,5912
2007-11-15,40.04999923706055,42.5,40.04999923706055,42.349998474121094,26.021347045898438,4672
2007-11-16,42.45000076293945,43.0,41.75,42.375,26.036701202392578,29566
2007-11-19,42.5,44.5,41.525001525878906,44.125,27.111967086791992,17652
2007-11-20,44.75,45.5,43.04999923706055,44.0,27.035160064697266,18562
2007-11-21,44.875,44.875,43.20000076293945,43.20000076293945,26.54361915588379,7822
2007-11-22,42.150001525878906,43.5,42.07500076293945,43.45000076293945,26.697223663330078,4044
2007-11-23,43.70000076293945,43.875,42.625,43.724998474121094,26.86619758605957,2798
2007-11-26,43.025001525878906,43.900001525878906,42.79999923706055,43.25,26.574331283569336,3262
2007-11-27,42.5,43.25,42.29999923706055,43.20000076293945,26.54361915588379,2052
2007-11-28,42.75,46.45000076293945,42.525001525878906,46.45000076293945,28.540529251098633,42222
2007-11-29,46.0,46.0,43.57500076293945,45.0,27.64959716796875,12552
2007-11-30,45.45000076293945,46.25,45.45000076293945,46.0,28.264036178588867,30218
2007-12-03,45.900001525878906,46.45000076293945,44.5,45.275001525878906,27.818565368652344,11818
2007-12-04,44.82500076293945,45.45000076293945,44.125,44.775001525878906,27.511350631713867,2716
2007-12-05,43.525001525878906,45.0,43.525001525878906,44.025001525878906,27.050525665283203,4970
2007-12-06,45.0,46.375,44.75,45.79999923706055,28.141143798828125,14004
2007-12-07,45.849998474121094,46.400001525878906,44.75,44.775001525878906,27.511350631713867,5596
2007-12-10,46.375,53.75,45.07500076293945,46.375,28.494443893432617,13256
2007-12-11,46.5,47.224998474121094,45.099998474121094,45.57500076293945,28.002899169921875,6312
2007-12-12,46.974998474121094,46.974998474121094,45.04999923706055,45.95000076293945,28.23331069946289,1414
2007-12-13,46.75,46.75,45.375,45.375,27.880008697509766,1666
2007-12-14,46.474998474121094,47.900001525878906,45.32500076293945,47.525001525878906,29.2010440826416,19410
2007-12-17,48.45000076293945,49.125,45.75,46.70000076293945,28.69414520263672,11604
2007-12-18,47.5,47.54999923706055,45.525001525878906,46.5,28.57125473022461,7876
2007-12-19,46.92499923706055,48.474998474121094,45.79999923706055,46.125,28.340835571289062,8076
2007-12-20,46.5,46.70000076293945,42.525001525878906,45.025001525878906,27.664958953857422,6192
2007-12-24,46.474998474121094,46.474998474121094,44.400001525878906,45.29999923706055,27.833921432495117,2390
2007-12-26,46.20000076293945,47.0,45.775001525878906,45.875,28.187231063842773,3490
2007-12-27,46.79999923706055,46.875,46.0,46.0,28.264036178588867,5392
2007-12-28,45.79999923706055,46.5,45.79999923706055,46.17499923706055,28.371557235717773,6588
2007-12-31,46.5,47.5,46.5,47.0,28.878469467163086,24228
2008-01-01,46.5,49.5,46.5,48.400001525878906,29.738677978515625,31902
2008-01-02,45.54999923706055,50.5,45.54999923706055,48.45000076293945,29.76939582824707,24960
2008-01-03,49.0,57.5,46.650001525878906,47.29999923706055,29.06279754638672,361716
2008-01-04,47.5,56.82500076293945,46.0,51.07500076293945,31.382293701171875,4069592
2008-01-07,49.900001525878906,51.474998474121094,48.0,48.17499923706055,29.60042953491211,498974
2008-01-08,48.92499923706055,48.92499923706055,45.775001525878906,47.525001525878906,29.2010440826416,321154
2008-01-09,47.400001525878906,47.5,44.79999923706055,45.349998474121094,27.86465072631836,130694
2008-01-10,46.0,46.95000076293945,43.75,44.224998474121094,27.173410415649414,191816
2008-01-11,44.5,45.45000076293945,42.0,43.25,26.574331283569336,1090836
2008-01-14,42.75,44.42499923706055,42.54999923706055,43.025001525878906,26.43608856201172,75134
2008-01-15,44.75,44.95000076293945,42.125,42.25,25.95989418029785,142342
2008-01-16,42.599998474121094,42.75,41.025001525878906,41.32500076293945,25.39154815673828,44134
2008-01-17,41.349998474121094,42.0,40.75,41.25,25.3454647064209,44556
2008-01-18,41.0,41.474998474121094,39.5,39.974998474121094,24.562061309814453,26610
2008-01-21,40.04999923706055,40.04999923706055,36.57500076293945,38.95000076293945,23.932260513305664,161466
2008-01-22,32.5,37.5,31.174999237060547,32.54999923706055,19.999876022338867,27116
2008-01-23,36.099998474121094,36.099998474121094,32.5,34.599998474121094,21.25946807861328,36214
2008-01-24,37.42499923706055,37.42499923706055,32.5,33.17499923706055,20.38389778137207,50632
2008-01-25,33.0,36.150001525878906,33.0,35.5,21.81245994567871,31760
2008-01-28,33.0,36.25,33.0,35.92499923706055,22.073589324951172,58650
2008-01-29,36.75,37.5,36.25,37.025001525878906,22.74947166442871,40776
2008-01-30,37.25,37.29999923706055,35.57500076293945,36.775001525878906,22.595867156982422,37070
2008-01-31,36.04999923706055,37.5,36.0,37.125,22.8109130859375,23416
2008-02-01,36.5,38.70000076293945,36.5,37.92499923706055,23.302465438842773,22484
2008-02-04,38.25,44.900001525878906,38.25,41.32500076293945,25.39154815673828,31926
2008-02-05,41.25,41.25,39.29999923706055,40.07500076293945,24.623506546020508,24724
2008-02-06,35.099998474121094,40.0,35.099998474121094,39.525001525878906,24.285566329956055,23900
2008-02-07,42.400001525878906,47.17499923706055,39.025001525878906,39.025001525878906,23.978347778320312,22874
2008-02-08,38.57500076293945,40.599998474121094,38.0,38.32500076293945,23.548240661621094,14280
2008-02-11,37.5,37.5,35.5,35.775001525878906,21.981430053710938,12634
2008-02-12,34.25,35.25,33.17499923706055,34.400001525878906,21.136581420898438,13212
2008-02-13,35.400001525878906,35.400001525878906,32.54999923706055,33.17499923706055,20.38389778137207,14186
2008-02-14,35.5,37.0,33.25,35.25,21.65884780883789,23816
2008-02-15,35.95000076293945,36.0,34.599998474121094,35.025001525878906,21.520599365234375,11680
2008-02-18,35.5,36.974998474121094,34.79999923706055,35.150001525878906,21.5974063873291,10610
2008-02-19,35.67499923706055,35.67499923706055,34.54999923706055,34.625,21.27482795715332,4270
2008-02-20,34.5,35.150001525878906,34.224998474121094,34.82500076293945,21.397716522216797,10144
2008-02-21,34.75,35.125,34.54999923706055,34.775001525878906,21.366994857788086,6646
2008-02-22,34.5,34.75,34.07500076293945,34.29999923706055,21.075136184692383,6782
2008-02-25,34.07500076293945,35.099998474121094,34.07500076293945,34.625,21.27482795715332,19306
2008-02-26,34.400001525878906,36.5,34.400001525878906,36.17499923706055,22.22719955444336,17624
2008-02-27,36.07500076293945,36.92499923706055,36.07500076293945,36.5,22.42689323425293,7640
2008-02-28,36.5,36.5,35.29999923706055,36.0,22.119680404663086,16972
2008-02-29,35.974998474121094,37.099998474121094,35.25,35.95000076293945,22.088951110839844,7130
2008-03-03,36.25,38.5,35.0,35.29999923706055,21.689573287963867,34670
2008-03-04,35.04999923706055,35.974998474121094,34.0,35.29999923706055,21.689573287963867,9514
2008-03-05,34.29999923706055,35.04999923706055,34.025001525878906,34.849998474121094,21.413074493408203,10732
2008-03-07,33.17499923706055,34.5,33.17499923706055,33.82500076293945,20.783279418945312,12002
2008-03-10,32.54999923706055,34.5,31.0,32.54999923706055,19.999876022338867,11392
2008-03-11,31.075000762939453,35.0,31.075000762939453,33.275001525878906,20.445341110229492,93066
2008-03-12,34.025001525878906,37.25,31.5,31.825000762939453,19.554412841796875,141450
2008-03-13,33.900001525878906,33.900001525878906,30.299999237060547,30.475000381469727,18.724924087524414,11812
2008-03-14,30.049999237060547,30.375,29.5,30.100000381469727,18.494508743286133,387196
2008-03-17,30.850000381469727,32.5,28.950000762939453,30.25,18.586671829223633,13826
2008-03-18,30.0,30.225000381469727,27.524999618530273,28.600000381469727,17.57285499572754,13510
2008-03-19,30.0,34.0,28.024999618530273,31.100000381469727,19.10894203186035,41740
2008-03-24,31.25,31.25,28.049999237060547,28.450000762939453,17.480690002441406,8800
2008-03-25,30.5,31.5,23.799999237060547,29.850000381469727,18.340896606445312,58048
2008-03-26,30.25,35.5,28.549999237060547,34.92499923706055,21.459156036376953,60770
2008-03-27,32.04999923706055,37.900001525878906,32.04999923706055,37.5,23.041332244873047,73492
2008-03-28,37.5,40.0,35.5,39.025001525878906,23.978347778320312,31420
2008-03-31,36.54999923706055,44.974998474121094,32.5,41.224998474121094,25.330101013183594,73742
2008-04-01,39.349998474121094,41.724998474121094,37.32500076293945,37.974998474121094,23.33318519592285,26510
2008-04-02,38.0,40.375,37.75,38.0,23.348546981811523,8316
2008-04-03,36.525001525878906,38.45000076293945,36.29999923706055,36.724998474121094,22.565143585205078,4174
2008-04-04,36.0,37.375,35.04999923706055,35.32500076293945,21.70493507385254,6146
2008-04-07,35.75,35.75,34.5,35.400001525878906,21.751018524169922,6234
2008-04-08,34.5,36.25,34.5,35.849998474121094,22.027509689331055,3070
2008-04-09,34.54999923706055,36.474998474121094,34.525001525878906,35.650001525878906,21.904624938964844,1724
2008-04-10,34.775001525878906,37.349998474121094,34.775001525878906,35.82500076293945,22.01215171813965,8528
2008-04-11,35.25,36.275001525878906,35.25,35.5,21.81245994567871,1590
2008-04-15,34.54999923706055,36.5,34.54999923706055,35.67499923706055,21.919984817504883,3694
2008-04-16,36.025001525878906,36.5,35.79999923706055,35.900001525878906,22.05823516845703,1822
2008-04-17,36.025001525878906,37.0,36.0,36.54999923706055,22.45761489868164,5642
2008-04-21,38.474998474121094,38.474998474121094,35.79999923706055,35.875,22.04287338256836,3756
2008-04-22,37.45000076293945,37.45000076293945,35.625,36.099998474121094,22.18111801147461,4764
2008-04-23,36.25,38.75,35.275001525878906,37.45000076293945,23.01061248779297,21874
2008-04-24,37.400001525878906,37.400001525878906,36.5,37.025001525878906,22.74947166442871,2674
2008-04-25,36.349998474121094,37.099998474121094,36.20000076293945,36.375,22.350088119506836,3692
2008-04-28,35.625,36.474998474121094,35.5,35.57500076293945,21.858543395996094,4420
2008-04-29,36.375,36.375,35.025001525878906,35.32500076293945,21.70493507385254,7290
2008-04-30,35.54999923706055,36.25,35.54999923706055,36.07500076293945,22.16575813293457,10390
2008-05-02,36.04999923706055,36.04999923706055,35.04999923706055,35.375,21.73565673828125,3586
2008-05-05,35.25,36.0,35.25,35.32500076293945,21.70493507385254,1806
2008-05-06,35.04999923706055,35.25,35.0,35.099998474121094,21.566682815551758,6806
2008-05-07,35.025001525878906,35.875,34.625,35.025001525878906,21.520599365234375,2578
2008-05-08,36.0,36.0,34.54999923706055,34.625,21.27482795715332,3476
2008-05-09,32.625,36.0,32.625,34.04999923706055,20.92152976989746,6422
2008-05-12,33.5,34.04999923706055,32.75,33.150001525878906,20.3685359954834,4774
2008-05-13,33.150001525878906,34.974998474121094,33.150001525878906,34.0,20.89080810546875,10598
2008-05-14,34.25,34.25,33.275001525878906,33.45000076293945,20.552865982055664,3190
2008-05-15,33.5,33.75,33.150001525878906,33.25,20.42997932434082,5980
2008-05-16,33.75,34.375,33.32500076293945,33.75,20.737201690673828,3458
2008-05-20,33.17499923706055,35.20000076293945,32.525001525878906,34.95000076293945,21.474523544311523,8362
2008-05-21,33.5,35.0,33.5,34.125,20.967609405517578,2188
2008-05-22,34.0,34.025001525878906,33.5,33.5,20.58359146118164,1168
2008-05-23,33.25,34.75,33.0,33.20000076293945,20.399259567260742,3396
2008-05-26,33.0,33.625,32.5,32.82500076293945,20.168848037719727,6920
2008-05-27,33.125,34.5,32.07500076293945,33.025001525878906,20.291728973388672,5334
2008-05-28,32.54999923706055,32.95000076293945,32.125,32.875,20.199565887451172,2184
2008-05-29,32.150001525878906,33.349998474121094,32.150001525878906,32.5,19.969152450561523,2706
2008-05-30,32.5,32.75,31.524999618530273,31.75,19.508329391479492,3470
2008-06-02,31.5,32.5,30.575000762939453,31.450000762939453,19.323997497558594,8744
2008-06-03,30.325000762939453,32.375,29.5,31.600000381469727,19.416160583496094,4384
2008-06-04,31.024999618530273,31.850000381469727,30.100000381469727,30.600000381469727,18.801729202270508,2490
2008-06-05,31.950000762939453,31.975000381469727,30.0,30.799999237060547,18.92461395263672,2224
2008-06-06,30.600000381469727,30.600000381469727,29.049999237060547,29.899999618530273,18.371618270874023,4910
2008-06-09,28.200000762939453,29.475000381469727,28.200000762939453,29.174999237060547,17.9261531829834,5382
2008-06-10,27.575000762939453,30.5,27.5,29.100000381469727,17.88007354736328,25126
2008-06-11,30.0,30.200000762939453,28.799999237060547,29.475000381469727,18.11048698425293,7894
2008-06-12,29.024999618530273,34.75,28.299999237060547,31.024999618530273,19.062862396240234,15788
2008-06-13,30.075000762939453,30.350000381469727,29.774999618530273,30.075000762939453,18.479148864746094,1514
2008-06-16,29.5,30.549999237060547,29.5,30.5,18.740280151367188,2106
2008-06-17,31.0,31.0,29.899999618530273,30.424999237060547,18.694198608398438,1250
2008-06-18,30.25,30.5,29.799999237060547,29.924999237060547,18.38698387145996,5060
2008-06-19,29.399999618530273,30.875,29.049999237060547,29.149999618530273,17.910795211791992,5664
2008-06-20,29.024999618530273,29.125,27.625,28.25,17.35780143737793,6734
2008-06-23,27.549999237060547,28.5,27.375,27.575000762939453,16.94305992126465,2008
2008-06-24,27.524999618530273,27.875,27.049999237060547,27.274999618530273,16.75872802734375,1688
2008-06-25,26.575000762939453,27.450000762939453,26.5,26.774999618530273,16.451513290405273,7676
2008-06-26,26.899999618530273,28.25,26.899999618530273,27.700000762939453,17.019861221313477,3320
2008-06-27,27.5,27.5,26.149999618530273,27.174999237060547,16.697284698486328,2834
2008-06-30,26.600000381469727,29.875,26.600000381469727,28.774999618530273,17.68037986755371,8158
2008-07-01,26.075000762939453,29.899999618530273,26.075000762939453,27.549999237060547,16.927698135375977,8190
2008-07-02,27.5,29.0,27.5,27.825000762939453,17.096668243408203,5272
2008-07-03,28.0,28.649999618530273,27.674999237060547,28.0,17.204193115234375,1376
2008-07-04,28.0,28.924999237060547,26.5,28.475000381469727,17.49605369567871,1112
2008-07-07,28.200000762939453,28.75,27.25,28.0,17.204193115234375,3864
2008-07-08,27.75,28.75,27.0,27.25,16.743366241455078,7280
2008-07-09,28.899999618530273,28.899999618530273,27.850000381469727,28.0,17.204193115234375,4462
2008-07-10,28.225000381469727,29.0,27.5,28.950000762939453,17.78790855407715,2908
2008-07-11,28.950000762939453,28.950000762939453,28.125,28.225000381469727,17.342443466186523,2068
2008-07-14,28.299999237060547,28.975000381469727,27.5,28.25,17.35780143737793,13840
2008-07-15,28.75,28.75,27.5,27.674999237060547,17.004505157470703,4106
2008-07-16,27.0,28.200000762939453,26.549999237060547,27.575000762939453,16.94305992126465,6124
2008-07-17,26.5,28.350000381469727,26.5,27.825000762939453,17.096668243408203,4466
2008-07-18,28.649999618530273,32.45000076293945,28.649999618530273,28.850000381469727,17.726465225219727,10858
2008-07-21,29.125,29.549999237060547,27.799999237060547,28.475000381469727,17.49605369567871,2916
2008-07-22,28.625,29.75,28.625,29.5,18.12584686279297,4620
2008-07-23,29.524999618530273,33.150001525878906,29.174999237060547,31.850000381469727,19.56976890563965,28260
2008-07-24,30.024999618530273,35.0,30.0,33.42499923706055,22.21118927001953,31476
2008-07-25,32.375,33.25,31.549999237060547,32.20000076293945,21.397171020507812,4130
2008-07-28,32.125,32.5,31.649999618530273,31.899999618530273,21.19781494140625,5260
2008-07-29,31.100000381469727,32.20000076293945,30.774999618530273,31.25,20.76588249206543,4422
2008-07-30,31.125,31.600000381469727,30.549999237060547,31.125,20.68282127380371,1784
2008-07-31,31.125,31.125,30.5,30.649999618530273,20.367177963256836,984
2008-08-01,30.649999618530273,30.649999618530273,29.600000381469727,29.600000381469727,19.66944694519043,4000
2008-08-04,30.0,33.0,29.549999237060547,31.450000762939453,20.898786544799805,25128
2008-08-05,30.5,31.25,30.5,30.75,20.433629989624023,2600
2008-08-06,30.575000762939453,30.875,30.049999237060547,30.325000762939453,20.151212692260742,10922
2008-08-07,30.125,35.0,30.125,33.92499923706055,22.543441772460938,58126
2008-08-08,32.125,36.45000076293945,32.125,35.20000076293945,23.39069366455078,78640
2008-08-11,34.5,35.5,33.82500076293945,34.75,23.09166145324707,8000
2008-08-12,34.0,37.95000076293945,34.0,36.45000076293945,24.221324920654297,37200
2008-08-13,36.45000076293945,36.95000076293945,35.0,35.20000076293945,23.39069366455078,13248
2008-08-14,35.17499923706055,36.400001525878906,35.04999923706055,35.099998474121094,23.324241638183594,8000
2008-08-18,36.0,36.0,33.5,34.75,23.09166145324707,2918
2008-08-19,33.54999923706055,35.42499923706055,33.5,34.724998474121094,23.075050354003906,6918
2008-08-20,34.099998474121094,34.125,34.025001525878906,34.025001525878906,22.60989761352539,1554
2008-08-21,33.650001525878906,33.70000076293945,33.07500076293945,33.474998474121094,22.244413375854492,5004
2008-08-22,33.875,33.875,32.57500076293945,32.75,21.76264190673828,2084
2008-08-25,33.70000076293945,33.70000076293945,32.54999923706055,32.54999923706055,21.629741668701172,550
2008-08-26,32.54999923706055,33.5,32.275001525878906,33.25,22.09489631652832,7524
2008-08-27,32.54999923706055,33.70000076293945,32.525001525878906,33.099998474121094,21.995220184326172,7344
2008-08-28,33.95000076293945,33.974998474121094,32.07500076293945,32.349998474121094,21.496843338012695,1456
2008-08-29,32.650001525878906,33.474998474121094,31.75,32.17499923706055,21.38055419921875,5420
2008-09-01,32.17499923706055,32.349998474121094,31.549999237060547,31.825000762939453,21.147977828979492,700
2008-09-02,31.875,33.0,31.850000381469727,32.025001525878906,21.2808780670166,626
2008-09-04,32.0,33.474998474121094,27.049999237060547,32.42499923706055,21.546680450439453,17442
2008-09-05,32.67499923706055,32.67499923706055,32.275001525878906,32.275001525878906,21.447004318237305,90
2008-09-08,32.0,34.0,31.25,32.025001525878906,21.2808780670166,4534
2008-09-09,32.0,32.0,32.0,32.0,21.264265060424805,3000
2008-09-10,32.349998474121094,33.0,32.349998474121094,32.349998474121094,21.496843338012695,4288
2008-09-11,31.575000762939453,31.700000762939453,31.575000762939453,31.575000762939453,20.981847763061523,1354
2008-09-12,31.024999618530273,34.45000076293945,31.024999618530273,31.024999618530273,20.616369247436523,3516
2008-09-15,30.125,30.375,27.125,28.475000381469727,18.921871185302734,2942
2008-09-16,28.174999237060547,29.899999618530273,26.5,29.100000381469727,19.337194442749023,3302
2008-09-17,28.049999237060547,30.375,28.0,28.674999237060547,19.054777145385742,3972
2008-09-18,28.5,29.725000381469727,27.100000381469727,28.549999237060547,18.971712112426758,5622
2008-09-19,28.100000381469727,28.649999618530273,27.524999618530273,28.375,18.85542106628418,2624
2008-09-22,28.0,28.674999237060547,28.0,28.674999237060547,19.054777145385742,256
2008-09-23,28.0,28.725000381469727,27.350000381469727,27.5,18.273975372314453,1476
2008-09-24,27.774999618530273,28.75,27.0,27.5,18.273975372314453,1848
2008-09-25,27.5,27.5,26.5,26.524999618530273,17.626083374023438,4216
2008-09-26,27.75,28.100000381469727,26.5,26.799999237060547,17.808822631835938,960
2008-09-29,26.149999618530273,26.149999618530273,24.0,24.950000762939453,16.579479217529297,5764
2008-09-30,24.0,25.0,20.399999618530273,24.25,16.11432647705078,3606
2008-10-01,23.5,25.5,23.5,25.049999237060547,16.645933151245117,742
2008-10-03,25.049999237060547,25.049999237060547,22.5,22.924999237060547,15.233851432800293,2838
2008-10-06,22.5,26.475000381469727,20.549999237060547,21.049999237060547,13.987898826599121,18998
2008-10-07,21.149999618530273,25.225000381469727,20.0,24.875,16.529640197753906,14492
2008-10-08,22.5,24.299999237060547,21.174999237060547,22.174999237060547,14.735472679138184,4516
2008-10-10,22.25,22.75,20.149999618530273,20.600000381469727,13.688874244689941,5296
2008-10-13,20.5,21.25,20.100000381469727,20.424999237060547,13.572579383850098,3440
2008-10-14,20.024999618530273,21.825000762939453,20.024999618530273,21.100000381469727,14.021124839782715,5516
2008-10-15,20.200000762939453,21.725000381469727,20.200000762939453,21.0,13.95467472076416,2354
2008-10-16,20.024999618530273,20.899999618530273,20.024999618530273,20.024999618530273,13.306778907775879,1442
2008-10-17,20.024999618530273,23.950000762939453,20.024999618530273,21.399999618530273,14.220476150512695,12904
2008-10-20,21.0,21.850000381469727,20.524999618530273,20.600000381469727,13.688874244689941,1170
2008-10-21,20.625,21.0,20.125,20.25,13.456291198730469,4726
2008-10-22,20.25,21.299999237060547,19.5,20.399999618530273,13.555970191955566,5674
2008-10-23,23.899999618530273,23.899999618530273,19.5,19.924999237060547,13.240326881408691,2830
2008-10-24,18.0,21.450000762939453,18.0,19.700000762939453,13.090813636779785,2410
2008-10-27,16.649999618530273,18.450000762939453,15.774999618530273,16.774999618530273,11.147127151489258,4638
2008-10-29,17.0,19.200000762939453,17.0,18.774999618530273,12.47614574432373,3364
2008-10-31,18.600000381469727,18.700000762939453,17.049999237060547,18.375,12.210341453552246,562
2008-11-03,17.5,20.399999618530273,17.5,19.149999618530273,12.725335121154785,2332
2008-11-04,19.0,20.299999237060547,18.5,19.725000381469727,13.107426643371582,706
2008-11-05,20.25,21.25,17.5,18.899999618530273,12.559207916259766,7012
2008-11-06,18.600000381469727,19.0,17.649999618530273,18.299999237060547,12.160502433776855,780
2008-11-07,19.5,19.799999237060547,19.25,19.5,12.957915306091309,1324
2008-11-10,18.600000381469727,20.0,18.600000381469727,19.975000381469727,13.273553848266602,514
2008-11-11,19.975000381469727,19.975000381469727,18.625,18.899999618530273,12.559207916259766,238
2008-11-12,18.700000762939453,19.875,18.625,18.75,12.45953369140625,364
2008-11-14,18.649999618530273,19.0,18.649999618530273,18.649999618530273,12.393080711364746,32
2008-11-17,18.0,19.475000381469727,18.0,18.075000762939453,12.010988235473633,458
2008-11-18,17.5,19.5,17.5,17.625,11.711957931518555,456
2008-11-19,17.0,18.850000381469727,17.0,17.75,11.795023918151855,1040
2008-11-20,17.75,17.75,15.5,16.350000381469727,10.864710807800293,2340
2008-11-21,16.674999237060547,18.25,15.5,16.924999237060547,11.24680233001709,1122
2008-11-24,16.024999618530273,20.325000762939453,16.0,20.325000762939453,13.506132125854492,27956
2008-11-25,20.024999618530273,21.700000762939453,19.299999237060547,20.950000762939453,13.9214506149292,11862
2008-11-26,19.174999237060547,22.399999618530273,19.174999237060547,19.649999618530273,13.057588577270508,938
2008-11-28,19.700000762939453,19.75,18.0,19.5,12.957915306091309,1856
2008-12-01,19.5,19.899999618530273,19.024999618530273,19.049999237060547,12.658882141113281,1612
2008-12-02,18.825000762939453,19.5,17.0,18.700000762939453,12.426305770874023,15696
2008-12-03,18.0,19.5,18.0,19.075000762939453,12.675496101379395,404
2008-12-04,19.399999618530273,20.25,19.024999618530273,19.924999237060547,13.240326881408691,3046
2008-12-05,19.899999618530273,19.899999618530273,19.350000381469727,19.350000381469727,12.858237266540527,536
2008-12-08,19.524999618530273,19.524999618530273,19.524999618530273,19.524999618530273,12.974526405334473,10
2008-12-10,18.0,20.924999237060547,18.0,20.5,13.622419357299805,4936
2008-12-11,20.424999237060547,20.975000381469727,20.375,20.975000381469727,13.938060760498047,342
2008-12-12,20.5,21.5,20.25,20.5,13.622419357299805,1772
2008-12-15,20.5,20.975000381469727,19.75,20.25,13.456291198730469,1056
2008-12-16,20.350000381469727,22.774999618530273,20.350000381469727,20.950000762939453,13.9214506149292,1208
2008-12-17,20.100000381469727,22.0,20.100000381469727,21.75,14.453056335449219,1810
2008-12-18,18.375,24.200000762939453,18.375,21.5,14.286930084228516,396
2008-12-19,21.5,22.825000762939453,21.075000762939453,21.149999618530273,14.054348945617676,1200
2008-12-22,20.0,23.975000381469727,20.0,22.375,14.868372917175293,2604
2008-12-23,20.75,21.5,20.625,21.450000762939453,14.253704071044922,2214
2008-12-24,21.0,21.575000762939453,20.299999237060547,20.975000381469727,13.938060760498047,3704
2008-12-26,21.0,21.375,20.700000762939453,20.75,13.78854751586914,3930
2008-12-29,20.75,23.149999618530273,20.75,21.975000381469727,14.602570533752441,206
2008-12-30,22.100000381469727,22.100000381469727,20.75,21.700000762939453,14.419830322265625,16120
2008-12-31,20.049999237060547,21.5,20.049999237060547,20.875,13.871613502502441,7814
2009-01-02,21.299999237060547,21.975000381469727,21.299999237060547,21.424999237060547,14.237088203430176,846
2009-01-05,23.600000381469727,23.600000381469727,21.625,21.700000762939453,14.419830322265625,6252
2009-01-06,21.5,23.5,21.5,22.799999237060547,15.150790214538574,1496
2009-01-07,22.799999237060547,22.799999237060547,21.0,21.024999618530273,13.971287727355957,2610
2009-01-09,18.0,23.0,18.0,21.600000381469727,14.353378295898438,7462
2009-01-12,20.524999618530273,23.299999237060547,20.5,21.75,14.453056335449219,9322
2009-01-13,20.875,23.25,20.875,22.200000762939453,14.752083778381348,6238
2009-01-14,22.825000762939453,22.825000762939453,21.75,21.75,14.453056335449219,3092
2009-01-15,21.75,22.375,21.75,21.75,14.453056335449219,1196
2009-01-16,21.75,22.25,21.75,22.25,14.785308837890625,600
2009-01-19,21.5,22.575000762939453,21.5,22.575000762939453,15.001276969909668,2354
2009-01-20,20.825000762939453,21.424999237060547,20.825000762939453,21.0,13.95467472076416,584
2009-01-21,20.899999618530273,22.924999237060547,20.899999618530273,20.899999618530273,13.88822078704834,2962
2009-01-22,20.024999618530273,23.0,20.024999618530273,20.850000381469727,13.854997634887695,2294
2009-01-23,20.75,20.75,19.5,19.75,13.124038696289062,3238
2009-01-27,20.0,20.0,19.0,19.649999618530273,13.057588577270508,1018
2009-01-28,19.75,20.5,19.0,19.25,12.791788101196289,1152
2009-01-29,19.25,19.5,17.524999618530273,18.700000762939453,12.426305770874023,5170
2009-01-30,19.75,22.25,18.325000762939453,18.649999618530273,12.393080711364746,3170
2009-02-02,18.350000381469727,19.899999618530273,18.350000381469727,18.75,12.45953369140625,1722
2009-02-03,18.25,19.0,17.25,17.450000762939453,11.595670700073242,4232
2009-02-04,17.375,18.75,17.299999237060547,18.649999618530273,12.393080711364746,2550
2009-02-05,18.325000762939453,18.625,17.549999237060547,17.899999618530273,11.894700050354004,684
2009-02-06,17.549999237060547,18.5,17.5,17.774999618530273,11.811637878417969,348
2009-02-09,17.75,20.5,17.0,18.475000381469727,12.2767915725708,6436
2009-02-10,18.75,19.649999618530273,18.125,19.450000762939453,12.924687385559082,1746
2009-02-11,19.5,20.950000762939453,18.024999618530273,19.450000762939453,12.924687385559082,602250
2009-02-12,19.049999237060547,19.25,18.575000762939453,19.225000381469727,12.775175094604492,119146
2009-02-13,19.950000762939453,19.950000762939453,17.75,18.700000762939453,12.426305770874023,2434
2009-02-16,18.5,18.5,18.174999237060547,18.274999618530273,12.143888473510742,3936
2009-02-17,18.75,19.25,17.625,17.774999618530273,11.811637878417969,1378
2009-02-18,18.75,18.75,18.25,18.350000381469727,12.193726539611816,1104
2009-02-19,18.0,18.5,17.700000762939453,17.975000381469727,11.944535255432129,1592
2009-02-20,17.524999618530273,18.674999237060547,17.024999618530273,17.225000381469727,11.44615650177002,3524
2009-02-24,17.100000381469727,17.475000381469727,17.100000381469727,17.475000381469727,11.612282752990723,206
2009-02-25,17.899999618530273,18.0,17.149999618530273,17.149999618530273,11.396316528320312,476
2009-02-26,17.25,17.975000381469727,16.799999237060547,17.524999618530273,11.645509719848633,1022
2009-02-27,18.875,19.0,14.024999618530273,14.024999618530273,9.319727897644043,190588
2009-03-02,14.25,14.875,14.0,14.175000190734863,9.419405937194824,5824
2009-03-03,14.050000190734863,14.975000381469727,14.050000190734863,14.350000381469727,9.53569507598877,4642
2009-03-04,14.949999809265137,15.25,14.550000190734863,15.199999809265137,10.100526809692383,3442
2009-03-05,14.925000190734863,15.475000381469727,14.824999809265137,14.975000381469727,9.951011657714844,9278
2009-03-06,14.875,15.225000381469727,14.875,15.100000381469727,10.034075736999512,5844
2009-03-09,15.0,15.25,14.649999618530273,14.949999809265137,9.93440055847168,508
2009-03-12,14.5,15.0,14.5,14.5,9.635369300842285,486
2009-03-13,16.75,16.75,15.0,15.0,9.967625617980957,1576
2009-03-16,15.25,15.949999809265137,14.5,15.475000381469727,10.283266067504883,7788
2009-03-17,15.0,15.949999809265137,15.0,15.300000190734863,10.166976928710938,1270
2009-03-18,14.5,17.549999237060547,14.5,15.699999809265137,10.432779312133789,6136
2009-03-19,15.5,16.5,15.175000190734863,15.225000381469727,10.117137908935547,1010
2009-03-20,15.850000381469727,15.850000381469727,15.850000381469727,15.850000381469727,10.53245735168457,200
2009-03-23,14.774999618530273,16.424999237060547,14.774999618530273,15.475000381469727,10.283266067504883,1562
2009-03-24,15.5,17.5,15.25,15.725000381469727,10.449393272399902,9916
2009-03-25,15.5,16.274999618530273,15.199999809265137,15.300000190734863,10.166976928710938,2396
2009-03-26,15.175000190734863,16.200000762939453,15.175000190734863,15.574999809265137,10.349716186523438,1606
2009-03-27,15.274999618530273,16.200000762939453,15.274999618530273,15.774999618530273,10.482617378234863,6266
2009-03-30,15.75,15.899999618530273,15.5,15.625,10.382941246032715,656
2009-03-31,16.0,16.950000762939453,15.649999618530273,16.399999618530273,10.897936820983887,152932
2009-04-01,18.0,18.0,16.299999237060547,16.875,11.213577270507812,7690
2009-04-02,15.0,17.799999237060547,15.0,17.174999237060547,11.41292667388916,3296
2009-04-06,17.149999618530273,17.75,16.924999237060547,17.225000381469727,11.44615650177002,2044
2009-04-08,17.5,17.899999618530273,16.524999618530273,17.875,11.87808609008789,4250
2009-04-09,17.899999618530273,18.450000762939453,17.575000762939453,17.774999618530273,11.811637878417969,8086
2009-04-13,18.0,18.475000381469727,17.75,18.100000381469727,12.027599334716797,4494
2009-04-15,18.5,21.0,18.450000762939453,19.375,12.874849319458008,10540
2009-04-16,21.25,21.25,18.0,18.125,12.044212341308594,7392
2009-04-17,17.850000381469727,19.350000381469727,17.850000381469727,17.950000762939453,11.927923202514648,5076
2009-04-20,18.850000381469727,18.850000381469727,17.975000381469727,18.5,12.293405532836914,2252
2009-04-21,17.549999237060547,18.875,17.549999237060547,17.975000381469727,11.944535255432129,2068
2009-04-22,17.575000762939453,18.700000762939453,17.575000762939453,17.75,11.795023918151855,740
2009-04-23,17.75,18.25,17.25,17.774999618530273,11.811637878417969,1824
2009-04-24,17.774999618530273,18.899999618530273,17.325000762939453,17.649999618530273,11.728570938110352,1594
2009-04-27,18.549999237060547,18.549999237060547,17.5,17.649999618530273,11.728570938110352,396
2009-04-28,17.75,18.674999237060547,17.075000762939453,17.274999618530273,11.479381561279297,2908
2009-04-29,17.0,18.649999618530273,16.375,16.975000381469727,11.280028343200684,2930
2009-04-30,16.950000762939453,16.950000762939453,16.950000762939453,16.950000762939453,11.263416290283203,0
2009-05-04,18.450000762939453,18.450000762939453,17.25,17.774999618530273,11.811637878417969,6838
2009-05-05,17.950000762939453,18.75,17.25,17.725000381469727,11.778410911560059,17900
2009-05-06,17.75,18.450000762939453,17.299999237060547,17.399999618530273,11.562443733215332,4864
2009-05-07,17.649999618530273,18.100000381469727,17.524999618530273,17.924999237060547,11.911312103271484,798
2009-05-08,17.924999237060547,18.674999237060547,17.174999237060547,17.524999618530273,11.645509719848633,1800
2009-05-11,18.25,18.375,17.524999618530273,17.549999237060547,11.662120819091797,2338
2009-05-12,18.5,18.5,17.549999237060547,17.700000762939453,11.761795997619629,2202
2009-05-13,17.75,18.475000381469727,17.75,18.25,12.127276420593262,2956
2009-05-14,18.25,18.25,17.024999618530273,17.950000762939453,11.927923202514648,2044
2009-05-15,17.950000762939453,18.125,17.5,17.725000381469727,11.778410911560059,3670
2009-05-18,17.975000381469727,17.975000381469727,17.975000381469727,17.975000381469727,11.944535255432129,0
2009-05-19,19.0,19.649999618530273,18.25,18.700000762939453,12.426305770874023,21170
2009-05-20,18.75,22.0,18.5,21.149999618530273,14.054348945617676,9744
2009-05-21,22.399999618530273,23.25,22.100000381469727,22.424999237060547,14.901599884033203,10028
2009-05-22,22.5,23.75,20.25,22.5,14.951437950134277,8862
2009-05-25,22.5,24.5,22.5,24.399999618530273,16.214000701904297,14148
2009-05-26,24.399999618530273,25.0,23.0,23.049999237060547,15.31691837310791,6236
2009-05-27,24.450000762939453,24.450000762939453,22.25,23.625,15.699006080627441,5694
2009-05-28,24.0,24.0,22.649999618530273,23.024999618530273,15.300307273864746,4376
2009-05-29,23.5,25.225000381469727,23.5,24.0,15.948201179504395,3970
2009-06-01,25.450000762939453,26.075000762939453,24.5,25.825000762939453,17.16092872619629,12914
2009-06-02,27.0,30.399999618530273,26.25,27.100000381469727,18.008174896240234,50676
2009-06-03,27.549999237060547,30.549999237060547,27.149999618530273,27.5,18.273975372314453,25678
2009-06-04,27.5,28.25,26.774999618530273,27.450000762939453,18.240753173828125,8156
2009-06-05,27.5,29.75,26.5,28.200000762939453,18.7391357421875,27728
2009-06-08,28.0,28.25,25.0,25.25,16.77883529663086,23916
2009-06-09,25.299999237060547,27.375,25.299999237060547,27.100000381469727,18.008174896240234,28958
2009-06-10,27.0,28.725000381469727,25.174999237060547,26.125,17.360279083251953,37328
2009-06-11,26.25,27.424999237060547,26.25,27.100000381469727,18.008174896240234,15090
2009-06-12,26.5,27.5,26.25,26.5,17.609472274780273,4120
2009-06-15,26.049999237060547,26.674999237060547,25.049999237060547,25.549999237060547,16.97818374633789,3054
2009-06-16,25.149999618530273,26.225000381469727,25.0,25.125,16.695772171020508,4858
2009-06-17,25.5,26.700000762939453,24.100000381469727,25.100000381469727,16.67915916442871,6068
2009-06-18,25.0,25.0,22.149999618530273,23.524999618530273,15.632558822631836,3764
2009-06-19,24.0,25.5,23.100000381469727,23.5,15.615944862365723,8660
2009-06-22,23.350000381469727,23.5,22.75,22.875,15.200628280639648,3270
2009-06-23,23.024999618530273,23.975000381469727,23.0,23.0,15.28369140625,2104
2009-06-24,23.25,23.5,23.049999237060547,23.100000381469727,15.350147247314453,2248
2009-06-25,23.25,24.25,23.049999237060547,23.799999237060547,15.815296173095703,1182
2009-06-26,23.25,24.5,23.25,23.774999618530273,15.798681259155273,7394
2009-06-29,23.75,24.0,22.75,24.0,15.948201179504395,2934
2009-06-30,23.75,23.75,22.075000762939453,22.399999618530273,14.884986877441406,1068
2009-07-01,22.25,23.475000381469727,22.25,22.649999618530273,15.051114082336426,2260
2009-07-02,22.700000762939453,26.5,22.5,23.725000381469727,15.765458106994629,26154
2009-07-03,23.049999237060547,24.424999237060547,23.024999618530273,23.299999237060547,15.483046531677246,3360
2009-07-06,23.5,24.424999237060547,21.075000762939453,22.774999618530273,15.134177207946777,2468
2009-07-07,22.774999618530273,23.0,21.5,22.5,14.951437950134277,996
2009-07-08,22.5,22.5,20.75,21.299999237060547,14.154026985168457,1166
2009-07-09,21.299999237060547,21.75,20.5,21.625,14.369991302490234,444
2009-07-10,21.5,21.5,20.75,20.875,13.871613502502441,2078
2009-07-13,21.0,23.75,20.299999237060547,22.024999618530273,14.635795593261719,9592
2009-07-14,21.75,22.975000381469727,21.25,21.575000762939453,14.336769104003906,6754
2009-07-15,21.75,22.924999237060547,21.674999237060547,22.024999618530273,14.635795593261719,2468
2009-07-16,22.024999618530273,22.975000381469727,21.75,22.375,14.868372917175293,2886
2009-07-17,21.125,22.600000381469727,21.125,22.225000381469727,14.768698692321777,1240
2009-07-20,21.825000762939453,23.0,21.825000762939453,22.399999618530273,14.884986877441406,4854
2009-07-21,21.625,23.475000381469727,21.625,22.899999618530273,15.217240333557129,7706
2009-07-22,22.975000381469727,23.850000381469727,22.975000381469727,23.475000381469727,15.599331855773926,5456
2009-07-23,23.75,24.549999237060547,23.399999618530273,24.225000381469727,16.09771156311035,18332
2009-07-24,23.799999237060547,25.5,23.600000381469727,25.100000381469727,16.67915916442871,13426
2009-07-27,24.350000381469727,26.125,24.350000381469727,25.875,17.194150924682617,6772
2009-07-28,26.25,26.399999618530273,25.5,25.799999237060547,17.14431381225586,9244
2009-07-29,25.149999618530273,25.5,24.049999237060547,25.25,16.77883529663086,2974
2009-07-30,25.25,25.975000381469727,25.0,25.475000381469727,16.9283504486084,1118
2009-07-31,25.575000762939453,26.25,25.0,25.0,16.612709045410156,6714
2009-08-03,24.875,25.899999618530273,24.25,25.075000762939453,17.80186653137207,6616
2009-08-04,25.5,25.950000762939453,25.0,25.075000762939453,17.80186653137207,3542
2009-08-05,25.049999237060547,25.475000381469727,25.0,25.125,17.837364196777344,3712
2009-08-06,25.0,25.975000381469727,24.274999618530273,24.450000762939453,17.35814666748047,6480
2009-08-07,24.450000762939453,24.450000762939453,23.149999618530273,23.299999237060547,16.541711807250977,7094
2009-08-10,23.274999618530273,23.950000762939453,22.274999618530273,22.725000381469727,16.133493423461914,4944
2009-08-11,23.25,23.700000762939453,22.75,22.875,16.239986419677734,4628
2009-08-12,23.0,23.25,22.5,23.200000762939453,16.47071647644043,1312
2009-08-13,23.5,23.875,23.0,23.350000381469727,16.577211380004883,6102
2009-08-14,24.0,24.700000762939453,23.5,23.899999618530273,16.967679977416992,4066
2009-08-17,24.0,24.475000381469727,22.625,23.0,16.3287296295166,9806
2009-08-18,23.0,23.825000762939453,23.0,23.450000762939453,16.648202896118164,9050
2009-08-19,23.75,24.825000762939453,22.5,22.674999237060547,16.097999572753906,15780
2009-08-20,23.950000762939453,23.950000762939453,21.875,22.0,15.618785858154297,13382
2009-08-21,23.100000381469727,23.200000762939453,21.625,22.625,16.062501907348633,4060
2009-08-24,22.375,23.174999237060547,22.25,22.625,16.062501907348633,1712
2009-08-25,22.975000381469727,27.149999618530273,22.975000381469727,26.625,18.902278900146484,123634
2009-08-26,26.850000381469727,28.725000381469727,25.25,25.799999237060547,18.316574096679688,207128
2009-08-27,26.274999618530273,28.575000762939453,25.75,27.899999618530273,19.807456970214844,282170
2009-08-28,28.0,28.25,26.25,26.5,18.81353759765625,67612
2009-08-31,26.0,28.200000762939453,26.0,26.524999618530273,18.831289291381836,53280
2009-09-01,27.0,28.850000381469727,26.700000762939453,27.149999618530273,19.275001525878906,106270
2009-09-02,26.625,28.225000381469727,26.625,27.475000381469727,19.505733489990234,52884
2009-09-03,28.075000762939453,29.450000762939453,27.25,28.575000762939453,20.286672592163086,188466
2009-09-04,29.225000381469727,29.375,27.825000762939453,28.225000381469727,20.038190841674805,60704
2009-09-07,29.0,29.5,28.0,28.825000762939453,20.464160919189453,110004
2009-09-08,29.325000762939453,30.950000762939453,28.875,29.424999237060547,20.890125274658203,188996
2009-09-09,29.5,30.0,28.125,28.825000762939453,20.464160919189453,25578
2009-09-10,29.325000762939453,30.0,28.524999618530273,29.100000381469727,20.659395217895508,33622
2009-09-11,29.325000762939453,29.5,27.899999618530273,28.274999618530273,20.073688507080078,12494
2009-09-14,28.25,28.700000762939453,27.549999237060547,27.975000381469727,19.86070442199707,7104
2009-09-15,28.024999618530273,28.424999237060547,27.875,28.350000381469727,20.126935958862305,12164
2009-09-16,28.899999618530273,28.975000381469727,27.399999618530273,28.125,19.96719741821289,10258
2009-09-17,28.0,28.975000381469727,27.5,27.850000381469727,19.771963119506836,17558
2009-09-18,28.25,28.25,27.0,27.200000762939453,19.310497283935547,12566
2009-09-22,27.5,30.25,27.125,28.600000381469727,20.30442237854004,86630
2009-09-23,29.149999618530273,32.29999923706055,28.75,29.399999618530273,20.872379302978516,766514
2009-09-24,30.0,30.825000762939453,29.5,29.725000381469727,21.103107452392578,122480
2009-09-25,29.75,30.0,28.649999618530273,28.950000762939453,20.552902221679688,34526
2009-09-29,28.899999618530273,31.0,28.674999237060547,29.625,21.032114028930664,56338
2009-09-30,29.5,30.25,29.049999237060547,29.325000762939453,20.819133758544922,29546
2009-10-01,29.0,30.75,27.5,29.825000762939453,21.174104690551758,119032
2009-10-05,29.799999237060547,29.875,28.100000381469727,28.225000381469727,20.038190841674805,33756
2009-10-06,28.0,28.424999237060547,27.25,27.375,19.434738159179688,26600
2009-10-07,29.825000762939453,29.825000762939453,27.399999618530273,27.575000762939453,19.57672691345215,18172
2009-10-08,27.674999237060547,29.899999618530273,27.524999618530273,29.375,20.854623794555664,99102
2009-10-09,29.0,29.825000762939453,28.174999237060547,28.375,20.144683837890625,67398
2009-10-12,29.399999618530273,29.399999618530273,28.024999618530273,28.700000762939453,20.37541961669922,20604
2009-10-13,28.924999237060547,28.924999237060547,28.924999237060547,28.924999237060547,20.535152435302734,0
2009-10-14,29.0,29.200000762939453,28.325000762939453,28.450000762939453,20.19792938232422,33550
2009-10-15,28.850000381469727,28.850000381469727,27.549999237060547,28.075000762939453,19.931697845458984,14606
2009-10-16,28.850000381469727,28.850000381469727,27.75,27.774999618530273,19.71871566772461,12844
2009-10-20,28.75,28.950000762939453,27.725000381469727,28.024999618530273,19.896202087402344,8692
2009-10-21,27.5,28.700000762939453,27.149999618530273,27.700000762939453,19.665470123291016,26438
2009-10-22,27.75,29.899999618530273,27.75,29.024999618530273,20.60614585876465,131090
2009-10-23,29.825000762939453,32.849998474121094,29.225000381469727,30.774999618530273,21.848552703857422,799596
2009-10-26,31.975000381469727,31.975000381469727,28.5,28.625,20.32217025756836,98478
2009-10-27,28.375,28.424999237060547,26.350000381469727,26.799999237060547,19.026521682739258,59832
2009-10-28,26.75,27.5,25.575000762939453,26.899999618530273,19.097515106201172,49534
2009-10-29,26.049999237060547,26.375,25.049999237060547,25.700000762939453,18.245580673217773,33320
2009-10-30,27.0,28.25,25.5,25.850000381469727,18.35207176208496,38752
2009-11-03,26.0,26.399999618530273,24.350000381469727,24.774999618530273,17.588884353637695,39428
2009-11-04,24.5,25.25,23.600000381469727,24.549999237060547,17.42914390563965,18786
2009-11-05,24.399999618530273,25.725000381469727,24.399999618530273,24.875,17.65987777709961,16826
2009-11-06,25.700000762939453,26.200000762939453,25.149999618530273,25.725000381469727,18.263330459594727,20482
2009-11-09,25.549999237060547,26.75,25.549999237060547,26.225000381469727,18.618305206298828,23254
2009-11-10,25.875,27.25,25.825000762939453,26.274999618530273,18.65380096435547,35072
2009-11-11,27.0,27.399999618530273,26.075000762939453,26.450000762939453,18.77803611755371,12544
2009-11-12,26.125,26.75,25.799999237060547,25.950000762939453,18.423067092895508,8516
2009-11-13,26.600000381469727,26.600000381469727,25.674999237060547,26.049999237060547,18.494064331054688,8824
2009-11-16,26.700000762939453,27.25,25.725000381469727,26.524999618530273,18.831289291381836,39100
2009-11-17,26.299999237060547,27.25,26.25,26.875,19.07976722717285,15410
2009-11-18,26.625,27.100000381469727,26.25,26.375,18.724794387817383,22944
2009-11-19,26.0,26.700000762939453,26.0,26.475000381469727,18.795787811279297,5022
2009-11-20,26.049999237060547,27.0,25.5,26.774999618530273,19.008771896362305,29080
2009-11-23,26.75,27.75,26.0,27.100000381469727,19.239503860473633,43234
2009-11-24,27.450000762939453,27.5,26.25,26.424999237060547,18.760292053222656,16220
2009-11-25,26.725000381469727,27.0,26.174999237060547,26.399999618530273,18.742544174194336,11628
2009-11-26,26.225000381469727,26.799999237060547,26.225000381469727,26.524999618530273,18.831289291381836,10742
2009-11-27,25.75,26.25,24.049999237060547,26.0,18.458560943603516,35268
2009-11-30,25.875,26.700000762939453,25.575000762939453,26.399999618530273,18.742544174194336,14932
2009-12-01,27.0,29.799999237060547,25.774999618530273,28.850000381469727,20.481910705566406,468282
2009-12-02,29.225000381469727,30.0,27.700000762939453,27.924999237060547,19.82520866394043,39440
2009-12-03,28.200000762939453,29.899999618530273,27.0,28.325000762939453,20.10918617248535,32520
2009-12-04,27.524999618530273,28.450000762939453,27.5,27.875,19.78971290588379,13290
2009-12-07,28.350000381469727,28.350000381469727,27.125,27.375,19.434738159179688,10858
2009-12-08,26.899999618530273,32.849998474121094,26.899999618530273,31.200000762939453,22.150279998779297,954846
2009-12-09,31.200000762939453,31.950000762939453,29.524999618530273,29.75,21.12085723876953,143038
2009-12-10,29.975000381469727,31.25,29.625,30.325000762939453,21.52907943725586,97568
2009-12-11,30.0,30.975000381469727,29.600000381469727,29.75,21.12085723876953,58132
2009-12-14,29.600000381469727,32.25,29.5,30.424999237060547,21.60007095336914,190094
2009-12-15,30.950000762939453,31.399999618530273,29.75,30.149999618530273,21.40483856201172,51270
2009-12-16,29.75,29.950000762939453,29.25,29.700000762939453,21.08536148071289,19266
2009-12-17,30.0,30.25,29.399999618530273,29.75,21.12085723876953,18708
2009-12-18,29.625,30.375,29.200000762939453,29.524999618530273,20.96112060546875,38318
2009-12-21,30.200000762939453,30.200000762939453,28.774999618530273,28.924999237060547,20.535152435302734,20584
2009-12-22,29.25,32.42499923706055,28.575000762939453,30.450000762939453,21.61781883239746,229864
2010-01-04,36.5,39.20000076293945,36.5,36.875,26.17921257019043,78940
2010-01-05,37.474998474121094,40.0,36.875,38.32500076293945,27.208637237548828,552444
2010-01-06,38.67499923706055,39.724998474121094,37.525001525878906,38.20000076293945,27.119892120361328,157640
2010-01-07,38.5,38.95000076293945,37.525001525878906,37.625,26.711669921875,53394
2010-01-08,39.0,39.0,36.125,36.70000076293945,26.054975509643555,12228
2010-01-11,37.724998474121094,37.724998474121094,35.5,35.95000076293945,25.52251625061035,17102
2010-01-12,36.5,36.5,35.0,35.025001525878906,24.86581802368164,13834
2010-01-13,34.650001525878906,35.0,34.29999923706055,34.400001525878906,24.422101974487305,6236
2010-01-14,35.724998474121094,35.724998474121094,34.0,34.54999923706055,24.52859115600586,14268
2010-01-15,34.5,35.45000076293945,34.025001525878906,34.375,24.404354095458984,10290
2010-01-18,34.5,34.95000076293945,34.150001525878906,34.375,24.404354095458984,13746
2010-01-19,34.92499923706055,35.125,33.775001525878906,34.474998474121094,24.475345611572266,31696
2010-01-20,35.0,36.20000076293945,34.599998474121094,35.0,24.848066329956055,21638
2010-01-21,35.5,35.5,33.5,33.75,23.960634231567383,11136
2010-01-22,34.900001525878906,34.900001525878906,32.07500076293945,32.775001525878906,23.268442153930664,17326
2010-01-25,32.5,33.0,31.825000762939453,32.07500076293945,22.771480560302734,4754
2010-01-27,33.0,33.0,31.125,31.524999618530273,22.38100814819336,6778
2010-01-28,33.0,33.0,30.649999618530273,31.600000381469727,22.434255599975586,3064
2010-01-29,31.5,31.5,30.049999237060547,31.225000381469727,22.16802406311035,7238
2010-02-01,31.0,32.150001525878906,29.75,32.0,22.718233108520508,5514
2010-02-02,31.899999618530273,32.92499923706055,31.549999237060547,31.549999237060547,22.398754119873047,6608
2010-02-03,32.375,32.375,31.0,31.700000762939453,22.5052490234375,3352
2010-02-04,32.20000076293945,32.20000076293945,30.125,30.125,21.3870849609375,9228
2010-02-05,30.950000762939453,30.950000762939453,29.25,29.375,20.854623794555664,4808
2010-02-08,30.899999618530273,30.899999618530273,28.75,30.274999618530273,21.493576049804688,9306
2010-02-09,31.424999237060547,31.424999237060547,29.299999237060547,30.075000762939453,21.351591110229492,4194
2010-02-10,31.450000762939453,31.5,30.575000762939453,30.575000762939453,21.70656394958496,1704
2010-02-11,31.549999237060547,31.549999237060547,29.75,30.274999618530273,21.493576049804688,1056
2010-02-15,31.5,31.5,29.774999618530273,29.850000381469727,21.19185447692871,1998
2010-02-16,31.25,31.25,29.725000381469727,30.0,21.298341751098633,1184
2010-02-17,31.375,31.375,29.799999237060547,30.075000762939453,21.351591110229492,3032
2010-02-18,29.399999618530273,31.375,29.399999618530273,30.024999618530273,21.31609344482422,9886
2010-02-19,30.5,31.25,30.075000762939453,30.700000762939453,21.795305252075195,11948
2010-02-22,31.0,31.424999237060547,30.174999237060547,30.225000381469727,21.458080291748047,12252
2010-02-23,30.0,30.850000381469727,29.024999618530273,30.075000762939453,21.351591110229492,12312
2010-02-24,29.799999237060547,30.5,29.649999618530273,29.899999618530273,21.22735023498535,5042
2010-02-25,29.75,30.125,29.75,30.0,21.298341751098633,1690
2010-02-26,31.350000381469727,31.350000381469727,29.5,30.174999237060547,21.422584533691406,2430
2010-03-02,30.125,30.725000381469727,29.899999618530273,30.0,21.298341751098633,1744
2010-03-03,30.625,31.5,30.625,31.5,22.363258361816406,6266
2010-03-04,33.04999923706055,33.07500076293945,32.5,32.724998474121094,23.232940673828125,13382
2010-03-05,31.5,32.875,31.450000762939453,32.650001525878906,23.179698944091797,3792
2010-03-08,32.099998474121094,34.95000076293945,32.099998474121094,34.099998474121094,24.209115982055664,62366
2010-03-09,35.0,35.0,31.600000381469727,33.67499923706055,23.90738868713379,9112
2010-03-10,33.875,33.875,30.649999618530273,32.275001525878906,22.913469314575195,15110
2010-03-11,33.29999923706055,35.525001525878906,33.125,33.275001525878906,23.623411178588867,334098
2010-03-12,34.875,34.875,33.0,33.099998474121094,23.499170303344727,19192
2010-03-15,33.0,35.0,33.0,33.67499923706055,23.90738868713379,27090
2010-03-16,34.70000076293945,34.70000076293945,32.650001525878906,32.849998474121094,23.32168197631836,15872
2010-03-17,33.5,33.95000076293945,32.75,33.25,23.605661392211914,12698
2010-03-18,33.95000076293945,33.95000076293945,32.525001525878906,32.70000076293945,23.215194702148438,11904
2010-03-19,33.45000076293945,35.25,32.5,34.42499923706055,24.439847946166992,323646
2010-03-22,34.42499923706055,37.75,33.5,34.25,24.31560707092285,34580
2010-03-23,34.900001525878906,36.275001525878906,33.82500076293945,35.70000076293945,25.34503173828125,38566
2010-03-25,36.25,36.25,34.75,35.5,25.20304298400879,172086
2010-03-26,36.20000076293945,36.20000076293945,34.5,34.82500076293945,24.72382354736328,49972
2010-03-29,37.5,37.5,33.20000076293945,33.625,23.87189292907715,53998
2010-03-30,34.900001525878906,35.525001525878906,33.5,34.25,24.31560707092285,18070
2010-03-31,34.5,36.099998474121094,34.125,35.599998474121094,25.274038314819336,36512
2010-04-01,36.900001525878906,36.900001525878906,35.0,35.150001525878906,24.954559326171875,8992
2010-04-05,36.400001525878906,38.67499923706055,36.04999923706055,38.67499923706055,27.457115173339844,92100
2010-04-06,39.900001525878906,41.0,38.125,38.54999923706055,27.368375778198242,65206
2010-04-07,39.125,40.45000076293945,38.224998474121094,39.17499923706055,27.81208610534668,48606
2010-04-08,39.5,41.0,38.150001525878906,38.474998474121094,27.31512451171875,89716
2010-04-09,39.70000076293945,42.32500076293945,38.75,42.150001525878906,29.92416763305664,391954
2010-04-12,43.0,45.0,42.275001525878906,43.45000076293945,30.847105026245117,234972
2010-04-13,44.0,45.95000076293945,43.5,45.150001525878906,32.05400848388672,301002
2010-04-15,45.650001525878906,49.599998474121094,45.650001525878906,48.849998474121094,34.68080139160156,1148356
2010-04-16,49.5,50.900001525878906,47.0,47.400001525878906,33.6513786315918,338022
2010-04-19,47.224998474121094,47.95000076293945,45.099998474121094,45.525001525878906,32.32024002075195,172058
2010-04-20,47.0,47.0,45.5,45.67499923706055,32.42673110961914,59826
2010-04-21,45.650001525878906,47.32500076293945,45.650001525878906,46.45000076293945,32.97693634033203,129774
2010-04-22,46.45000076293945,46.45000076293945,44.275001525878906,44.42499923706055,31.53929328918457,55708
2010-04-23,45.0,46.150001525878906,42.5,45.474998474121094,32.28474426269531,120026
2010-04-26,45.5,45.724998474121094,44.025001525878906,44.125,31.326309204101562,41040
2010-04-27,43.5,44.849998474121094,43.5,44.099998474121094,31.308565139770508,28758
2010-04-28,44.5,46.20000076293945,43.75,44.45000076293945,31.557044982910156,282790
2010-04-29,45.95000076293945,46.67499923706055,45.79999923706055,46.17499923706055,32.781700134277344,167546
2010-04-30,46.5,47.25,45.67499923706055,46.07500076293945,32.7107048034668,58524
2010-05-03,45.400001525878906,46.5,45.07500076293945,45.224998474121094,32.10725021362305,26208
2010-05-04,45.29999923706055,45.92499923706055,42.974998474121094,43.724998474121094,31.042333602905273,24290
2010-05-05,42.5,43.20000076293945,41.625,42.974998474121094,30.509872436523438,38880
2010-05-06,43.974998474121094,43.974998474121094,42.0,42.125,29.90642547607422,13992
2010-05-07,41.0,43.5,40.0,41.25,29.285219192504883,44006
2010-05-10,43.07500076293945,44.0,41.29999923706055,43.17499923706055,30.65186309814453,59018
2010-05-11,44.45000076293945,44.5,42.57500076293945,43.150001525878906,30.63411521911621,15788
2010-05-12,42.75,43.75,42.0,42.20000076293945,29.959667205810547,8560
2010-05-13,43.349998474121094,43.349998474121094,40.125,42.32500076293945,30.04841423034668,23344
2010-05-14,42.45000076293945,42.5,41.0,41.125,29.19647979736328,9314
2010-05-17,41.67499923706055,41.67499923706055,38.875,39.92499923706055,28.34454345703125,8356
2010-05-18,41.45000076293945,41.599998474121094,39.775001525878906,40.57500076293945,28.806011199951172,11318
2010-05-19,42.42499923706055,42.42499923706055,39.025001525878906,39.150001525878906,27.794336318969727,17088
2010-05-20,39.17499923706055,40.45000076293945,35.67499923706055,37.25,26.445449829101562,26010
2010-05-21,37.125,38.0,35.79999923706055,37.099998474121094,26.33894920349121,14082
2010-05-24,38.974998474121094,39.95000076293945,37.67499923706055,39.150001525878906,27.794336318969727,12782
2010-05-25,37.75,43.07500076293945,37.75,43.07500076293945,30.58087730407715,217794
2010-05-26,45.0,46.5,43.07500076293945,43.95000076293945,31.20207977294922,439602
2010-05-27,43.75,46.25,43.75,45.70000076293945,32.444480895996094,188950
2010-05-28,46.5,46.5,42.57500076293945,44.67499923706055,31.716781616210938,74580
2010-05-31,45.0,45.900001525878906,44.04999923706055,45.32500076293945,32.178245544433594,44638
2010-06-01,46.45000076293945,47.849998474121094,44.099998474121094,44.474998474121094,31.574798583984375,464428
2010-06-02,45.5,45.5,44.29999923706055,44.625,31.68128204345703,75810
2010-06-03,45.45000076293945,45.474998474121094,43.75,44.20000076293945,31.37955665588379,48308
2010-06-04,44.974998474121094,44.974998474121094,43.125,43.32500076293945,30.758359909057617,38118
2010-06-07,42.5,43.5,42.025001525878906,43.099998474121094,30.598623275756836,22280
2010-06-08,43.92499923706055,44.724998474121094,42.625,43.375,30.79384994506836,22308
2010-06-09,44.0,44.95000076293945,43.67499923706055,44.54999923706055,31.62803840637207,54440
2010-06-10,43.775001525878906,44.95000076293945,43.775001525878906,44.400001525878906,31.521543502807617,12466
2010-06-11,44.849998474121094,45.224998474121094,44.25,44.375,31.50380516052246,26876
2010-06-14,44.724998474121094,44.75,43.25,44.07500076293945,31.290815353393555,15810
2010-06-15,43.29999923706055,45.45000076293945,43.275001525878906,45.025001525878906,31.96526527404785,45100
2010-06-16,44.525001525878906,45.224998474121094,43.82500076293945,43.900001525878906,31.166574478149414,21862
2010-06-17,44.0,46.75,44.0,45.275001525878906,32.14275360107422,45228
2010-06-18,44.900001525878906,46.92499923706055,44.900001525878906,45.775001525878906,32.49772644042969,116656
2010-06-21,46.974998474121094,46.974998474121094,43.599998474121094,44.099998474121094,31.308565139770508,85530
2010-06-22,44.45000076293945,44.70000076293945,43.849998474121094,44.07500076293945,31.290815353393555,19762
2010-06-23,43.54999923706055,44.42499923706055,43.54999923706055,43.75,31.06008529663086,26392
2010-06-24,44.25,44.25,43.625,44.04999923706055,31.273073196411133,20206
2010-06-25,43.54999923706055,45.0,43.5,44.07500076293945,31.290815353393555,23540
2010-06-28,44.5,45.25,44.5,44.974998474121094,31.92977523803711,19346
2010-06-29,44.95000076293945,45.724998474121094,44.75,45.150001525878906,32.05400848388672,32542
2010-06-30,44.849998474121094,45.974998474121094,44.17499923706055,45.224998474121094,32.10725021362305,27490
2010-07-01,45.25,45.5,44.775001525878906,44.974998474121094,31.92977523803711,8790
2010-07-02,45.04999923706055,45.5,44.5,44.900001525878906,31.87652015686035,10562
2010-07-05,44.275001525878906,45.474998474121094,44.275001525878906,44.849998474121094,31.841026306152344,5806
2010-07-06,44.75,45.5,44.25,44.875,31.85877799987793,19218
2010-07-07,45.224998474121094,46.29999923706055,44.5,45.04999923706055,31.983022689819336,33420
2010-07-08,45.5,46.099998474121094,45.125,45.275001525878906,32.14275360107422,34682
2010-07-09,45.25,48.349998474121094,45.25,46.724998474121094,33.17216491699219,332750
2010-07-12,47.025001525878906,48.0,46.54999923706055,46.775001525878906,33.20766830444336,64844
2010-07-13,47.224998474121094,48.25,46.650001525878906,47.974998474121094,34.05960464477539,55008
2010-07-14,49.0,49.5,47.25,47.849998474121094,33.97085952758789,61978
2010-07-15,48.0,49.0,47.0,48.32500076293945,34.308082580566406,53398
2010-07-16,48.75,50.150001525878906,47.57500076293945,49.45000076293945,35.106773376464844,215052
2010-07-19,49.45000076293945,52.75,48.650001525878906,50.70000076293945,35.99420166015625,565026
2010-07-20,51.875,52.45000076293945,49.974998474121094,50.375,35.76347351074219,137270
2010-07-21,52.0,53.82500076293945,51.5,51.92499923706055,36.863887786865234,656786
2010-07-22,52.099998474121094,52.25,51.04999923706055,51.75,38.21143341064453,82096
2010-07-23,51.04999923706055,51.70000076293945,49.849998474121094,50.224998474121094,38.576271057128906,60490
2010-07-26,51.775001525878906,54.900001525878906,51.724998474121094,54.20000076293945,41.62934494018555,967444
2010-07-27,55.04999923706055,55.04999923706055,52.54999923706055,53.474998474121094,41.07249450683594,258358
2010-07-28,53.75,54.75,52.5,54.125,41.571739196777344,403264
2010-07-29,55.0,55.900001525878906,53.599998474121094,53.875,41.37972640991211,365510
2010-07-30,53.25,53.92499923706055,51.599998474121094,51.900001525878906,39.86278533935547,113996
2010-08-02,52.0,53.70000076293945,52.0,52.67499923706055,40.458038330078125,87750
2010-08-03,53.150001525878906,53.17499923706055,51.67499923706055,52.724998474121094,40.49644088745117,58094
2010-08-04,53.150001525878906,53.45000076293945,52.275001525878906,53.0,40.707664489746094,48010
2010-08-05,53.42499923706055,54.45000076293945,52.5,54.125,41.571739196777344,122636
2010-08-06,54.0,54.650001525878906,53.525001525878906,53.79999923706055,41.32211685180664,90360
2010-08-09,53.79999923706055,55.25,53.79999923706055,54.724998474121094,42.03257751464844,117254
2010-08-10,55.875,57.400001525878906,53.025001525878906,53.650001525878906,41.206905364990234,88170
2010-08-11,54.474998474121094,58.32500076293945,53.54999923706055,54.724998474121094,42.03257751464844,827098
2010-08-12,54.099998474121094,55.900001525878906,54.0,54.849998474121094,42.12858581542969,139454
2010-08-13,55.67499923706055,56.0,54.04999923706055,54.25,41.66774368286133,98170
2010-08-16,55.0,55.5,51.375,51.900001525878906,39.86278533935547,757490
2010-08-17,52.625,54.375,52.25,53.375,40.995689392089844,398874
2010-08-18,54.20000076293945,55.650001525878906,53.150001525878906,54.625,41.955772399902344,309584
2010-08-19,54.900001525878906,56.75,54.775001525878906,55.82500076293945,42.8774528503418,307850
2010-08-20,55.5,55.5,54.525001525878906,54.775001525878906,42.070980072021484,93546
2010-08-23,54.25,56.45000076293945,54.0,55.5,42.627830505371094,97896
2010-08-24,55.75,56.17499923706055,54.25,55.150001525878906,42.3590087890625,84586
2010-08-25,55.92499923706055,56.04999923706055,53.79999923706055,54.17499923706055,41.610137939453125,115664
2010-08-26,55.20000076293945,55.20000076293945,54.275001525878906,54.525001525878906,41.878971099853516,55884
2010-08-27,55.150001525878906,55.5,53.0,53.5,41.09169387817383,105622
2010-08-30,54.900001525878906,55.5,53.5,53.70000076293945,41.24531173706055,86946
2010-08-31,54.45000076293945,54.45000076293945,52.45000076293945,52.92499923706055,40.650054931640625,105400
2010-09-01,53.95000076293945,54.599998474121094,53.275001525878906,53.67499923706055,41.226104736328125,84444
2010-09-02,61.45000076293945,61.45000076293945,52.75,53.25,40.89967727661133,252134
2010-09-03,55.0,55.5,53.04999923706055,53.849998474121094,41.360511779785156,74345
2010-09-06,57.099998474121094,61.45000076293945,56.54999923706055,58.54999923706055,44.97044372558594,778260
2010-09-07,59.25,59.25,55.849998474121094,56.099998474121094,43.08867645263672,144797
2010-09-08,55.75,57.900001525878906,55.400001525878906,56.150001525878906,43.1270751953125,74857
2010-09-09,57.0,57.0,55.400001525878906,55.650001525878906,42.743045806884766,33024
2010-09-13,55.650001525878906,57.150001525878906,55.5,55.75,42.81985092163086,43746
2010-09-14,56.0,56.0,54.0,54.900001525878906,42.1669921875,45905
2010-09-15,54.650001525878906,55.900001525878906,53.75,54.04999923706055,41.51413345336914,33375
2010-09-16,53.599998474121094,54.25,52.04999923706055,52.349998474121094,40.208412170410156,51370
2010-09-17,52.5,54.0,52.099998474121094,52.599998474121094,40.40043258666992,54511
2010-09-20,53.5,53.5,52.20000076293945,52.45000076293945,40.28522872924805,36822
2010-09-21,53.5,54.0,51.150001525878906,51.54999923706055,39.59396743774414,44253
2010-09-22,51.400001525878906,51.900001525878906,49.79999923706055,51.0,39.1715202331543,46875
2010-09-23,50.400001525878906,50.900001525878906,50.0,50.099998474121094,38.480255126953125,27529
2010-09-24,50.75,52.349998474121094,50.099998474121094,51.79999923706055,39.78598403930664,64781
2010-09-27,52.0,54.5,51.349998474121094,52.900001525878906,40.63085174560547,89159
2010-09-28,52.150001525878906,54.900001525878906,52.150001525878906,53.400001525878906,41.014888763427734,188789
2010-09-29,53.5,54.79999923706055,53.25,53.599998474121094,41.16850662231445,46139
2010-09-30,53.0,53.75,52.099998474121094,53.099998474121094,40.78446960449219,20006
2010-10-01,53.5,53.849998474121094,52.25,52.54999923706055,40.36203384399414,37408
2010-10-04,52.20000076293945,53.20000076293945,51.900001525878906,52.04999923706055,39.97800064086914,48066
2010-10-05,52.0,52.70000076293945,51.29999923706055,51.900001525878906,39.86278533935547,38668
2010-10-06,52.900001525878906,52.900001525878906,51.900001525878906,52.54999923706055,40.36203384399414,38618
2010-10-07,54.70000076293945,58.099998474121094,54.25,55.45000076293945,42.58943176269531,486942
2010-10-08,56.5,56.900001525878906,53.25,53.849998474121094,41.360511779785156,58041
2010-10-11,55.099998474121094,58.900001525878906,53.5,58.150001525878906,44.66322326660156,240833
2010-10-12,57.04999923706055,58.0,56.0,57.349998474121094,44.04875564575195,115022
2010-10-13,57.0,59.400001525878906,56.0,56.70000076293945,43.54951858520508,116677
2010-10-14,58.0,58.0,56.29999923706055,56.70000076293945,43.54951858520508,41492
2010-10-15,56.45000076293945,57.29999923706055,54.29999923706055,54.79999923706055,42.09019088745117,46616
2010-10-18,54.0,55.79999923706055,53.29999923706055,54.0,41.47572326660156,21343
2010-10-19,54.20000076293945,54.95000076293945,52.900001525878906,53.70000076293945,41.24531173706055,40923
2010-10-20,53.0,54.400001525878906,53.0,53.400001525878906,41.014888763427734,19437
2010-10-21,54.0,55.0,53.5,54.5,41.85975646972656,39703
2010-10-22,55.0,55.0,53.400001525878906,53.70000076293945,41.24531173706055,17544
2010-10-25,54.75,57.5,53.70000076293945,56.849998474121094,43.66472244262695,107386
2010-10-26,59.04999923706055,62.0,59.04999923706055,60.0,46.084144592285156,777899
2010-10-27,59.599998474121094,60.599998474121094,58.099998474121094,59.0,45.316078186035156,114270
2010-10-28,59.849998474121094,59.900001525878906,56.75,57.849998474121094,44.432796478271484,55884
2010-10-29,57.79999923706055,60.45000076293945,56.0,57.75,44.355987548828125,215696
2010-11-01,59.400001525878906,60.400001525878906,57.099998474121094,57.5,44.16396713256836,43160
2010-11-02,56.650001525878906,58.0,56.5,56.650001525878906,43.51111602783203,27493
2010-11-03,57.0,57.400001525878906,56.150001525878906,56.70000076293945,43.54951858520508,35479
2010-11-04,58.0,59.400001525878906,57.099998474121094,57.95000076293945,44.509605407714844,99844
2010-11-08,59.79999923706055,62.20000076293945,57.0,61.400001525878906,47.159446716308594,286494
2010-11-09,62.099998474121094,64.5,60.400001525878906,63.900001525878906,49.079620361328125,333694
2010-11-10,63.5,64.5999984741211,61.650001525878906,62.650001525878906,48.11953353881836,103882
2010-11-11,63.400001525878906,63.400001525878906,60.099998474121094,60.54999923706055,46.5065803527832,77524
2010-11-12,62.5,63.0,59.04999923706055,59.650001525878906,45.81532287597656,67703
2010-11-15,60.099998474121094,60.099998474121094,57.75,58.900001525878906,45.23927688598633,29748
2010-11-16,58.099998474121094,59.599998474121094,55.150001525878906,56.54999923706055,43.43430709838867,46132
2010-11-18,56.5,58.400001525878906,55.0,55.599998474121094,42.70463943481445,57713
2010-11-19,55.5,56.95000076293945,54.349998474121094,55.25,42.435813903808594,24755
2010-11-22,55.25,56.0,55.0,55.5,42.627830505371094,13369
2010-11-23,55.599998474121094,55.599998474121094,53.0,54.0,41.47572326660156,20265
2010-11-24,52.0,55.5,52.0,54.150001525878906,41.590946197509766,11654
2010-11-25,53.099998474121094,55.0,53.0,53.5,41.09169387817383,25990
2010-11-26,52.5,54.79999923706055,47.5,51.150001525878906,39.2867317199707,61068
2010-11-29,51.5,52.25,50.0,51.0,39.1715202331543,10145
2010-11-30,51.75,53.400001525878906,51.04999923706055,53.099998474121094,40.78446960449219,14435
2010-12-01,53.20000076293945,55.900001525878906,53.099998474121094,54.20000076293945,41.62934494018555,12628
2010-12-02,55.95000076293945,56.0,54.04999923706055,54.5,41.85975646972656,19950
2010-12-03,54.0,55.849998474121094,53.099998474121094,53.70000076293945,41.24531173706055,28883
2010-12-06,53.04999923706055,54.45000076293945,52.25,53.900001525878906,41.39892578125,48390
2010-12-07,54.25,55.25,53.5,54.70000076293945,42.01337814331055,23000
2010-12-08,54.0,54.95000076293945,53.29999923706055,53.849998474121094,41.360511779785156,14399
2010-12-09,52.79999923706055,54.25,51.79999923706055,52.20000076293945,40.09320831298828,437997
2010-12-10,51.099998474121094,53.599998474121094,51.099998474121094,52.25,40.13160705566406,49566
2010-12-13,52.54999923706055,55.20000076293945,51.54999923706055,52.29999923706055,40.170021057128906,25239
2010-12-14,52.0,54.0,52.0,53.400001525878906,41.014888763427734,23143
2010-12-15,52.45000076293945,53.75,52.45000076293945,52.5,40.32363510131836,3077
2010-12-16,53.0,54.0,52.349998474121094,53.70000076293945,41.24531173706055,11685
2010-12-20,52.29999923706055,53.0,52.0,52.25,40.13160705566406,11448
2010-12-21,52.95000076293945,54.0,52.0,53.25,40.89967727661133,13131
2010-12-22,52.400001525878906,53.95000076293945,52.400001525878906,52.900001525878906,40.63085174560547,5443
2010-12-23,52.400001525878906,57.5,52.400001525878906,54.70000076293945,42.01337814331055,172082
2010-12-24,56.0,57.45000076293945,55.099998474121094,56.650001525878906,43.51111602783203,137123
2010-12-27,58.0,67.0999984741211,56.95000076293945,57.29999923706055,44.01036071777344,140066
2010-12-28,58.400001525878906,61.599998474121094,57.29999923706055,60.0,46.084144592285156,154300
2010-12-29,60.099998474121094,63.79999923706055,58.20000076293945,59.70000076293945,45.85372543334961,249465
2010-12-30,59.70000076293945,61.0,58.099998474121094,58.25,44.740020751953125,22782
2010-12-31,59.849998474121094,59.849998474121094,57.54999923706055,58.20000076293945,44.70162582397461,18114
2011-01-03,59.0,61.849998474121094,56.20000076293945,59.29999923706055,45.5464973449707,114427
2011-01-04,61.099998474121094,61.849998474121094,58.400001525878906,59.25,45.50809860229492,224747
2011-01-05,59.349998474121094,59.70000076293945,57.20000076293945,58.5,44.93204116821289,31254
2011-01-06,58.599998474121094,58.650001525878906,57.5,57.599998474121094,44.240779876708984,15941
2011-01-07,57.150001525878906,57.5,54.599998474121094,55.099998474121094,42.32060623168945,20488
2011-01-10,55.5,56.0,54.0,55.04999923706055,42.28220748901367,25387
2011-01-11,55.5,55.5,52.5,53.0,40.707664489746094,20237
2011-01-12,53.20000076293945,54.0,52.25,53.75,41.283714294433594,17167
2011-01-13,53.20000076293945,54.5,53.0,53.45000076293945,41.053287506103516,18657
2011-01-14,53.099998474121094,54.5,51.150001525878906,51.849998474121094,39.82438278198242,20645
2011-01-17,52.599998474121094,52.599998474121094,51.0,51.099998474121094,39.24833297729492,13506
2011-01-18,51.400001525878906,53.20000076293945,51.400001525878906,52.0,39.9395866394043,15328
2011-01-19,51.54999923706055,52.45000076293945,51.150001525878906,51.45000076293945,39.51715850830078,37095
2011-01-20,51.29999923706055,52.0,50.849998474121094,51.099998474121094,39.24833297729492,16206
2011-01-21,51.25,51.79999923706055,50.099998474121094,50.599998474121094,38.86429214477539,6453
2011-01-24,52.400001525878906,52.400001525878906,47.599998474121094,49.79999923706055,38.249839782714844,20675
2011-01-25,51.75,52.5,50.0,51.5,39.5555534362793,14212
2011-01-27,50.650001525878906,51.70000076293945,50.5,51.0,39.1715202331543,6836
2011-01-28,50.599998474121094,51.400001525878906,47.599998474121094,48.349998474121094,37.13612747192383,19896
2011-01-31,47.29999923706055,48.900001525878906,46.5,46.75,35.9072265625,24291
2011-02-01,47.75,48.5,46.25,47.0,36.099246978759766,24063
2011-02-02,47.5,48.20000076293945,46.5,46.79999923706055,35.94563674926758,13988
2011-02-03,47.0,49.5,46.5,48.29999923706055,37.09774398803711,16686
2011-02-04,46.70000076293945,48.5,46.0,46.349998474121094,35.60000228881836,9914
2011-02-07,47.0,47.79999923706055,45.150001525878906,46.150001525878906,35.446388244628906,11804
2011-02-08,46.150001525878906,46.5,44.79999923706055,45.29999923706055,34.79352951049805,15168
2011-02-09,44.900001525878906,45.650001525878906,41.25,42.849998474121094,32.91176223754883,18603
2011-02-10,42.0,43.25,39.400001525878906,40.95000076293945,31.452428817749023,24380
2011-02-11,40.5,44.0,40.400001525878906,43.150001525878906,33.14217758178711,13987
2011-02-14,43.95000076293945,46.5,43.95000076293945,45.45000076293945,34.90874099731445,15572
2011-02-15,46.5,46.5,44.599998474121094,45.79999923706055,35.17757034301758,3972
2011-02-16,46.400001525878906,46.400001525878906,45.04999923706055,45.349998474121094,34.83193588256836,6822
2011-02-17,45.0,45.75,44.349998474121094,45.349998474121094,34.83193588256836,9401
2011-02-18,45.5,48.0,45.400001525878906,45.75,35.139163970947266,29147
2011-02-21,45.0,46.0,42.099998474121094,45.5,34.947139739990234,14637
2011-02-22,45.0,45.75,44.0,45.150001525878906,34.67831802368164,14749
2011-02-23,44.650001525878906,46.0,44.599998474121094,45.599998474121094,35.02395248413086,6063
2011-02-24,44.5,45.150001525878906,43.04999923706055,43.29999923706055,33.25739288330078,7444
2011-02-25,45.0,45.0,42.25,43.599998474121094,33.48781204223633,10037
2011-02-28,43.0,45.70000076293945,42.70000076293945,44.599998474121094,34.25588607788086,8904
2011-03-01,45.900001525878906,46.95000076293945,45.900001525878906,46.29999923706055,35.56159973144531,12799
2011-03-03,47.0,48.150001525878906,46.0,47.150001525878906,36.214454650878906,15062
2011-03-04,45.04999923706055,47.099998474121094,45.0,45.20000076293945,34.71672439575195,18108
2011-03-07,48.79999923706055,48.79999923706055,44.54999923706055,45.0,34.563106536865234,4823
2011-03-08,45.5,45.650001525878906,44.5,44.75,34.371089935302734,5944
2011-03-09,44.54999923706055,45.75,44.54999923706055,45.25,34.755130767822266,2950
2011-03-10,45.849998474121094,45.849998474121094,44.5,44.70000076293945,34.33269500732422,3669
2011-03-11,45.900001525878906,46.0,44.0,44.04999923706055,33.83345031738281,11631
2011-03-14,44.04999923706055,46.0,43.5,45.349998474121094,34.83193588256836,76094
2011-03-15,44.0,44.0,40.29999923706055,43.0,33.026973724365234,5934
2011-03-16,44.0,44.849998474121094,43.25,43.650001525878906,33.52621841430664,5126
2011-03-17,43.70000076293945,45.0,43.5,43.650001525878906,33.52621841430664,3974
2011-03-18,43.20000076293945,44.349998474121094,43.04999923706055,43.45000076293945,33.37260437011719,2446
2011-03-21,44.25,44.25,43.20000076293945,43.400001525878906,33.33420181274414,25495
2011-03-22,43.0,44.70000076293945,42.5,44.29999923706055,34.02545928955078,12771
2011-03-23,43.849998474121094,53.0,43.54999923706055,48.04999923706055,36.90571975708008,91992
2011-03-24,47.04999923706055,48.25,45.650001525878906,46.25,35.523193359375,17599
2011-03-25,46.5,49.25,45.70000076293945,47.79999923706055,36.71369934082031,37413
2011-03-28,48.5,48.599998474121094,46.599998474121094,48.150001525878906,36.98252487182617,22507
2011-03-29,48.099998474121094,48.20000076293945,46.79999923706055,48.0,36.8673095703125,17694
2011-03-30,47.29999923706055,50.0,47.25,49.45000076293945,37.98101806640625,14343
2011-03-31,49.0,49.650001525878906,47.0,47.349998474121094,36.36806869506836,10440
2011-04-01,47.0,49.349998474121094,47.0,48.95000076293945,37.59698486328125,4164
2011-04-04,48.0,49.25,48.0,49.0,37.63538360595703,22593
2011-04-05,50.0,50.599998474121094,49.0,49.45000076293945,37.98101806640625,30303
2011-04-06,49.849998474121094,52.849998474121094,49.29999923706055,51.5,39.5555534362793,204416
2011-04-07,51.79999923706055,52.70000076293945,51.04999923706055,51.849998474121094,39.82438278198242,52608
2011-04-08,52.95000076293945,52.95000076293945,50.75,51.54999923706055,39.59396743774414,37657
2011-04-11,51.150001525878906,51.900001525878906,50.0,51.400001525878906,39.47875213623047,13126
2011-04-13,51.099998474121094,54.599998474121094,50.5,54.25,41.66774368286133,141260
2011-04-15,56.0,58.79999923706055,55.0,55.5,42.627830505371094,201079
2011-04-18,55.5,55.70000076293945,52.349998474121094,52.650001525878906,40.43883514404297,35508
2011-04-19,53.650001525878906,63.150001525878906,53.5,54.25,41.66774368286133,69151
2011-04-20,54.599998474121094,55.95000076293945,53.599998474121094,54.04999923706055,41.51413345336914,22527
2011-04-21,55.79999923706055,55.79999923706055,53.349998474121094,54.20000076293945,41.62934494018555,17309
2011-04-25,53.29999923706055,58.400001525878906,53.25,56.70000076293945,43.54951858520508,241191
2011-04-26,56.70000076293945,58.0,56.0,57.349998474121094,44.04875564575195,111860
2011-04-27,58.20000076293945,58.20000076293945,55.25,55.75,42.81985092163086,35360
2011-04-28,55.099998474121094,56.5,54.650001525878906,55.20000076293945,42.39741134643555,25278
2011-04-29,55.0,58.400001525878906,54.25,54.45000076293945,41.82136535644531,59988
2011-05-02,55.0,55.599998474121094,53.5,54.099998474121094,41.55253982543945,24598
2011-05-03,53.599998474121094,55.5,53.0,53.75,41.283714294433594,40864
2011-05-04,53.20000076293945,54.25,52.04999923706055,53.849998474121094,41.360511779785156,21920
2011-05-05,53.45000076293945,54.0,52.0,52.099998474121094,40.01640701293945,12527
2011-05-06,52.0,54.75,51.599998474121094,53.650001525878906,41.206905364990234,17044
2011-05-09,54.0,54.04999923706055,52.5,53.150001525878906,40.8228759765625,11264
2011-05-10,53.0,53.95000076293945,52.599998474121094,52.70000076293945,40.47724533081055,4178
2011-05-11,52.099998474121094,52.54999923706055,51.79999923706055,52.25,40.13160705566406,3837
2011-05-12,52.0,52.400001525878906,51.0,51.29999923706055,39.401939392089844,10122
2011-05-13,51.099998474121094,52.400001525878906,51.099998474121094,51.79999923706055,39.78598403930664,14168
2011-05-16,51.20000076293945,52.0,51.0,51.25,39.3635368347168,4603
2011-05-17,51.5,52.29999923706055,50.099998474121094,50.45000076293945,38.74908447265625,10253
2011-05-18,49.04999923706055,50.75,49.0,49.29999923706055,37.86581039428711,10902
2011-05-19,50.29999923706055,50.5,48.04999923706055,49.20000076293945,37.78900146484375,6663
2011-05-20,49.0,52.70000076293945,49.0,49.54999923706055,38.05782699584961,14939
2011-05-23,49.0,50.0,47.54999923706055,48.150001525878906,36.98252487182617,8973
2011-05-24,47.75,49.0,47.75,48.150001525878906,36.98252487182617,1894
2011-05-25,47.29999923706055,49.0,47.29999923706055,48.54999923706055,37.28976058959961,5582
2011-05-26,48.75,49.29999923706055,48.0,48.70000076293945,37.404964447021484,9393
2011-05-27,48.04999923706055,50.75,48.04999923706055,50.45000076293945,38.74908447265625,6133
2011-05-30,49.599998474121094,53.79999923706055,48.25,52.75,40.51564407348633,48918
2011-05-31,51.099998474121094,52.25,51.099998474121094,52.04999923706055,39.97800064086914,9418
2011-06-01,51.20000076293945,53.650001525878906,51.20000076293945,53.150001525878906,40.8228759765625,13557
2011-06-02,51.599998474121094,52.849998474121094,51.599998474121094,52.0,39.9395866394043,5529
2011-06-03,51.5,52.75,50.400001525878906,51.5,39.5555534362793,4793
2011-06-06,51.5,52.20000076293945,49.79999923706055,50.599998474121094,38.86429214477539,10951
2011-06-07,50.599998474121094,53.400001525878906,50.599998474121094,52.04999923706055,39.97800064086914,45728
2011-06-08,51.25,53.0,51.0,52.400001525878906,40.246822357177734,31636
2011-06-09,51.70000076293945,52.79999923706055,51.5,51.75,39.74757385253906,13815
2011-06-10,52.25,52.45000076293945,51.20000076293945,51.75,39.74757385253906,5167
2011-06-13,51.0,51.599998474121094,50.5,50.79999923706055,39.01791000366211,8158
2011-06-14,50.45000076293945,52.79999923706055,50.45000076293945,51.5,39.5555534362793,8871
2011-06-15,51.0,51.54999923706055,50.099998474121094,50.349998474121094,38.672279357910156,4298
2011-06-16,50.0,50.599998474121094,49.099998474121094,49.5,38.01941680908203,8925
2011-06-17,50.5,50.849998474121094,49.04999923706055,49.45000076293945,37.98101806640625,4647
2011-06-20,49.20000076293945,49.20000076293945,47.0,47.599998474121094,36.56009292602539,10516
2011-06-21,47.25,48.25,46.25,46.5,35.715213775634766,12307
2011-06-22,46.75,47.45000076293945,45.599998474121094,46.5,35.715213775634766,6468
2011-06-23,46.04999923706055,47.04999923706055,46.0,46.25,35.523193359375,6523
2011-06-24,46.099998474121094,48.20000076293945,46.099998474121094,47.849998474121094,36.752105712890625,7910
2011-06-27,47.0,48.900001525878906,46.79999923706055,48.0,36.8673095703125,6274
2011-06-28,48.04999923706055,48.400001525878906,47.349998474121094,48.29999923706055,37.09774398803711,6432
2011-06-29,47.900001525878906,48.95000076293945,47.900001525878906,48.5,37.25135040283203,1124
2011-06-30,48.5,49.5,48.5,49.0,37.63538360595703,5714
2011-07-01,48.75,49.900001525878906,48.349998474121094,48.900001525878906,37.55857467651367,7317
2011-07-04,49.0,50.20000076293945,49.0,49.54999923706055,38.05782699584961,4311
2011-07-05,50.0,50.900001525878906,49.5,50.400001525878906,38.7106819152832,9075
2011-07-06,51.20000076293945,54.29999923706055,50.70000076293945,52.099998474121094,40.01640701293945,28511
2011-07-07,52.45000076293945,52.900001525878906,51.599998474121094,52.349998474121094,40.208412170410156,12445
2011-07-08,52.400001525878906,52.95000076293945,51.400001525878906,51.79999923706055,39.78598403930664,13880
2011-07-11,51.29999923706055,53.599998474121094,51.29999923706055,52.95000076293945,40.669254302978516,26482
2011-07-12,52.849998474121094,53.599998474121094,51.599998474121094,52.04999923706055,39.97800064086914,19301
2011-07-13,52.79999923706055,53.650001525878906,52.400001525878906,53.349998474121094,40.97648239135742,30620
2011-07-14,52.95000076293945,53.349998474121094,51.25,52.95000076293945,42.253257751464844,33042
2011-07-15,54.099998474121094,54.79999923706055,51.400001525878906,51.650001525878906,41.21588134765625,39805
2011-07-18,51.75,52.150001525878906,50.400001525878906,51.150001525878906,40.81689453125,10778
2011-07-19,50.5,51.70000076293945,50.25,51.400001525878906,41.016387939453125,40781
2011-07-20,51.150001525878906,52.29999923706055,51.0,51.5,41.09617233276367,14720
2011-07-21,51.20000076293945,51.849998474121094,50.29999923706055,50.5,40.29819869995117,4234
2011-07-22,50.29999923706055,51.0,47.599998474121094,48.45000076293945,38.662330627441406,38137
2011-07-25,49.650001525878906,49.849998474121094,48.29999923706055,49.650001525878906,39.61990737915039,10664
2011-07-26,49.0,49.54999923706055,48.04999923706055,49.0,39.101219177246094,17958
2011-07-27,50.0,51.900001525878906,49.099998474121094,49.70000076293945,39.659812927246094,106093
2011-07-28,49.0,49.54999923706055,48.29999923706055,48.54999923706055,38.74213409423828,15442
2011-07-29,48.5,49.650001525878906,48.5,48.54999923706055,38.74213409423828,6383
2011-08-01,48.099998474121094,48.70000076293945,47.0,48.599998474121094,38.78203582763672,4856
2011-08-02,48.099998474121094,48.45000076293945,47.400001525878906,48.150001525878906,38.42293930053711,8498
2011-08-03,47.0,48.099998474121094,45.29999923706055,45.849998474121094,36.58757019042969,20298
2011-08-04,46.5,47.5,46.04999923706055,46.099998474121094,36.78707504272461,5775
2011-08-05,44.95000076293945,44.95000076293945,42.0,44.599998474121094,35.59009552001953,16406
2011-08-08,43.599998474121094,43.650001525878906,41.25,43.0,34.313323974609375,21508
2011-08-09,40.29999923706055,45.95000076293945,40.25,44.0,35.111305236816406,26685
2011-08-10,44.79999923706055,45.79999923706055,44.25,44.75,35.70978546142578,5847
2011-08-11,44.5,45.349998474121094,44.0,44.650001525878906,35.62999725341797,3389
2011-08-12,45.75,45.75,44.45000076293945,44.54999923706055,35.55018997192383,2118
2011-08-16,45.0,45.5,44.099998474121094,44.349998474121094,35.39059829711914,4003
2011-08-17,43.70000076293945,44.650001525878906,43.70000076293945,44.5,35.51029586791992,1747
2011-08-18,44.0,44.0,42.25,42.75,34.11383056640625,11308
2011-08-19,42.0,43.0,42.0,42.599998474121094,33.99412536621094,5549
2011-08-22,43.5,43.900001525878906,42.04999923706055,42.150001525878906,33.63502883911133,5962
2011-08-23,42.5,42.79999923706055,42.400001525878906,42.70000076293945,34.07392501831055,5104
2011-08-24,43.45000076293945,45.0,43.45000076293945,44.099998474121094,35.19110107421875,4676
2011-08-25,44.849998474121094,44.849998474121094,43.5,44.349998474121094,35.39059829711914,4037
2011-08-26,43.75,44.45000076293945,42.150001525878906,44.099998474121094,35.19110107421875,22239
2011-08-29,45.0,47.0,44.599998474121094,44.849998474121094,35.78959274291992,4204
2011-08-30,45.849998474121094,45.849998474121094,44.54999923706055,45.04999923706055,35.94919204711914,2776
2011-09-02,45.20000076293945,46.29999923706055,45.20000076293945,45.849998474121094,36.58757019042969,4267
2011-09-05,44.849998474121094,46.650001525878906,44.099998474121094,45.599998474121094,36.38808059692383,3245
2011-09-06,45.599998474121094,45.599998474121094,44.20000076293945,44.79999923706055,35.74968719482422,3536
2011-09-07,45.900001525878906,45.900001525878906,44.75,45.04999923706055,35.94919204711914,20330
2011-09-08,46.04999923706055,46.04999923706055,45.0,45.20000076293945,36.06888198852539,7842
2011-09-09,46.20000076293945,47.900001525878906,45.0,45.599998474121094,36.38808059692383,26177
2011-09-12,45.95000076293945,45.95000076293945,44.650001525878906,45.54999923706055,36.34817886352539,5379
2011-09-13,46.349998474121094,46.349998474121094,44.849998474121094,45.099998474121094,35.98908233642578,22715
2011-09-14,46.099998474121094,46.099998474121094,44.099998474121094,44.29999923706055,35.3506965637207,16480
2011-09-15,45.0,45.0,44.04999923706055,44.400001525878906,35.43049621582031,1531
2011-09-16,45.400001525878906,45.5,44.20000076293945,45.04999923706055,35.94919204711914,68486
2011-09-19,45.599998474121094,45.599998474121094,44.75,45.099998474121094,35.98908233642578,9221
2011-09-20,46.0,46.0,44.849998474121094,45.45000076293945,36.26837921142578,35462
2011-09-21,45.900001525878906,45.900001525878906,45.150001525878906,45.5,36.30827713012695,1779
2011-09-22,45.0,45.0,42.5,43.150001525878906,34.433013916015625,9503
2011-09-23,44.79999923706055,44.79999923706055,42.0,43.400001525878906,34.63251495361328,3433
2011-09-26,43.0,45.5,42.0,42.54999923706055,33.954219818115234,5230
2011-09-27,44.849998474121094,44.849998474121094,42.0,43.400001525878906,34.63251495361328,10851
2011-09-28,43.29999923706055,43.75,43.099998474121094,43.650001525878906,34.83201217651367,4126
2011-09-29,43.29999923706055,45.20000076293945,42.70000076293945,44.650001525878906,35.62999725341797,22577
2011-09-30,44.099998474121094,45.400001525878906,42.54999923706055,42.849998474121094,34.19362258911133,9756
2011-10-03,43.0,43.0,42.04999923706055,42.79999923706055,34.15371322631836,4820
2011-10-04,45.0,45.0,40.099998474121094,40.70000076293945,32.47795867919922,7614
2011-10-05,42.400001525878906,47.29999923706055,42.20000076293945,43.29999923706055,34.55271530151367,1063727
2011-10-07,44.95000076293945,50.849998474121094,43.25,47.150001525878906,37.62495422363281,1343445
2011-10-10,48.70000076293945,49.0,46.599998474121094,47.04999923706055,37.54514694213867,20221
2011-10-11,48.099998474121094,50.45000076293945,44.70000076293945,48.79999923706055,38.941627502441406,63635
2011-10-12,49.0,50.0,47.25,48.20000076293945,38.46283721923828,67186
2011-10-13,48.70000076293945,49.5,46.5,46.70000076293945,37.26586151123047,22810
2011-10-14,47.95000076293945,47.95000076293945,46.0,47.20000076293945,37.66485595703125,14742
2011-10-17,46.5,46.849998474121094,45.29999923706055,46.20000076293945,36.86686706542969,11885
2011-10-18,45.599998474121094,46.5,45.0,45.099998474121094,35.98908233642578,3703
2011-10-19,45.04999923706055,46.79999923706055,43.54999923706055,45.0,35.90928268432617,30375
2011-10-20,44.20000076293945,45.150001525878906,43.900001525878906,44.04999923706055,35.151206970214844,9930
2011-10-21,45.45000076293945,45.45000076293945,45.0,45.0,35.90928268432617,5525
2011-10-24,44.400001525878906,45.5,44.400001525878906,45.04999923706055,35.94919204711914,3967
2011-10-25,44.75,45.5,44.400001525878906,45.20000076293945,36.06888198852539,3396
2011-10-28,45.900001525878906,46.70000076293945,45.099998474121094,45.849998474121094,36.58757019042969,11939
2011-10-31,45.0,45.79999923706055,44.650001525878906,45.20000076293945,36.06888198852539,2524
2011-11-01,45.0,45.79999923706055,44.79999923706055,45.400001525878906,36.228477478027344,4261
2011-11-02,45.0,46.0,44.79999923706055,45.150001525878906,36.02898406982422,7251
2011-11-03,44.349998474121094,45.650001525878906,44.349998474121094,45.0,35.90928268432617,3911
2011-11-04,45.900001525878906,45.900001525878906,44.04999923706055,44.95000076293945,35.869384765625,31304
2011-11-08,44.0,44.5,42.900001525878906,43.45000076293945,34.67241287231445,14760
2011-11-09,43.5,44.0,43.0,43.29999923706055,34.55271530151367,6599
2011-11-11,42.5,43.0,41.0,41.5,33.116336822509766,15491
2011-11-14,41.349998474121094,42.900001525878906,40.79999923706055,41.150001525878906,32.83705139160156,7107
2011-11-15,40.849998474121094,41.29999923706055,40.0,40.349998474121094,32.19865798950195,6245
2011-11-16,41.900001525878906,41.900001525878906,39.79999923706055,41.29999923706055,32.95674514770508,1398
2011-11-17,40.20000076293945,42.0,40.20000076293945,40.45000076293945,32.27845764160156,11578
2011-11-18,40.099998474121094,41.0,39.04999923706055,39.400001525878906,31.440574645996094,12869
2011-11-21,39.70000076293945,39.75,38.150001525878906,38.349998474121094,30.602697372436523,4678
2011-11-22,38.349998474121094,39.20000076293945,37.79999923706055,38.349998474121094,30.602697372436523,3563
2011-11-23,37.70000076293945,40.0,35.900001525878906,36.75,29.32592010498047,8837
2011-11-24,37.5,37.5,35.599998474121094,36.70000076293945,29.28601837158203,24243
2011-11-25,37.79999923706055,39.75,37.25,39.45000076293945,31.48047637939453,3225
2011-11-28,39.75,40.400001525878906,37.79999923706055,38.5,30.72239112854004,5274
2011-11-29,38.54999923706055,39.95000076293945,38.54999923706055,39.29999923706055,31.36077117919922,2711
2011-11-30,38.25,39.900001525878906,36.599998474121094,38.25,30.522891998291016,6590
2011-12-01,38.599998474121094,39.0,38.099998474121094,38.25,30.522891998291016,23867
2011-12-02,37.650001525878906,38.54999923706055,37.599998474121094,38.29999923706055,30.562795639038086,17830
2011-12-05,38.45000076293945,39.25,38.25,39.0,31.121383666992188,814
2011-12-07,39.75,39.75,36.75,37.75,30.123903274536133,13849
2011-12-08,37.04999923706055,37.70000076293945,36.599998474121094,37.400001525878906,29.8446102142334,11642
2011-12-09,38.0,38.0,36.599998474121094,37.400001525878906,29.8446102142334,1224
2011-12-12,37.04999923706055,38.0,36.20000076293945,36.650001525878906,29.246116638183594,17468
2011-12-13,36.650001525878906,36.900001525878906,35.099998474121094,36.20000076293945,28.887027740478516,6772
2011-12-14,36.400001525878906,36.75,34.0,34.5,27.530454635620117,10060
2011-12-15,34.599998474121094,34.900001525878906,33.900001525878906,34.599998474121094,27.61025047302246,2069
2011-12-16,35.25,35.5,33.79999923706055,34.099998474121094,27.211259841918945,2581
2011-12-19,35.25,35.25,34.099998474121094,34.70000076293945,27.690044403076172,3751
2011-12-20,35.25,35.25,34.0,34.29999923706055,27.37085723876953,3293
2011-12-21,34.20000076293945,34.70000076293945,33.849998474121094,34.29999923706055,27.37085723876953,2120
2011-12-22,35.54999923706055,35.599998474121094,33.54999923706055,35.25,28.12894058227539,2141
2011-12-23,34.54999923706055,35.849998474121094,34.54999923706055,35.29999923706055,28.168840408325195,4929
2011-12-26,34.5,37.0,34.0,36.150001525878906,28.84712791442871,6566
2011-12-27,35.54999923706055,36.650001525878906,35.5,36.45000076293945,29.086517333984375,1135
2011-12-28,35.79999923706055,38.900001525878906,35.599998474121094,38.349998474121094,30.602697372436523,12800
2011-12-29,37.79999923706055,38.75,37.25,38.04999923706055,30.36329460144043,6477
2011-12-30,38.04999923706055,38.95000076293945,37.20000076293945,37.349998474121094,29.804710388183594,5072
2012-01-02,37.95000076293945,38.0,36.20000076293945,36.400001525878906,29.04662322998047,8428
2012-01-03,38.900001525878906,38.900001525878906,36.45000076293945,37.5,29.92440414428711,2198
2012-01-04,38.25,38.349998474121094,37.5,38.099998474121094,30.403200149536133,1956
2012-01-05,38.25,40.20000076293945,38.0,38.849998474121094,31.001689910888672,15204
2012-01-06,38.25,39.45000076293945,38.0,38.349998474121094,30.602697372436523,1787
2012-01-09,37.349998474121094,41.0,37.099998474121094,39.400001525878906,31.440574645996094,5112
2012-01-10,40.400001525878906,43.79999923706055,39.95000076293945,41.29999923706055,32.95674514770508,11465
2012-01-11,41.5,42.599998474121094,41.099998474121094,41.95000076293945,33.47542953491211,2349
2012-01-12,42.0,42.0,39.599998474121094,39.95000076293945,31.879465103149414,3382
2012-01-13,41.599998474121094,42.0,39.79999923706055,40.599998474121094,32.398155212402344,10818
2012-01-16,40.150001525878906,41.95000076293945,39.45000076293945,41.099998474121094,32.79714584350586,5028
2012-01-17,42.0,43.29999923706055,41.099998474121094,42.099998474121094,33.59513473510742,14049
2012-01-18,41.54999923706055,43.0,41.5,42.599998474121094,33.99412536621094,2680
2012-01-19,42.150001525878906,42.70000076293945,41.29999923706055,41.95000076293945,33.47542953491211,1436
2012-01-20,41.599998474121094,42.70000076293945,41.349998474121094,41.650001525878906,33.23603820800781,3911
2012-01-23,41.349998474121094,41.599998474121094,41.0,41.0,32.717350006103516,3149
2012-01-24,40.79999923706055,41.849998474121094,40.099998474121094,40.849998474121094,32.5976448059082,5067
2012-01-25,40.79999923706055,41.5,40.5,40.95000076293945,32.67744827270508,13711
2012-01-27,41.5,44.70000076293945,40.650001525878906,42.900001525878906,34.2335205078125,14567
2012-01-30,42.0,42.70000076293945,41.599998474121094,41.650001525878906,33.23603820800781,11585
2012-01-31,41.54999923706055,42.400001525878906,40.599998474121094,41.20000076293945,32.876949310302734,7621
2012-02-01,41.79999923706055,41.79999923706055,41.0,41.650001525878906,33.23603820800781,10725
2012-02-02,42.900001525878906,42.900001525878906,40.599998474121094,40.95000076293945,32.67744827270508,5752
2012-02-03,41.650001525878906,41.650001525878906,40.79999923706055,40.95000076293945,32.67744827270508,12446
2012-02-06,41.900001525878906,45.20000076293945,41.0,43.54999923706055,34.7522087097168,53625
2012-02-07,44.0,45.25,43.150001525878906,43.70000076293945,34.871910095214844,41889
2012-02-08,45.400001525878906,45.400001525878906,42.29999923706055,43.150001525878906,34.433013916015625,10223
2012-02-09,43.95000076293945,43.95000076293945,42.5,43.099998474121094,34.39311599731445,7550
2012-02-10,43.25,44.099998474121094,43.099998474121094,43.599998474121094,34.792110443115234,6031
2012-02-13,44.0,44.0,43.0,43.45000076293945,34.67241287231445,6659
2012-02-14,43.099998474121094,48.0,43.099998474121094,45.25,36.108787536621094,104603
2012-02-15,46.45000076293945,46.5,44.54999923706055,45.5,36.30827713012695,18476
2012-02-16,45.349998474121094,46.5,44.400001525878906,44.599998474121094,35.59009552001953,8151
2012-02-17,45.70000076293945,46.349998474121094,45.29999923706055,45.75,36.507781982421875,25938
2012-02-21,46.45000076293945,48.349998474121094,45.0,46.75,37.30575942993164,35161
2012-02-22,47.150001525878906,47.650001525878906,43.650001525878906,43.849998474121094,34.991600036621094,11342
2012-02-23,43.20000076293945,43.599998474121094,42.349998474121094,43.150001525878906,34.433013916015625,12155
2012-02-24,44.0,44.0,42.900001525878906,43.04999923706055,34.35322189331055,4345
2012-02-27,42.650001525878906,43.0,40.0,40.79999923706055,32.55775451660156,14345
2012-02-28,41.04999923706055,43.900001525878906,41.04999923706055,41.95000076293945,33.47542953491211,7089
2012-02-29,42.5,42.54999923706055,41.29999923706055,41.45000076293945,33.076446533203125,7494
2012-03-01,41.599998474121094,42.0,40.95000076293945,41.400001525878906,33.03654479980469,4263
2012-03-02,41.95000076293945,42.29999923706055,41.5,41.95000076293945,33.47542953491211,13461
2012-03-05,43.400001525878906,43.400001525878906,41.0,41.29999923706055,32.95674514770508,16693
2012-03-06,41.0,41.849998474121094,40.0,40.45000076293945,32.27845764160156,11831
2012-03-07,40.099998474121094,41.0,40.0,40.099998474121094,31.99916648864746,10215
2012-03-09,40.400001525878906,41.5,40.400001525878906,40.79999923706055,32.55775451660156,1590
2012-03-12,40.349998474121094,41.20000076293945,40.349998474121094,40.54999923706055,32.35824966430664,12520
2012-03-13,40.25,41.349998474121094,40.25,40.75,32.517852783203125,4854
2012-03-14,40.75,42.349998474121094,40.70000076293945,41.70000076293945,33.275943756103516,13433
2012-03-15,42.45000076293945,43.150001525878906,41.20000076293945,41.650001525878906,33.23603820800781,37149
2012-03-16,41.650001525878906,42.29999923706055,40.25,40.849998474121094,32.5976448059082,9119
2012-03-19,40.400001525878906,41.95000076293945,40.150001525878906,40.400001525878906,32.238563537597656,3467
2012-03-20,40.400001525878906,42.349998474121094,36.5,37.5,29.92440414428711,64095
2012-03-21,38.20000076293945,38.20000076293945,36.5,37.45000076293945,29.884510040283203,50664
2012-03-22,37.849998474121094,38.25,36.54999923706055,37.0,29.525413513183594,20311
2012-03-23,37.95000076293945,37.95000076293945,36.75,37.150001525878906,29.645116806030273,9184
2012-03-26,37.0,37.25,36.20000076293945,36.45000076293945,29.086517333984375,11857
2012-03-27,35.650001525878906,39.5,35.650001525878906,36.0,28.72743034362793,24676
2012-03-28,36.0,36.0,34.29999923706055,34.95000076293945,27.889549255371094,17192
2012-03-29,35.75,35.75,34.79999923706055,34.95000076293945,27.889549255371094,11875
2012-03-30,35.75,36.95000076293945,35.349998474121094,35.45000076293945,28.288541793823242,25135
2012-04-02,35.95000076293945,37.29999923706055,35.849998474121094,36.900001525878906,29.445621490478516,10450
2012-04-03,37.0,38.79999923706055,37.0,38.0,30.323400497436523,14467
2012-04-04,38.29999923706055,38.29999923706055,37.45000076293945,38.0,30.323400497436523,5335
2012-04-09,38.0,38.0,37.650001525878906,37.849998474121094,30.203699111938477,3190
2012-04-10,38.0,38.150001525878906,37.45000076293945,37.849998474121094,30.203699111938477,6450
2012-04-11,37.0,38.0,36.900001525878906,37.20000076293945,29.685009002685547,16427
2012-04-12,37.0,38.20000076293945,37.0,37.70000076293945,30.083999633789062,17370
2012-04-13,37.599998474121094,39.75,37.54999923706055,37.849998474121094,30.203699111938477,19272
2012-04-16,38.70000076293945,38.70000076293945,37.54999923706055,37.900001525878906,30.243602752685547,3193
2012-04-17,37.849998474121094,38.650001525878906,37.599998474121094,37.900001525878906,30.243602752685547,4837
2012-04-18,38.5,38.95000076293945,38.25,38.650001525878906,30.842090606689453,8659
2012-04-19,38.45000076293945,40.599998474121094,38.45000076293945,39.54999923706055,31.56026840209961,27061
2012-04-20,39.70000076293945,40.099998474121094,39.349998474121094,39.75,31.719873428344727,22682
2012-04-23,39.599998474121094,40.0,38.29999923706055,39.25,31.32087516784668,7754
2012-04-24,39.0,39.75,38.20000076293945,38.75,30.921886444091797,3119
2012-04-25,39.75,39.75,38.25,38.95000076293945,31.08148193359375,6812
2012-04-26,38.5,39.0,38.0,38.29999923706055,30.562795639038086,3676
2012-04-27,38.75,38.95000076293945,37.5,37.849998474121094,30.203699111938477,5197
2012-04-30,37.650001525878906,38.70000076293945,37.54999923706055,38.349998474121094,30.602697372436523,1721
2012-05-02,38.349998474121094,39.599998474121094,35.79999923706055,37.20000076293945,29.685009002685547,35177
2012-05-03,37.0,38.0,36.29999923706055,36.75,29.32592010498047,4040
2012-05-04,36.5,38.0,36.099998474121094,36.900001525878906,29.445621490478516,10220
2012-05-07,36.54999923706055,37.849998474121094,36.150001525878906,36.849998474121094,29.405715942382812,4634
2012-05-08,37.400001525878906,38.0,36.25,36.900001525878906,29.445621490478516,11134
2012-05-09,36.150001525878906,37.849998474121094,35.20000076293945,35.900001525878906,28.64763069152832,12637
2012-05-10,36.0,38.349998474121094,36.0,36.54999923706055,29.166318893432617,12660
2012-05-11,36.25,36.5,36.0,36.0,28.72743034362793,6027
2012-05-14,35.650001525878906,36.79999923706055,35.650001525878906,36.650001525878906,29.246116638183594,7949
2012-05-15,36.0,36.5,35.349998474121094,36.349998474121094,29.006723403930664,2820
2012-05-16,36.0,36.0,35.150001525878906,35.400001525878906,28.248638153076172,2627
2012-05-17,36.150001525878906,36.79999923706055,35.29999923706055,36.25,28.926931381225586,5956
2012-05-18,37.0,37.0,34.400001525878906,35.29999923706055,28.168840408325195,10374
2012-05-21,35.75,36.79999923706055,35.0,35.650001525878906,28.448135375976562,3242
2012-05-22,36.0,36.0,35.29999923706055,35.400001525878906,28.248638153076172,1107
2012-05-23,35.04999923706055,36.599998474121094,34.54999923706055,35.54999923706055,28.36833953857422,5029
2012-05-24,35.5,36.70000076293945,35.5,36.400001525878906,29.04662322998047,7725
2012-05-25,36.5,37.20000076293945,36.04999923706055,36.849998474121094,29.405715942382812,4948
2012-05-28,36.650001525878906,37.349998474121094,36.54999923706055,36.79999923706055,29.365814208984375,1127
2012-05-29,36.04999923706055,37.45000076293945,36.04999923706055,36.75,29.32592010498047,1302
2012-05-30,37.0,37.900001525878906,36.29999923706055,37.400001525878906,29.8446102142334,9804
2012-05-31,37.20000076293945,37.70000076293945,36.849998474121094,37.599998474121094,30.00420570373535,33435
2012-06-01,37.0,37.95000076293945,36.79999923706055,37.04999923706055,29.5653133392334,7231
2012-06-04,37.0,37.45000076293945,36.5,36.900001525878906,29.445621490478516,1666
2012-06-05,37.0,37.599998474121094,36.150001525878906,36.25,28.926931381225586,3443
2012-06-06,36.0,38.5,35.20000076293945,36.900001525878906,29.445621490478516,12813
2012-06-07,37.099998474121094,37.5,36.79999923706055,36.849998474121094,29.405715942382812,4633
2012-06-08,36.849998474121094,37.599998474121094,36.849998474121094,37.349998474121094,29.804710388183594,3063
2012-06-11,37.900001525878906,37.900001525878906,37.29999923706055,37.54999923706055,29.964309692382812,21215
2012-06-12,37.75,37.75,37.0,37.70000076293945,30.083999633789062,3961
2012-06-13,37.54999923706055,38.0,37.150001525878906,37.5,29.92440414428711,7778
2012-06-14,37.150001525878906,38.0,36.900001525878906,37.29999923706055,29.764801025390625,10699
2012-06-15,37.75,38.20000076293945,37.54999923706055,38.0,30.323400497436523,9645
2012-06-18,38.0,38.900001525878906,37.849998474121094,38.150001525878906,30.44310188293457,5741
2012-06-19,39.29999923706055,39.349998474121094,38.25,38.54999923706055,30.762292861938477,1515
2012-06-20,39.0,39.099998474121094,38.349998474121094,38.900001525878906,31.041580200195312,8927
2012-06-21,39.900001525878906,39.900001525878906,38.5,38.849998474121094,31.001689910888672,4655
2012-06-22,38.650001525878906,38.70000076293945,37.54999923706055,37.900001525878906,30.243602752685547,3850
2012-06-25,39.95000076293945,39.95000076293945,38.150001525878906,38.79999923706055,30.961780548095703,3729
2012-06-26,39.349998474121094,39.45000076293945,38.650001525878906,38.95000076293945,31.08148193359375,8515
2012-06-27,39.650001525878906,39.650001525878906,39.0,39.29999923706055,31.36077117919922,5491
2012-06-28,39.849998474121094,39.849998474121094,39.20000076293945,39.650001525878906,31.640066146850586,6447
2012-06-29,39.849998474121094,39.900001525878906,39.20000076293945,39.54999923706055,31.56026840209961,12817
2012-07-02,42.900001525878906,42.900001525878906,39.25,40.099998474121094,31.99916648864746,7631
2012-07-03,41.0,41.95000076293945,40.099998474121094,40.95000076293945,32.67744827270508,8908
2012-07-04,41.0,41.79999923706055,41.0,41.20000076293945,32.876949310302734,15447
2012-07-05,42.0,43.20000076293945,41.29999923706055,42.29999923706055,33.75472640991211,34305
2012-07-06,42.849998474121094,43.0,41.54999923706055,42.400001525878906,33.83452606201172,15135
2012-07-09,42.5,42.5,40.54999923706055,41.20000076293945,32.876949310302734,11121
2012-07-10,41.20000076293945,43.400001525878906,41.20000076293945,42.349998474121094,33.79462814331055,16868
2012-07-11,42.45000076293945,42.5,41.70000076293945,41.900001525878906,33.43553161621094,5095
2012-07-12,42.0,42.0,41.25,41.900001525878906,33.43553161621094,5815
2012-07-13,42.599998474121094,42.599998474121094,41.099998474121094,41.650001525878906,33.23603820800781,9626
2012-07-16,41.95000076293945,49.5,41.5,47.79999923706055,38.14364242553711,370944
2012-07-17,49.45000076293945,49.45000076293945,42.25,42.849998474121094,34.19362258911133,321815
2012-07-18,43.349998474121094,47.0,42.900001525878906,45.75,36.507781982421875,361804
2012-07-19,48.150001525878906,48.150001525878906,44.25,44.79999923706055,35.74968719482422,550190
2012-07-20,45.04999923706055,45.650001525878906,43.70000076293945,44.45000076293945,35.47039794921875,86318
2012-07-23,43.45000076293945,43.5,41.099998474121094,41.45000076293945,34.63481521606445,60863
2012-07-24,42.400001525878906,43.45000076293945,41.400001525878906,41.650001525878906,34.80192947387695,54999
2012-07-25,41.25,41.400001525878906,39.29999923706055,39.599998474121094,33.0889892578125,38186
2012-07-26,39.5,39.849998474121094,38.29999923706055,38.54999923706055,32.21163558959961,32075
2012-07-27,38.29999923706055,39.0,36.099998474121094,36.849998474121094,30.7911434173584,25600
2012-07-30,37.54999923706055,38.400001525878906,36.849998474121094,37.849998474121094,31.62672233581543,16115
2012-07-31,38.0,38.5,36.75,37.349998474121094,31.20893669128418,16799
2012-08-01,37.25,38.5,37.25,38.0,31.752063751220703,15107
2012-08-02,38.75,39.79999923706055,37.75,39.25,32.796531677246094,20849
2012-08-03,40.5,41.400001525878906,38.650001525878906,39.650001525878906,33.13076400756836,62020
2012-08-06,39.650001525878906,39.650001525878906,38.45000076293945,38.54999923706055,32.21163558959961,12490
2012-08-07,38.5,39.25,38.400001525878906,39.04999923706055,32.62942123413086,18089
2012-08-08,39.29999923706055,39.5,38.29999923706055,38.650001525878906,32.29519271850586,8951
2012-08-09,38.25,39.849998474121094,37.900001525878906,38.20000076293945,31.91917610168457,7623
2012-08-10,38.349998474121094,38.349998474121094,37.54999923706055,37.650001525878906,31.45960807800293,11066
2012-08-13,38.0,38.099998474121094,37.0,37.20000076293945,31.08359718322754,8826
2012-08-14,38.95000076293945,39.0,37.54999923706055,37.75,31.543167114257812,3685
2012-08-16,37.20000076293945,37.599998474121094,36.650001525878906,37.25,31.125383377075195,14272
2012-08-17,36.900001525878906,38.099998474121094,36.900001525878906,37.25,31.125383377075195,17796
2012-08-21,37.79999923706055,38.150001525878906,37.54999923706055,37.75,31.543167114257812,6820
2012-08-22,37.900001525878906,38.79999923706055,37.5,38.29999923706055,32.00273895263672,9554
2012-08-23,38.849998474121094,39.0,37.599998474121094,37.849998474121094,31.62672233581543,10407
2012-08-24,37.75,37.79999923706055,37.04999923706055,37.79999923706055,31.584945678710938,8172
2012-08-27,37.45000076293945,37.900001525878906,37.099998474121094,37.45000076293945,31.292495727539062,6983
2012-08-28,37.75,37.75,36.25,36.900001525878906,30.832929611206055,3314
2012-08-29,36.5,39.45000076293945,36.0,38.400001525878906,32.08628845214844,50088
2012-08-30,39.0,39.0,36.650001525878906,37.54999923706055,31.376054763793945,29284
2012-08-31,37.20000076293945,37.20000076293945,36.54999923706055,36.70000076293945,30.665807723999023,7484
2012-09-03,36.54999923706055,37.5,36.25,36.900001525878906,30.832929611206055,2841
2012-09-04,36.599998474121094,37.5,36.599998474121094,37.0,30.916481018066406,6653
2012-09-05,37.0,37.29999923706055,36.75,37.0,30.916481018066406,7592
2012-09-06,37.400001525878906,37.70000076293945,37.150001525878906,37.400001525878906,31.250713348388672,3857
2012-09-07,37.5,37.849998474121094,37.0,37.400001525878906,31.250713348388672,4917
2012-09-10,37.5,38.0,37.45000076293945,37.75,31.543167114257812,6426
2012-09-11,37.5,38.75,37.150001525878906,38.400001525878906,32.08628845214844,9067
2012-09-12,38.5,40.0,38.45000076293945,38.70000076293945,32.33696746826172,19333
2012-09-13,39.0,39.5,38.70000076293945,38.95000076293945,32.54586410522461,9801
2012-09-14,38.70000076293945,41.400001525878906,38.099998474121094,40.29999923706055,33.67389678955078,53600
2012-09-17,40.0,42.0,38.70000076293945,41.45000076293945,34.63481521606445,44324
2012-09-18,43.20000076293945,43.5,41.5,42.150001525878906,35.21971893310547,108085
2012-09-20,41.400001525878906,46.5,40.29999923706055,46.099998474121094,38.520267486572266,319535
2012-09-21,47.5,48.95000076293945,46.0,46.45000076293945,38.81271743774414,744198
2012-09-24,45.5,46.5,43.29999923706055,44.150001525878906,36.89088439941406,106232
2012-09-25,44.0,44.150001525878906,42.150001525878906,42.70000076293945,35.679290771484375,69596
2012-09-26,42.349998474121094,44.25,42.0,43.0,35.929969787597656,45423
2012-09-27,43.29999923706055,43.849998474121094,43.0,43.20000076293945,36.097084045410156,31306
2012-09-28,43.849998474121094,44.5,43.20000076293945,43.400001525878906,36.264198303222656,113851
2012-10-01,44.79999923706055,45.5,44.0,45.04999923706055,37.64291000366211,143912
2012-10-03,47.95000076293945,48.95000076293945,45.650001525878906,46.0,38.43670654296875,132480
2012-10-04,46.79999923706055,46.79999923706055,44.400001525878906,45.20000076293945,37.76824188232422,51966
2012-10-05,45.650001525878906,45.650001525878906,42.349998474121094,42.900001525878906,35.846405029296875,63902
2012-10-08,42.5,44.0,42.099998474121094,43.20000076293945,36.097084045410156,15146
2012-10-09,42.70000076293945,44.900001525878906,42.54999923706055,43.95000076293945,36.72377014160156,31675
2012-10-10,43.70000076293945,44.849998474121094,43.0,43.599998474121094,36.431312561035156,105323
2012-10-11,43.5,45.400001525878906,43.5,45.04999923706055,37.64291000366211,48165
2012-10-12,45.0,45.95000076293945,44.5,44.70000076293945,37.35045623779297,23741
2012-10-15,44.5,45.400001525878906,42.599998474121094,44.099998474121094,36.84910583496094,24444
2012-10-16,44.099998474121094,44.95000076293945,43.70000076293945,44.0,36.76554489135742,18891
2012-10-17,43.900001525878906,43.95000076293945,43.20000076293945,43.400001525878906,36.264198303222656,17908
2012-10-18,43.400001525878906,44.099998474121094,43.349998474121094,43.45000076293945,36.30597686767578,22921
2012-10-19,43.099998474121094,44.29999923706055,43.0,43.400001525878906,36.264198303222656,33577
2012-10-22,44.900001525878906,45.95000076293945,43.599998474121094,45.349998474121094,37.893577575683594,53079
2012-10-23,41.70000076293945,42.0,39.650001525878906,40.849998474121094,34.133460998535156,14764
2012-10-25,39.0,41.5,38.849998474121094,38.849998474121094,32.462310791015625,16584
2012-10-29,39.599998474121094,39.599998474121094,36.5,36.95000076293945,30.874696731567383,7485
2012-10-30,36.5,37.5,36.0,36.900001525878906,30.832929611206055,7032
2012-10-31,36.099998474121094,37.400001525878906,36.099998474121094,36.95000076293945,30.874696731567383,14921
2012-11-01,36.95000076293945,37.5,36.5,37.0,30.916481018066406,28867
2012-11-02,37.5,37.650001525878906,35.75,36.04999923706055,30.122678756713867,22898
2012-11-05,36.900001525878906,37.5,36.54999923706055,37.150001525878906,31.04182243347168,2854
2012-11-06,37.04999923706055,38.70000076293945,36.599998474121094,37.54999923706055,31.376054763793945,16442
2012-11-07,39.79999923706055,39.79999923706055,37.75,37.79999923706055,31.584945678710938,16929
2012-11-08,37.5,38.45000076293945,36.5,37.0,30.916481018066406,15855
2012-11-09,37.79999923706055,37.79999923706055,36.400001525878906,36.70000076293945,30.665807723999023,12641
2012-11-12,37.099998474121094,37.099998474121094,36.20000076293945,36.75,30.70758628845215,6427
2012-11-15,37.849998474121094,37.900001525878906,36.5,37.150001525878906,31.04182243347168,3733
2012-11-16,37.150001525878906,37.70000076293945,36.5,36.5,30.498695373535156,8203
2012-11-19,36.79999923706055,37.900001525878906,36.0,36.400001525878906,30.415132522583008,7991
2012-11-20,37.29999923706055,37.29999923706055,35.0,35.45000076293945,29.621334075927734,12336
2012-11-21,35.599998474121094,35.95000076293945,35.099998474121094,35.5,29.66311264038086,11382
2012-11-22,35.599998474121094,35.79999923706055,34.70000076293945,35.650001525878906,29.7884464263916,7018
2012-11-23,36.150001525878906,36.150001525878906,35.70000076293945,35.849998474121094,29.955564498901367,5997
2012-11-26,36.0,36.5,35.650001525878906,35.75,29.872005462646484,12150
2012-11-27,36.0,36.29999923706055,35.70000076293945,35.95000076293945,30.039121627807617,14000
2012-11-29,37.349998474121094,37.349998474121094,36.04999923706055,36.20000076293945,30.248018264770508,7070
2012-11-30,36.400001525878906,37.5,36.25,36.95000076293945,30.874696731567383,12308
2012-12-03,38.0,38.75,36.5,36.95000076293945,30.874696731567383,7600
2012-12-04,36.849998474121094,37.20000076293945,36.75,36.900001525878906,30.832929611206055,13226
2012-12-05,36.900001525878906,37.95000076293945,36.900001525878906,37.849998474121094,31.62672233581543,13441
2012-12-06,37.79999923706055,38.20000076293945,37.150001525878906,38.0,31.752063751220703,14642
2012-12-07,38.0,38.0,35.650001525878906,36.29999923706055,30.33156967163086,21668
2012-12-10,36.5,37.20000076293945,36.099998474121094,36.29999923706055,30.33156967163086,11471
2012-12-11,37.0,37.0,36.20000076293945,36.25,30.2898006439209,6064
2012-12-12,36.29999923706055,37.0,36.04999923706055,36.400001525878906,30.415132522583008,12997
2012-12-13,36.25,36.54999923706055,35.25,35.79999923706055,29.913782119750977,15296
2012-12-14,35.95000076293945,36.349998474121094,35.849998474121094,36.0,30.080902099609375,5552
2012-12-17,35.54999923706055,36.25,35.0,35.599998474121094,29.746671676635742,3543
2012-12-18,35.54999923706055,36.45000076293945,35.54999923706055,36.150001525878906,30.206239700317383,5615
2012-12-19,36.04999923706055,36.650001525878906,35.75,35.95000076293945,30.039121627807617,9808
2012-12-20,36.70000076293945,36.70000076293945,35.75,36.25,30.2898006439209,5603
2012-12-21,36.099998474121094,36.20000076293945,35.29999923706055,35.54999923706055,29.704891204833984,10837
2012-12-24,35.650001525878906,36.29999923706055,35.20000076293945,35.349998474121094,29.537769317626953,17310
2012-12-26,35.400001525878906,35.900001525878906,35.099998474121094,35.20000076293945,29.412437438964844,9727
2012-12-27,35.29999923706055,35.349998474121094,34.900001525878906,34.900001525878906,29.161762237548828,15813
2012-12-28,35.150001525878906,35.150001525878906,34.79999923706055,35.0,29.245317459106445,22342
2012-12-31,35.0,36.400001525878906,34.75,35.0,29.245317459106445,7854
2013-01-01,35.0,36.0,34.900001525878906,35.0,29.245317459106445,28896
2013-01-02,34.79999923706055,35.900001525878906,34.79999923706055,34.95000076293945,29.203542709350586,30556
2013-01-03,35.04999923706055,35.349998474121094,34.900001525878906,35.0,29.245317459106445,36462
2013-01-04,35.20000076293945,36.599998474121094,35.150001525878906,36.29999923706055,30.33156967163086,25905
2013-01-07,36.5,36.5,35.70000076293945,35.900001525878906,29.997339248657227,27838
2013-01-08,35.650001525878906,36.79999923706055,35.29999923706055,36.400001525878906,30.415132522583008,38472
2013-01-09,36.79999923706055,36.900001525878906,36.25,36.29999923706055,30.33156967163086,6812
2013-01-10,37.5,37.5,36.29999923706055,36.54999923706055,30.540470123291016,16971
2013-01-11,36.75,37.650001525878906,36.0,36.400001525878906,30.415132522583008,27620
2013-01-14,36.5,36.849998474121094,35.599998474121094,35.900001525878906,29.997339248657227,15455
2013-01-15,36.150001525878906,36.29999923706055,35.900001525878906,36.0,30.080902099609375,6390
2013-01-16,36.0,36.400001525878906,35.5,35.54999923706055,29.704891204833984,7965
2013-01-17,36.5,36.5,35.29999923706055,35.75,29.872005462646484,11289
2013-01-18,35.900001525878906,36.20000076293945,35.75,35.79999923706055,29.913782119750977,7386
2013-01-21,35.79999923706055,36.349998474121094,35.79999923706055,36.25,30.2898006439209,6095
2013-01-22,35.599998474121094,36.45000076293945,35.54999923706055,36.099998474121094,30.164457321166992,3949
2013-01-23,36.20000076293945,36.25,35.70000076293945,35.75,29.872005462646484,5883
2013-01-24,35.75,36.0,34.0,34.79999923706055,29.07819938659668,15580
2013-01-25,35.0,35.0,34.25,34.75,29.03642463684082,12667
2013-01-28,35.5,35.54999923706055,34.25,35.45000076293945,29.621334075927734,8285
2013-01-29,35.849998474121094,36.04999923706055,35.099998474121094,35.900001525878906,29.997339248657227,6686
2013-01-30,36.79999923706055,36.79999923706055,35.20000076293945,35.29999923706055,29.495994567871094,5619
2013-01-31,35.20000076293945,35.5,34.5,34.70000076293945,28.994638442993164,5236
2013-02-01,34.29999923706055,35.5,33.54999923706055,34.79999923706055,29.07819938659668,9743
2013-02-04,34.400001525878906,35.0,34.400001525878906,34.54999923706055,28.869306564331055,14236
2013-02-05,34.29999923706055,35.150001525878906,34.04999923706055,34.900001525878906,29.161762237548828,9446
2013-02-06,34.70000076293945,35.650001525878906,34.650001525878906,34.900001525878906,29.161762237548828,3396
2013-02-07,34.900001525878906,35.79999923706055,34.79999923706055,35.54999923706055,29.704891204833984,18965
2013-02-08,35.45000076293945,35.79999923706055,35.04999923706055,35.349998474121094,29.537769317626953,15501
2013-02-11,35.099998474121094,36.20000076293945,34.599998474121094,35.25,29.454214096069336,14204
2013-02-12,35.0,35.75,34.79999923706055,35.5,29.66311264038086,8270
2013-02-13,35.5,35.599998474121094,35.29999923706055,35.29999923706055,29.495994567871094,5779
2013-02-14,35.0,35.5,32.599998474121094,33.650001525878906,28.117286682128906,25515
2013-02-15,33.04999923706055,33.5,32.29999923706055,32.650001525878906,27.281705856323242,15400
2013-02-18,32.650001525878906,33.20000076293945,32.650001525878906,33.04999923706055,27.61593246459961,12320
2013-02-19,33.25,34.5,33.25,34.20000076293945,28.576854705810547,8144
2013-02-20,34.5,34.599998474121094,34.0,34.25,28.618633270263672,1499
2013-02-21,34.0,34.349998474121094,34.0,34.0,28.409738540649414,4644
2013-02-22,34.0,34.54999923706055,34.0,34.0,28.409738540649414,2566
2013-02-25,34.20000076293945,34.29999923706055,33.95000076293945,34.0,28.409738540649414,5489
2013-02-26,33.650001525878906,34.45000076293945,32.79999923706055,32.900001525878906,27.4906005859375,18075
2013-02-27,32.75,32.95000076293945,31.75,31.799999237060547,26.571456909179688,18927
2013-02-28,33.900001525878906,33.95000076293945,30.0,30.5,25.485206604003906,8751
2013-03-01,30.299999237060547,33.70000076293945,30.299999237060547,32.25,26.947471618652344,52054
2013-03-04,33.79999923706055,34.0,31.100000381469727,31.649999618530273,26.446125030517578,4281
2013-03-05,31.5,32.04999923706055,31.100000381469727,32.0,26.738576889038086,17652
2013-03-06,32.25,33.45000076293945,32.25,32.70000076293945,27.323486328125,9246
2013-03-07,33.0,33.0,32.0,32.349998474121094,27.03102684020996,7078
2013-03-08,32.75,33.0,32.0,32.150001525878906,26.863916397094727,7713
2013-03-11,33.0,33.400001525878906,32.45000076293945,32.79999923706055,27.407041549682617,5525
2013-03-12,33.0,33.400001525878906,31.799999237060547,32.150001525878906,26.863916397094727,23151
2013-03-13,30.0,32.75,30.0,32.25,26.947471618652344,2722
2013-03-14,32.0,32.5,31.799999237060547,32.20000076293945,26.90569305419922,5515
2013-03-15,33.0,33.349998474121094,32.0,32.150001525878906,26.863916397094727,7203
2013-03-18,33.0,33.0,31.0,32.150001525878906,26.863916397094727,15318
2013-03-19,33.0,33.0,32.0,32.349998474121094,27.03102684020996,45308
2013-03-20,32.900001525878906,32.900001525878906,30.600000381469727,31.299999237060547,26.153671264648438,41586
2013-03-21,31.850000381469727,31.850000381469727,30.049999237060547,30.350000381469727,25.3598690032959,13471
2013-03-22,29.799999237060547,31.450000762939453,29.0,31.25,26.111888885498047,25224
2013-03-25,31.700000762939453,32.0,30.649999618530273,31.0,25.902992248535156,39900
2013-03-26,31.0,31.600000381469727,30.25,31.100000381469727,25.986555099487305,7274
2013-03-28,31.0,31.5,31.0,31.049999237060547,25.944774627685547,8270
2013-04-01,31.149999618530273,31.649999618530273,31.0,31.149999618530273,26.028335571289062,6805
2013-04-02,31.5,32.849998474121094,31.5,32.54999923706055,27.198144912719727,60064
2013-04-03,32.29999923706055,32.95000076293945,32.0,32.0,26.738576889038086,5051
2013-04-04,31.5,32.29999923706055,31.100000381469727,32.25,26.947471618652344,1668
2013-04-05,32.95000076293945,33.0,31.600000381469727,31.700000762939453,26.48790168762207,1042
2013-04-08,31.549999237060547,32.650001525878906,31.549999237060547,32.0,26.738576889038086,3418
2013-04-09,32.0,32.04999923706055,31.600000381469727,31.850000381469727,26.61324119567871,26699
2013-04-10,32.0,32.20000076293945,31.200000762939453,32.0,26.738576889038086,11488
2013-04-11,32.70000076293945,32.70000076293945,32.0,32.0,26.738576889038086,2199
2013-04-12,31.5,32.29999923706055,30.899999618530273,31.0,25.902992248535156,10948
2013-04-15,32.79999923706055,36.0,31.5,34.45000076293945,28.785747528076172,32422
2013-04-16,33.79999923706055,33.79999923706055,32.5,33.150001525878906,27.69949722290039,12869
2013-04-17,33.150001525878906,33.25,32.5,32.79999923706055,27.407041549682617,7322
2013-04-18,33.75,34.0,33.25,33.75,28.200841903686523,9772
2013-04-22,35.0,35.400001525878906,33.75,34.849998474121094,29.119983673095703,8155
2013-04-23,34.5,35.54999923706055,33.79999923706055,35.400001525878906,29.57954978942871,19695
2013-04-25,37.29999923706055,37.29999923706055,34.79999923706055,36.29999923706055,30.33156967163086,20197
2013-04-26,35.54999923706055,36.0,34.900001525878906,35.099998474121094,29.32887840270996,3329
2013-04-29,34.79999923706055,37.5,34.79999923706055,37.0,30.916481018066406,35437
2013-04-30,36.650001525878906,36.75,35.150001525878906,35.650001525878906,29.7884464263916,9094
2013-05-02,35.75,35.95000076293945,34.75,35.0,29.245317459106445,18405
2013-05-03,34.650001525878906,39.70000076293945,34.650001525878906,38.79999923706055,32.4205207824707,110504
2013-05-06,40.599998474121094,41.650001525878906,37.75,38.5,32.16985321044922,508781
2013-05-07,38.75,39.900001525878906,37.849998474121094,38.25,31.960952758789062,75394
2013-05-08,38.70000076293945,38.70000076293945,37.0,37.20000076293945,31.08359718322754,17911
2013-05-09,37.5,38.95000076293945,35.54999923706055,37.79999923706055,31.584945678710938,112916
2013-05-10,38.099998474121094,38.099998474121094,35.0,36.45000076293945,30.456905364990234,487290
2013-05-13,36.20000076293945,36.650001525878906,34.5,34.849998474121094,29.119983673095703,93678
2013-05-14,35.900001525878906,35.900001525878906,34.20000076293945,34.349998474121094,28.702184677124023,18401
2013-05-15,34.0,35.70000076293945,34.0,34.29999923706055,28.66041374206543,41941
2013-05-16,34.900001525878906,37.849998474121094,34.25,35.45000076293945,29.621334075927734,7864747
2013-05-17,36.70000076293945,37.20000076293945,35.20000076293945,36.04999923706055,30.122678756713867,889139
2013-05-20,36.0,37.400001525878906,36.0,36.75,30.70758628845215,114802
2013-05-21,36.29999923706055,37.349998474121094,35.849998474121094,36.150001525878906,30.206239700317383,73128
2013-05-22,37.150001525878906,37.150001525878906,35.70000076293945,36.25,30.2898006439209,91875
2013-05-23,36.0,36.04999923706055,34.5,35.25,29.454214096069336,38398
2013-05-24,35.0,36.349998474121094,34.5,35.04999923706055,29.28710174560547,30997
2013-05-27,34.25,36.900001525878906,34.25,36.599998474121094,30.58224868774414,37445
2013-05-28,36.04999923706055,36.75,36.0,36.04999923706055,30.122678756713867,5793
2013-05-29,35.29999923706055,36.599998474121094,35.29999923706055,36.0,30.080902099609375,10207
2013-05-30,36.0,36.79999923706055,35.75,36.099998474121094,30.164457321166992,27764
2013-05-31,36.04999923706055,38.20000076293945,36.04999923706055,37.04999923706055,30.958261489868164,86511
2013-06-03,37.0,38.599998474121094,36.54999923706055,37.900001525878906,31.668508529663086,31861
2013-06-04,37.5,40.70000076293945,37.5,38.849998474121094,32.462310791015625,486494
2013-06-05,39.0,40.400001525878906,39.0,39.29999923706055,32.83830642700195,35531
2013-06-06,39.25,39.25,38.70000076293945,38.95000076293945,32.54586410522461,21105
2013-06-07,39.0,39.0,37.25,37.5,31.334270477294922,27251
2013-06-10,37.599998474121094,38.0,36.150001525878906,36.75,30.70758628845215,8521
2013-06-11,36.400001525878906,36.400001525878906,35.599998474121094,35.900001525878906,29.997339248657227,13032
2013-06-12,35.70000076293945,36.849998474121094,35.349998474121094,36.599998474121094,30.58224868774414,16159
2013-06-13,36.79999923706055,37.650001525878906,35.29999923706055,37.04999923706055,30.958261489868164,30223
2013-06-14,37.0,38.04999923706055,36.849998474121094,37.70000076293945,31.501384735107422,16764
2013-06-17,37.5,38.099998474121094,37.5,37.75,31.543167114257812,5966
2013-06-18,38.349998474121094,38.349998474121094,37.54999923706055,37.54999923706055,31.376054763793945,5281
2013-06-19,37.5,38.75,37.5,38.5,32.16985321044922,22794
2013-06-20,37.70000076293945,38.0,37.099998474121094,37.650001525878906,31.45960807800293,71598
2013-06-21,39.0,39.0,36.75,37.349998474121094,31.20893669128418,90314
2013-06-24,37.25,37.650001525878906,36.54999923706055,37.0,30.916481018066406,18735
2013-06-25,37.0,38.349998474121094,36.54999923706055,37.95000076293945,31.710281372070312,25152
2013-06-26,38.04999923706055,38.70000076293945,36.5,37.099998474121094,31.000036239624023,73706
2013-06-27,37.04999923706055,38.45000076293945,35.650001525878906,36.20000076293945,30.248018264770508,11780
2013-06-28,36.650001525878906,36.95000076293945,35.5,35.75,29.872005462646484,14237
2013-07-01,36.25,36.650001525878906,35.849998474121094,36.04999923706055,30.122678756713867,19452
2013-07-02,35.79999923706055,36.45000076293945,35.5,36.25,30.2898006439209,5706
2013-07-03,35.900001525878906,35.900001525878906,35.150001525878906,35.400001525878906,29.57954978942871,4740
2013-07-04,36.04999923706055,36.25,35.400001525878906,35.900001525878906,29.997339248657227,2132
2013-07-05,36.0,36.349998474121094,35.75,35.95000076293945,30.039121627807617,4393
2013-07-08,35.5,36.20000076293945,35.5,36.0,30.080902099609375,8005
2013-07-09,36.0,36.20000076293945,35.849998474121094,36.04999923706055,30.122678756713867,5584
2013-07-10,36.349998474121094,38.29999923706055,36.0,37.349998474121094,31.20893669128418,51531
2013-07-11,37.0,37.400001525878906,36.54999923706055,37.0,30.916481018066406,130611
2013-07-12,36.900001525878906,37.29999923706055,36.79999923706055,37.0,32.40537643432617,15597
2013-07-15,37.0,37.900001525878906,36.849998474121094,37.150001525878906,32.5367546081543,13571
2013-07-16,36.29999923706055,37.54999923706055,36.29999923706055,36.95000076293945,32.36157989501953,9464
2013-07-17,37.0,37.20000076293945,36.29999923706055,36.5,31.967470169067383,4989
2013-07-18,36.5,36.79999923706055,35.400001525878906,36.650001525878906,32.09884262084961,9187
2013-07-19,36.5,37.0,36.04999923706055,36.54999923706055,32.01125717163086,4985
2013-07-22,36.5,36.900001525878906,35.400001525878906,36.150001525878906,31.660930633544922,13373
2013-07-23,36.900001525878906,36.900001525878906,36.20000076293945,36.29999923706055,31.792295455932617,2688
2013-07-24,36.04999923706055,36.25,35.400001525878906,35.75,31.310598373413086,7284
2013-07-25,35.79999923706055,36.29999923706055,35.400001525878906,35.79999923706055,31.354387283325195,9400
2013-07-26,35.599998474121094,36.29999923706055,34.599998474121094,34.900001525878906,30.56615447998047,11400
2013-07-29,36.900001525878906,36.900001525878906,34.29999923706055,34.599998474121094,30.30340576171875,6439
2013-07-30,34.5,34.900001525878906,33.650001525878906,33.900001525878906,29.690332412719727,18162
2013-07-31,33.5,33.5,30.600000381469727,32.75,28.683135986328125,11422
2013-08-01,32.5,33.54999923706055,32.150001525878906,33.25,29.12104606628418,3746
2013-08-02,33.0,33.29999923706055,31.049999237060547,31.850000381469727,27.894901275634766,9823
2013-08-05,31.850000381469727,32.45000076293945,31.200000762939453,32.0,28.026269912719727,40319
2013-08-06,32.0,32.0,30.850000381469727,31.549999237060547,27.632150650024414,9735
2013-08-07,31.600000381469727,32.400001525878906,31.600000381469727,32.0,28.026269912719727,16783
2013-08-08,33.79999923706055,33.79999923706055,31.600000381469727,32.599998474121094,28.551761627197266,6701
2013-08-12,34.400001525878906,34.45000076293945,32.0,32.150001525878906,28.15764617919922,7362
2013-08-13,32.349998474121094,33.20000076293945,32.150001525878906,32.75,28.683135986328125,85154
2013-08-14,33.29999923706055,33.29999923706055,32.20000076293945,32.599998474121094,28.551761627197266,3344
2013-08-16,32.5,32.5,30.100000381469727,30.75,26.931493759155273,22356
2013-08-19,30.850000381469727,32.0,30.100000381469727,31.299999237060547,27.413196563720703,5242
2013-08-20,32.349998474121094,32.400001525878906,30.799999237060547,32.0,28.026269912719727,17805
2013-08-21,32.5,33.599998474121094,32.04999923706055,32.099998474121094,28.113853454589844,3220
2013-08-22,31.850000381469727,32.599998474121094,31.5,32.099998474121094,28.113853454589844,2883
2013-08-23,31.799999237060547,32.5,31.799999237060547,32.0,28.026269912719727,4040
2013-08-26,32.0,33.20000076293945,32.0,32.099998474121094,28.113853454589844,4036
2013-08-27,33.95000076293945,33.95000076293945,31.149999618530273,31.899999618530273,27.938688278198242,8439
2013-08-28,32.70000076293945,32.70000076293945,31.049999237060547,31.850000381469727,27.894901275634766,1690
2013-08-29,31.700000762939453,33.400001525878906,30.649999618530273,32.45000076293945,28.42038917541504,5994
2013-08-30,32.45000076293945,33.20000076293945,32.04999923706055,33.0,28.902090072631836,6692
2013-09-02,33.0,34.95000076293945,33.0,34.20000076293945,29.95307731628418,13054
2013-09-03,33.900001525878906,34.5,33.0,33.0,28.902090072631836,4305
2013-09-04,32.25,33.79999923706055,32.25,33.75,29.558956146240234,464
2013-09-05,33.5,33.650001525878906,32.599998474121094,33.20000076293945,29.077255249023438,4050
2013-09-06,33.099998474121094,34.150001525878906,32.099998474121094,33.349998474121094,29.208627700805664,11304
2013-09-10,33.150001525878906,33.5,32.45000076293945,33.04999923706055,28.945877075195312,4243
2013-09-11,33.0,33.599998474121094,32.5,33.45000076293945,29.296215057373047,85277
2013-09-12,34.400001525878906,34.400001525878906,32.849998474121094,33.099998474121094,28.989673614501953,35277
2013-09-13,33.0,34.150001525878906,33.0,33.349998474121094,29.208627700805664,1468
2013-09-16,33.0,34.0,32.5,33.45000076293945,29.296215057373047,4483
2013-09-17,33.150001525878906,33.79999923706055,33.150001525878906,33.20000076293945,29.077255249023438,1750
2013-09-18,33.79999923706055,33.849998474121094,32.75,33.29999923706055,29.16483497619629,1260
2013-09-19,34.45000076293945,34.45000076293945,33.45000076293945,33.5,29.340002059936523,3345
2013-09-20,34.5,34.5,33.150001525878906,33.150001525878906,29.033466339111328,446
2013-09-23,34.599998474121094,34.599998474121094,32.5,32.900001525878906,28.81450843811035,2279
2013-09-24,32.79999923706055,33.29999923706055,32.20000076293945,32.70000076293945,28.639345169067383,1425
2013-09-25,32.54999923706055,33.0,32.0,32.54999923706055,28.50796890258789,2906
2013-09-26,33.599998474121094,33.599998474121094,31.149999618530273,32.5,28.46417808532715,2244
2013-09-27,33.29999923706055,33.29999923706055,31.100000381469727,31.700000762939453,27.76352310180664,5546
2013-09-30,31.600000381469727,34.20000076293945,31.549999237060547,31.950000762939453,27.982479095458984,4957
2013-10-01,31.799999237060547,32.29999923706055,31.5,31.549999237060547,27.632150650024414,4768
2013-10-03,32.400001525878906,32.5,31.549999237060547,32.099998474121094,28.113853454589844,3795
2013-10-04,31.75,32.400001525878906,31.25,31.950000762939453,27.982479095458984,3607
2013-10-07,32.5,32.5,31.600000381469727,32.25,28.245223999023438,5754
2013-10-08,32.400001525878906,32.599998474121094,31.700000762939453,32.400001525878906,28.376602172851562,3656
2013-10-09,32.099998474121094,32.900001525878906,32.04999923706055,32.75,28.683135986328125,2125
2013-10-10,32.95000076293945,35.5,32.70000076293945,35.0,30.65373420715332,32451
2013-10-11,34.5,35.45000076293945,33.599998474121094,34.29999923706055,30.040658950805664,8779
2013-10-14,36.75,36.75,33.349998474121094,34.400001525878906,30.12824249267578,3696
2013-10-15,34.04999923706055,34.650001525878906,34.0,34.20000076293945,29.95307731628418,2528
2013-10-17,34.04999923706055,34.45000076293945,34.0,34.04999923706055,29.821701049804688,3093
2013-10-18,34.0,34.400001525878906,33.599998474121094,34.20000076293945,29.95307731628418,3744
2013-10-21,34.650001525878906,36.150001525878906,34.0,35.79999923706055,31.354387283325195,19898
2013-10-22,35.5,36.0,34.599998474121094,35.29999923706055,30.916481018066406,7376
2013-10-23,35.0,35.400001525878906,34.099998474121094,34.54999923706055,30.259613037109375,11089
2013-10-24,34.5,39.20000076293945,34.349998474121094,36.29999923706055,31.792295455932617,23199
2013-10-25,36.0,36.400001525878906,34.849998474121094,35.400001525878906,31.004058837890625,19588
2013-10-28,35.900001525878906,35.900001525878906,34.5,34.79999923706055,30.478567123413086,11493
2013-10-29,34.54999923706055,34.54999923706055,34.04999923706055,34.29999923706055,30.040658950805664,5568
2013-10-30,34.849998474121094,34.95000076293945,34.099998474121094,34.349998474121094,30.084444046020508,16380
2013-10-31,34.0,35.5,34.0,34.29999923706055,30.040658950805664,19393
2013-11-01,34.29999923706055,34.75,33.04999923706055,34.20000076293945,29.95307731628418,15377
2013-11-05,34.70000076293945,35.29999923706055,34.20000076293945,34.5,30.2158260345459,9334
2013-11-06,35.0,35.0,34.150001525878906,34.5,30.2158260345459,10102
2013-11-07,34.400001525878906,34.70000076293945,34.0,34.54999923706055,30.259613037109375,8904
2013-11-08,34.70000076293945,34.70000076293945,34.25,34.5,30.2158260345459,8230
2013-11-11,34.04999923706055,34.75,34.04999923706055,34.29999923706055,30.040658950805664,1797
2013-11-12,34.20000076293945,34.20000076293945,34.0,34.0,29.777912139892578,7589
2013-11-13,34.0,34.650001525878906,34.0,34.54999923706055,30.259613037109375,4517
2013-11-14,34.599998474121094,34.70000076293945,34.04999923706055,34.099998474121094,29.865495681762695,7780
2013-11-18,34.75,34.75,34.0,34.5,30.2158260345459,9574
2013-11-19,34.0,34.5,33.5,33.900001525878906,29.690332412719727,8674
2013-11-20,33.79999923706055,34.5,33.29999923706055,33.599998474121094,29.42758560180664,11654
2013-11-21,33.900001525878906,34.099998474121094,33.349998474121094,34.0,29.777912139892578,5213
2013-11-22,34.20000076293945,34.599998474121094,33.400001525878906,34.20000076293945,29.95307731628418,12423
2013-11-25,34.54999923706055,34.54999923706055,33.599998474121094,34.04999923706055,29.821701049804688,15770
2013-11-26,34.5,34.5,33.400001525878906,33.54999923706055,29.383790969848633,7754
2013-11-27,34.20000076293945,34.20000076293945,33.29999923706055,33.54999923706055,29.383790969848633,3294
2013-11-28,34.20000076293945,34.5,33.5,34.20000076293945,29.95307731628418,13882
2013-11-29,33.70000076293945,34.20000076293945,33.70000076293945,34.04999923706055,29.821701049804688,7579
2013-12-02,34.0,36.20000076293945,33.599998474121094,35.349998474121094,30.960269927978516,62557
2013-12-03,35.099998474121094,36.0,34.650001525878906,35.20000076293945,30.828899383544922,87015
2013-12-04,35.099998474121094,35.849998474121094,34.5,34.54999923706055,30.259613037109375,23477
2013-12-05,35.54999923706055,35.650001525878906,34.5,35.400001525878906,31.004058837890625,25928
2013-12-06,35.900001525878906,36.54999923706055,34.900001525878906,35.5,31.091651916503906,64662
2013-12-09,35.70000076293945,35.70000076293945,35.0,35.04999923706055,30.697526931762695,3136
2013-12-10,35.04999923706055,35.099998474121094,34.04999923706055,34.45000076293945,30.172035217285156,5930
2013-12-11,34.349998474121094,35.5,34.29999923706055,34.349998474121094,30.084444046020508,3300
2013-12-12,34.5,34.5,33.900001525878906,33.95000076293945,29.7341251373291,4563
2013-12-13,34.900001525878906,35.0,33.79999923706055,34.900001525878906,30.56615447998047,13300
2013-12-16,35.349998474121094,35.349998474121094,34.5,34.70000076293945,30.390981674194336,2623
2013-12-17,35.5,35.5,34.25,34.29999923706055,30.040658950805664,2123
2013-12-18,34.349998474121094,34.849998474121094,34.20000076293945,34.349998474121094,30.084444046020508,7580
2013-12-19,34.29999923706055,34.95000076293945,34.099998474121094,34.20000076293945,29.95307731628418,5351
2013-12-20,34.349998474121094,35.599998474121094,34.349998474121094,35.5,31.091651916503906,12619
2013-12-23,35.900001525878906,36.900001525878906,35.650001525878906,36.0,31.529556274414062,26693
2013-12-24,35.650001525878906,36.25,34.0,35.849998474121094,31.39818000793457,21140
2013-12-26,36.0,36.599998474121094,35.20000076293945,35.25,30.872684478759766,12213
2013-12-27,35.5,37.900001525878906,35.25,36.70000076293945,32.14262771606445,55823
2013-12-30,37.70000076293945,39.5,37.5,38.150001525878906,33.41257095336914,86622
2013-12-31,37.79999923706055,39.0,37.0,38.349998474121094,33.587738037109375,26454
2014-01-01,37.79999923706055,38.95000076293945,37.79999923706055,38.400001525878906,33.63152313232422,29298
2014-01-02,38.95000076293945,38.95000076293945,36.099998474121094,37.04999923706055,32.44916915893555,43831
2014-01-03,37.95000076293945,38.5,37.0,38.099998474121094,33.36878204345703,39782
2014-01-06,39.650001525878906,43.79999923706055,38.54999923706055,43.04999923706055,37.70409393310547,186537
2014-01-07,44.20000076293945,45.5,41.79999923706055,42.20000076293945,36.95964431762695,181030
2014-01-08,42.79999923706055,45.0,42.099998474121094,43.45000076293945,38.054420471191406,154543
2014-01-09,44.0,44.150001525878906,39.0,40.04999923706055,35.076629638671875,95862
2014-01-10,41.25,41.25,38.650001525878906,38.849998474121094,34.02565002441406,27099
2014-01-13,39.5,42.599998474121094,39.099998474121094,41.400001525878906,36.25898742675781,64619
2014-01-14,41.650001525878906,41.650001525878906,39.75,41.20000076293945,36.083824157714844,19047
2014-01-15,41.20000076293945,46.400001525878906,41.0,43.650001525878906,38.22958755493164,490124
2014-01-16,43.54999923706055,44.95000076293945,42.5,43.900001525878906,38.44853973388672,60128
2014-01-17,42.650001525878906,44.599998474121094,41.25,42.099998474121094,36.872066497802734,30917
2014-01-20,42.0,43.900001525878906,40.849998474121094,41.0,35.908660888671875,21629
2014-01-21,40.95000076293945,42.599998474121094,39.099998474121094,41.25,36.12761688232422,28574
2014-01-22,40.900001525878906,42.0,40.04999923706055,41.0,35.908660888671875,9288
2014-01-23,41.45000076293945,41.95000076293945,39.45000076293945,40.099998474121094,35.12042236328125,45600
2014-01-24,39.79999923706055,40.04999923706055,38.29999923706055,38.70000076293945,33.8942756652832,31044
2014-01-27,38.0,38.849998474121094,37.099998474121094,38.20000076293945,33.456363677978516,21688
2014-01-28,39.5,39.5,37.0,37.75,33.06224060058594,7069
2014-01-29,39.0,39.0,37.29999923706055,37.650001525878906,32.974666595458984,13069
2014-01-30,38.400001525878906,38.400001525878906,36.5,36.54999923706055,32.01125717163086,6112
2014-01-31,37.849998474121094,37.849998474121094,36.0,36.70000076293945,32.14262771606445,17025
2014-02-03,36.29999923706055,36.900001525878906,33.20000076293945,35.099998474121094,30.741315841674805,37034
2014-02-04,35.0,38.95000076293945,34.5,37.29999923706055,32.66811752319336,41276
2014-02-05,38.20000076293945,38.20000076293945,37.0,37.20000076293945,32.58053970336914,1591
2014-02-06,38.400001525878906,38.400001525878906,36.54999923706055,37.20000076293945,32.58053970336914,12537
2014-02-07,37.0,39.79999923706055,36.54999923706055,38.25,33.500152587890625,37902
2014-02-10,39.20000076293945,39.20000076293945,37.5,37.650001525878906,32.974666595458984,3735
2014-02-11,38.45000076293945,38.45000076293945,36.29999923706055,36.75,32.18642044067383,21861
2014-02-12,36.5,37.45000076293945,35.75,36.5,31.967470169067383,27693
2014-02-13,37.25,37.25,35.5,35.900001525878906,31.441972732543945,7698
2014-02-14,36.400001525878906,37.25,35.5,36.20000076293945,31.70471954345703,11447
2014-02-17,36.04999923706055,36.849998474121094,35.650001525878906,36.0,31.529556274414062,2723
2014-02-18,36.95000076293945,37.650001525878906,35.25,37.20000076293945,32.58053970336914,16325
2014-02-19,38.150001525878906,38.400001525878906,37.0,37.75,33.06224060058594,14891
2014-02-20,38.150001525878906,40.75,37.0,39.54999923706055,34.63871765136719,84849
2014-02-21,39.400001525878906,40.75,38.75,39.150001525878906,34.28839111328125,38935
2014-02-24,39.849998474121094,40.849998474121094,38.150001525878906,39.849998474121094,34.901466369628906,11971
2014-02-25,40.900001525878906,40.900001525878906,38.29999923706055,40.04999923706055,35.076629638671875,27908
2014-02-26,40.79999923706055,41.0,39.75,40.45000076293945,35.42695617675781,27257
2014-02-28,41.650001525878906,41.650001525878906,40.099998474121094,40.70000076293945,35.64591979980469,16977
2014-03-03,41.0,41.650001525878906,39.099998474121094,40.0,35.0328369140625,33783
2014-03-04,40.79999923706055,41.25,38.25,41.04999923706055,35.952449798583984,70563
2014-03-05,41.0,42.45000076293945,40.599998474121094,42.0,36.784488677978516,43179
2014-03-06,41.95000076293945,43.54999923706055,41.95000076293945,42.45000076293945,37.17860412597656,25483
2014-03-07,43.45000076293945,44.099998474121094,40.95000076293945,42.400001525878906,37.13480758666992,39394
2014-03-10,43.20000076293945,45.70000076293945,41.150001525878906,44.349998474121094,38.842655181884766,108454
2014-03-11,44.0,44.95000076293945,42.099998474121094,43.150001525878906,37.79167556762695,32690
2014-03-12,42.5,44.099998474121094,42.0,43.25,37.87925720214844,20043
2014-03-13,44.5,44.5,41.849998474121094,42.29999923706055,37.04722595214844,30289
2014-03-14,44.0,44.0,41.29999923706055,42.54999923706055,37.26618576049805,9289
2014-03-18,44.95000076293945,44.95000076293945,42.20000076293945,43.0,37.66030502319336,17489
2014-03-19,43.5,43.650001525878906,42.099998474121094,42.79999923706055,37.48513412475586,45809
2014-03-20,44.0,48.29999923706055,42.599998474121094,47.599998474121094,41.68907928466797,281470
2014-03-21,48.79999923706055,51.0,46.5,48.5,42.477317810058594,209004
2014-03-24,50.20000076293945,51.0,48.0,48.599998474121094,42.56489944458008,73834
2014-03-25,50.0,50.0,47.150001525878906,49.5,43.35313415527344,72342
2014-03-26,49.25,51.79999923706055,49.25,50.25,44.010009765625,132477
2014-03-27,51.45000076293945,51.45000076293945,49.650001525878906,50.25,44.010009765625,35324
2014-03-28,50.0,52.95000076293945,48.900001525878906,51.54999923706055,45.14857864379883,88775
2014-03-31,52.0,52.0,49.650001525878906,51.54999923706055,45.14857864379883,55496
2014-04-01,53.0,53.0,49.599998474121094,50.70000076293945,44.40412521362305,29277
2014-04-02,51.45000076293945,51.79999923706055,50.099998474121094,50.20000076293945,43.96621322631836,16962
2014-04-03,50.20000076293945,50.599998474121094,48.599998474121094,49.25,43.134185791015625,10725
2014-04-04,49.0,50.400001525878906,48.20000076293945,49.95000076293945,43.74726104736328,11311
2014-04-07,49.70000076293945,50.5,49.0,49.29999923706055,43.177974700927734,13760
2014-04-09,50.0,53.20000076293945,49.0,51.849998474121094,45.411319732666016,99872
2014-04-10,50.349998474121094,54.5,50.349998474121094,53.900001525878906,47.206748962402344,170120
2014-04-11,53.5,54.25,52.400001525878906,53.900001525878906,47.206748962402344,67367
2014-04-15,54.25,54.25,52.900001525878906,53.29999923706055,46.6812629699707,67360
2014-04-16,53.0,59.400001525878906,52.0,57.54999923706055,50.40349578857422,302716
2014-04-17,57.0,69.05000305175781,57.0,67.9000015258789,59.4682502746582,1130251
2014-04-21,67.80000305175781,67.80000305175781,63.20000076293945,63.650001525878906,55.74600601196289,155161
2014-04-22,63.25,71.5999984741211,63.0,64.0,56.05253982543945,537769
2014-04-23,67.80000305175781,69.25,63.70000076293945,64.05000305175781,56.09632873535156,640755
2014-04-24,64.05000305175781,64.05000305175781,64.05000305175781,64.05000305175781,56.09632873535156,0
2014-04-25,64.5,67.30000305175781,63.79999923706055,64.9000015258789,56.84077835083008,223995
2014-04-28,65.8499984741211,66.25,64.4000015258789,65.05000305175781,56.97214889526367,132949
2014-04-29,65.9000015258789,65.9000015258789,63.0,64.5,56.490447998046875,110370
2014-04-30,65.1500015258789,65.80000305175781,61.0,62.79999923706055,55.00156021118164,96997
2014-05-02,61.5,66.4000015258789,61.099998474121094,65.55000305175781,57.41006088256836,159412
2014-05-05,66.0,69.0,65.55000305175781,68.19999694824219,59.73099136352539,204671
2014-05-06,67.19999694824219,72.19999694824219,67.19999694824219,69.3499984741211,60.73817443847656,339116
2014-05-07,70.0999984741211,72.69999694824219,69.3499984741211,70.5,61.74536895751953,285033
2014-05-08,71.0,72.0,67.69999694824219,69.0999984741211,60.51922607421875,241615
2014-05-09,68.5,70.5,68.5,69.3499984741211,60.73817443847656,113930
2014-05-12,68.80000305175781,69.9000015258789,65.69999694824219,66.0,57.80418014526367,67926
2014-05-13,66.0,69.5,63.79999923706055,66.5999984741211,58.32966995239258,80086
2014-05-14,66.69999694824219,68.4000015258789,65.0999984741211,66.0999984741211,57.891754150390625,93635
2014-05-15,67.3499984741211,68.0,65.0,65.44999694824219,57.32247543334961,133550
2014-05-16,67.80000305175781,68.0,62.650001525878906,65.80000305175781,57.6290168762207,89537
2014-05-19,65.0,71.80000305175781,65.0,70.4000015258789,61.657798767089844,165679
2014-05-20,71.9000015258789,78.0,70.44999694824219,75.4000015258789,66.03689575195312,405198
2014-05-21,75.8499984741211,80.5,74.0,77.3499984741211,67.7447509765625,349891
2014-05-22,78.44999694824219,81.9000015258789,77.5999984741211,80.5999984741211,70.59115600585938,291991
2014-05-23,81.94999694824219,89.4000015258789,77.0,86.25,75.53955078125,317904
2014-05-26,86.55000305175781,94.9000015258789,85.1500015258789,89.4000015258789,78.29840087890625,514970
2014-05-27,92.5999984741211,92.5999984741211,84.5,91.0999984741211,79.78729248046875,168122
2014-05-28,91.0999984741211,93.80000305175781,88.0,88.75,77.72911071777344,82376
2014-05-29,88.0,91.4000015258789,85.5999984741211,86.44999694824219,75.7147216796875,51781
2014-05-30,86.19999694824219,88.0,84.5,85.4000015258789,74.79512023925781,38739
2014-06-02,86.0,90.75,83.55000305175781,88.05000305175781,77.11603546142578,124075
2014-06-03,88.0,89.5999984741211,84.0,85.05000305175781,74.48857116699219,110230
2014-06-04,85.05000305175781,87.0,83.55000305175781,84.44999694824219,73.96308898925781,67901
2014-06-05,85.0,88.30000305175781,82.25,85.0,74.44478607177734,112973
2014-06-06,84.0,87.55000305175781,84.0,86.4000015258789,75.67093658447266,53667
2014-06-09,87.80000305175781,87.80000305175781,84.80000305175781,85.4000015258789,74.79512023925781,59756
2014-06-10,85.0,85.0,81.0,82.69999694824219,72.4303970336914,73261
2014-06-11,84.0,90.19999694824219,81.5,89.1500015258789,78.0794448852539,442025
2014-06-12,91.19999694824219,94.4000015258789,86.5,88.19999694824219,77.24740600585938,576448
2014-06-13,88.25,90.0,79.19999694824219,81.5,71.37940979003906,155420
2014-06-16,83.80000305175781,83.80000305175781,79.0999984741211,81.44999694824219,71.33562469482422,57370
2014-06-17,80.80000305175781,83.9000015258789,80.5,82.9000015258789,72.60557556152344,49089
2014-06-18,84.8499984741211,84.8499984741211,80.44999694824219,81.19999694824219,71.11666107177734,45630
2014-06-19,80.80000305175781,83.6500015258789,78.5,78.9000015258789,69.1022720336914,55194
2014-06-20,80.05000305175781,81.80000305175781,77.05000305175781,81.1500015258789,71.07288360595703,80572
2014-06-23,83.0,83.80000305175781,80.5,81.30000305175781,71.20425415039062,117703
2014-06-24,80.5,84.5,80.5,82.44999694824219,72.21144104003906,84196
2014-06-25,83.5999984741211,93.94999694824219,83.0,84.05000305175781,73.61275482177734,2296734
2014-06-26,94.75,97.4000015258789,91.0,91.69999694824219,80.31277465820312,1213014
2014-06-27,92.5,95.30000305175781,91.0,91.5999984741211,80.2251968383789,282038
2014-06-30,92.55000305175781,101.80000305175781,88.5999984741211,96.75,84.73568725585938,674447
2014-07-01,97.0,101.0,95.5999984741211,98.05000305175781,85.8742446899414,848756
2014-07-02,98.94999694824219,99.6500015258789,95.1500015258789,95.8499984741211,83.94744110107422,233219
2014-07-03,96.80000305175781,97.0,93.30000305175781,94.0,82.32716369628906,132585
2014-07-04,93.05000305175781,94.69999694824219,91.9000015258789,92.8499984741211,81.31997680664062,103983
2014-07-07,91.5,93.75,91.0,91.3499984741211,80.00624084472656,83584
2014-07-08,92.0,93.0,85.0,86.30000305175781,75.5833511352539,147926
2014-07-09,87.30000305175781,89.80000305175781,82.30000305175781,85.69999694824219,75.05784606933594,131962
2014-07-10,85.0,90.80000305175781,82.0,86.9000015258789,76.10884094238281,89546
2014-07-11,87.94999694824219,88.80000305175781,80.0999984741211,81.0999984741211,71.02906799316406,72418
2014-07-14,81.25,84.8499984741211,78.5,83.25,72.91210174560547,86354
2014-07-15,85.9000015258789,88.1500015258789,83.44999694824219,87.25,76.4153823852539,99402
2014-07-16,86.4000015258789,89.0,85.5,86.75,75.97747039794922,31333
2014-07-17,87.0,89.75,86.4000015258789,87.6500015258789,76.76571655273438,44059
2014-07-18,90.5,93.4000015258789,90.0,90.5999984741211,79.34937286376953,161789
2014-07-21,91.0,100.5,90.69999694824219,93.3499984741211,81.75787353515625,1768030
2014-07-22,94.80000305175781,94.80000305175781,90.4000015258789,91.19999694824219,79.8748779296875,289893
2014-07-23,91.80000305175781,92.19999694824219,87.6500015258789,89.94999694824219,78.78009033203125,171688
2014-07-24,89.94999694824219,90.44999694824219,88.30000305175781,88.69999694824219,77.68531036376953,62643
2014-07-25,88.25,89.4000015258789,85.0,85.6500015258789,75.01407623291016,260423
2014-07-28,86.30000305175781,90.4000015258789,84.80000305175781,88.19999694824219,77.24740600585938,167655
2014-07-30,87.5999984741211,89.9000015258789,86.19999694824219,88.0,77.07225036621094,86792
2014-07-31,87.4000015258789,91.8499984741211,87.4000015258789,90.0999984741211,79.91035461425781,158986
2014-08-01,89.0,93.5999984741211,87.6500015258789,90.94999694824219,80.66422271728516,221680
2014-08-04,94.1500015258789,96.0,91.80000305175781,92.19999694824219,81.77285766601562,197150
2014-08-05,93.4000015258789,93.4000015258789,90.0999984741211,91.0999984741211,80.79725646972656,65559
2014-08-06,91.0,93.6500015258789,90.0999984741211,92.30000305175781,81.8615493774414,103771
2014-08-07,92.05000305175781,99.4000015258789,91.05000305175781,97.4000015258789,86.384765625,602943
2014-08-08,97.9000015258789,99.69999694824219,93.0,94.44999694824219,83.76838684082031,342657
2014-08-11,96.0,97.75,94.0,94.4000015258789,83.72406005859375,44402
2014-08-12,94.80000305175781,103.5,93.3499984741211,100.9000015258789,89.48895263671875,666884
2014-08-13,102.25,104.5,95.25,96.69999694824219,85.76393127441406,475056
2014-08-14,98.0,102.80000305175781,96.75,101.3499984741211,89.8880615234375,292052
2014-08-18,101.05000305175781,105.5,99.4000015258789,102.94999694824219,91.3071060180664,230037
2014-08-19,103.75,103.80000305175781,99.0,99.6500015258789,88.38032531738281,108940
2014-08-20,100.0,102.5,99.0,99.9000015258789,88.60204315185547,85808
2014-08-21,101.0,103.44999694824219,99.0,100.25,88.91246032714844,117114
2014-08-22,100.9000015258789,109.0,99.0,108.1500015258789,95.91902160644531,590226
2014-08-25,109.05000305175781,113.6500015258789,104.25,105.75,93.79045867919922,650208
2014-08-26,106.05000305175781,112.5,105.5,109.55000305175781,97.16068267822266,329951
2014-08-27,110.5,112.19999694824219,108.5,109.6500015258789,97.2493896484375,223302
2014-08-28,110.5,111.30000305175781,106.5,107.44999694824219,95.29817199707031,149725
2014-09-01,108.0,111.5999984741211,106.25,109.94999694824219,97.51545715332031,204564
2014-09-02,110.69999694824219,114.0,109.9000015258789,112.0999984741211,99.42230987548828,328666
2014-09-03,112.8499984741211,113.80000305175781,110.0,111.05000305175781,98.49105072021484,354414
2014-09-04,110.69999694824219,112.0,109.0,111.0999984741211,98.535400390625,154749
2014-09-05,111.75,116.4000015258789,110.5,112.5999984741211,99.86576080322266,268477
2014-09-08,112.9000015258789,114.30000305175781,110.0,112.19999694824219,99.5110092163086,188728
2014-09-09,112.69999694824219,121.4000015258789,111.5,117.55000305175781,104.25595092773438,592502
2014-09-10,116.9000015258789,121.0,114.5,117.9000015258789,104.56637573242188,216158
2014-09-11,119.0,121.3499984741211,117.0,118.69999694824219,105.27589416503906,121689
2014-09-12,118.94999694824219,127.69999694824219,117.0999984741211,125.1500015258789,110.99645233154297,398444
2014-09-15,122.0999984741211,126.0,122.0,122.55000305175781,108.69049072265625,135795
2014-09-16,122.6500015258789,132.5,116.8499984741211,122.0999984741211,108.29137420654297,1459887
2014-09-17,123.3499984741211,125.6500015258789,115.25,117.44999694824219,104.1672592163086,148479
2014-09-18,117.80000305175781,124.5,117.80000305175781,123.0999984741211,109.17829132080078,95033
2014-09-19,123.5,124.5,118.6500015258789,120.9000015258789,107.22708892822266,57933
2014-09-22,120.0,127.5999984741211,120.0,124.55000305175781,110.46430969238281,157599
2014-09-23,124.05000305175781,132.75,122.0999984741211,126.0,111.75031280517578,1202610
2014-09-24,126.0,134.8000030517578,121.5,133.5500030517578,118.44647216796875,516581
2014-09-25,135.1999969482422,137.89999389648438,127.5,129.4499969482422,114.81014251708984,269358
2014-09-26,129.35000610351562,132.8000030517578,124.19999694824219,129.10000610351562,114.49974060058594,101099
2014-09-29,129.75,133.5,128.8000030517578,129.0500030517578,114.45539855957031,71915
2014-09-30,129.75,134.25,128.60000610351562,130.3000030517578,115.56402587890625,284338
2014-10-01,132.35000610351562,135.6999969482422,128.0,128.60000610351562,114.05628967285156,202113
2014-10-07,127.4000015258789,131.6999969482422,127.0,129.0500030517578,114.45539855957031,61009
2014-10-08,129.39999389648438,136.35000610351562,128.5,134.64999389648438,119.42206573486328,211911
2014-10-09,135.9499969482422,137.39999389648438,130.9499969482422,132.8000030517578,117.78129577636719,113841
2014-10-10,131.75,135.8000030517578,130.25,132.1999969482422,117.2491226196289,82155
2014-10-13,132.0,133.14999389648438,130.0,131.1999969482422,116.36223602294922,45420
2014-10-14,130.60000610351562,133.1999969482422,128.0,130.35000610351562,115.60838317871094,49487
2014-10-15,130.35000610351562,130.35000610351562,130.35000610351562,130.35000610351562,115.60838317871094,0
2014-10-16,129.6999969482422,131.35000610351562,121.0,124.05000305175781,110.0208511352539,126425
2014-10-17,124.05000305175781,128.0,122.0,126.05000305175781,111.79467010498047,59928
2014-10-20,127.69999694824219,128.89999389648438,121.19999694824219,125.0999984741211,110.95210266113281,47359
2014-10-21,125.75,128.75,123.75,126.44999694824219,112.14942169189453,49984
2014-10-22,127.05000305175781,128.60000610351562,124.0,126.25,111.97203826904297,36036
2014-10-27,128.6999969482422,131.39999389648438,127.05000305175781,130.35000610351562,115.60838317871094,50494
2014-10-28,130.9499969482422,137.39999389648438,127.0999984741211,134.8000030517578,119.55509185791016,341298
2014-10-29,137.0500030517578,138.5,135.0500030517578,136.0500030517578,120.66374206542969,303383
2014-10-30,136.6999969482422,136.85000610351562,132.64999389648438,133.6999969482422,118.57949829101562,46752
2014-10-31,134.75,137.8000030517578,131.14999389648438,133.0,117.95866394042969,73728
2014-11-03,133.8000030517578,137.0,133.10000610351562,135.89999389648438,120.53070068359375,59995
2014-11-05,135.4499969482422,138.0,133.75,134.0500030517578,118.88994598388672,63829
2014-11-07,134.0,140.89999389648438,130.0,138.64999389648438,122.96969604492188,339620
2014-11-10,139.85000610351562,141.39999389648438,135.0500030517578,136.39999389648438,120.97415924072266,134223
2014-11-11,135.0,141.9499969482422,135.0,138.39999389648438,122.74797058105469,188112
2014-11-12,142.9499969482422,142.9499969482422,137.5,138.35000610351562,122.70364379882812,214027
2014-11-13,138.0500030517578,140.0,136.0,136.39999389648438,120.97415924072266,45085
2014-11-14,139.0,139.6999969482422,132.14999389648438,137.35000610351562,121.81672668457031,100708
2014-11-17,138.3000030517578,149.3000030517578,136.0,146.89999389648438,130.2866973876953,518496
2014-11-18,147.1999969482422,147.1999969482422,140.5,141.3000030517578,125.32000732421875,127503
2014-11-19,142.0,143.9499969482422,138.0,139.60000610351562,123.81227111816406,118636
2014-11-20,139.89999389648438,141.4499969482422,136.1999969482422,137.10000610351562,121.59498596191406,30293
2014-11-21,139.9499969482422,139.9499969482422,132.5,134.14999389648438,118.97859954833984,100708
2014-11-24,134.14999389648438,134.89999389648438,126.8499984741211,127.69999694824219,113.258056640625,736928
2014-11-25,129.75,131.0,120.55000305175781,123.8499984741211,109.84346771240234,138880
2014-11-26,123.0999984741211,128.89999389648438,122.05000305175781,127.69999694824219,113.258056640625,81567
2014-11-27,129.39999389648438,130.89999389648438,126.5999984741211,128.14999389648438,113.65716552734375,82692
2014-11-28,128.14999389648438,131.89999389648438,126.0999984741211,126.6500015258789,112.3268051147461,49104
2014-12-01,126.44999694824219,128.9499969482422,124.6500015258789,126.19999694824219,111.92769622802734,40910
2014-12-02,126.0999984741211,128.39999389648438,125.1500015258789,126.0999984741211,111.8390121459961,366416
2014-12-03,126.0999984741211,127.0,122.0,124.80000305175781,110.68604278564453,76101
2014-12-04,125.0,127.80000305175781,124.0999984741211,126.6500015258789,112.3268051147461,101252
2014-12-05,127.0,132.4499969482422,125.94999694824219,127.94999694824219,113.47978973388672,106723
2014-12-08,128.9499969482422,133.9499969482422,128.6999969482422,132.5,117.51521301269531,126748
2014-12-09,131.8000030517578,132.5,127.0999984741211,128.35000610351562,113.83454895019531,77572
2014-12-10,129.0,131.14999389648438,127.0,128.5,113.96759796142578,55733
2014-12-11,125.0999984741211,130.89999389648438,125.0999984741211,128.6999969482422,114.14495849609375,21068
2014-12-12,128.1999969482422,129.8000030517578,124.5999984741211,125.94999694824219,111.70597076416016,32762
2014-12-15,125.05000305175781,127.94999694824219,124.0,124.9000015258789,110.77471160888672,37739
2014-12-16,125.05000305175781,125.69999694824219,112.6500015258789,117.55000305175781,104.25595092773438,91194
2014-12-17,118.69999694824219,120.80000305175781,114.0,117.5999984741211,104.30030059814453,41212
2014-12-18,119.0,123.19999694824219,119.0,122.3499984741211,108.51310729980469,21100
2014-12-19,123.75,127.0,122.80000305175781,124.3499984741211,110.28691864013672,32989
2014-12-22,124.3499984741211,129.0,123.8499984741211,127.30000305175781,112.9032974243164,54268
2014-12-23,127.44999694824219,128.9499969482422,121.0999984741211,123.44999694824219,109.48870086669922,31305
2014-12-24,124.0,127.0,121.0,124.94999694824219,110.81906127929688,15957
2014-12-26,124.1500015258789,126.94999694824219,121.05000305175781,123.4000015258789,109.4443588256836,29160
2014-12-29,125.44999694824219,125.9000015258789,123.44999694824219,124.3499984741211,110.28691864013672,29032
2014-12-30,124.80000305175781,126.4000015258789,122.30000305175781,125.6500015258789,111.43989562988281,27188
2014-12-31,126.0,131.9499969482422,123.0999984741211,130.6999969482422,115.91876983642578,99077
2015-01-01,130.14999389648438,133.0,127.25,132.10000610351562,117.16045379638672,53254
2015-01-02,134.6999969482422,137.0,133.0500030517578,136.14999389648438,120.75243377685547,100450
2015-01-05,137.5,140.0,136.60000610351562,137.64999389648438,122.08279418945312,63989
2015-01-06,138.89999389648438,138.89999389648438,131.0,132.25,117.29348754882812,39253
2015-01-07,132.8000030517578,134.35000610351562,126.5,131.39999389648438,116.53960418701172,53867
2015-01-08,133.9499969482422,134.8000030517578,130.25,133.64999389648438,118.53517150878906,62063
2015-01-09,136.9499969482422,137.5500030517578,132.9499969482422,134.10000610351562,118.93425750732422,34174
2015-01-12,139.0,146.5,136.0,138.39999389648438,122.74797058105469,236855
2015-01-13,139.6999969482422,141.25,135.5500030517578,136.75,121.28459167480469,88456
2015-01-14,138.64999389648438,139.89999389648438,134.0500030517578,135.35000610351562,120.04290771484375,32866
2015-01-15,138.0,143.5,135.89999389648438,138.60000610351562,122.92535400390625,110925
2015-01-16,140.60000610351562,141.89999389648438,133.4499969482422,135.0,119.73248291015625,104744
2015-01-19,136.0,138.0,134.0500030517578,135.60000610351562,120.26463317871094,36932
2015-01-20,135.5,139.0,135.39999389648438,136.25,120.84111785888672,274252
2015-01-21,138.4499969482422,139.0,136.0,136.4499969482422,121.01850891113281,33996
2015-01-22,136.0500030517578,138.0,135.10000610351562,136.8000030517578,121.32891845703125,34081
2015-01-23,136.9499969482422,137.89999389648438,134.1999969482422,135.3000030517578,119.99855041503906,36058
2015-01-27,135.0,136.8000030517578,131.89999389648438,132.39999389648438,117.42652130126953,24970
2015-01-28,133.0,135.89999389648438,131.5,133.25,118.18041229248047,37616
2015-01-29,132.60000610351562,136.5,132.0,133.5,118.40213012695312,15997
2015-01-30,133.5,134.39999389648438,130.0,133.10000610351562,118.04735565185547,17511
2015-02-02,133.25,136.5,132.0,134.35000610351562,119.15601348876953,23328
2015-02-03,133.5500030517578,135.9499969482422,133.25,134.14999389648438,118.97859954833984,26724
2015-02-04,134.3000030517578,135.5,131.8000030517578,132.60000610351562,117.60391235351562,23261
2015-02-05,133.0,133.9499969482422,130.1999969482422,131.64999389648438,116.76134490966797,32686
2015-02-06,133.5,133.5,120.6500015258789,124.94999694824219,110.81906127929688,66213
2015-02-09,124.0,126.0,120.6500015258789,124.3499984741211,110.28691864013672,16819
2015-02-10,125.0,126.4000015258789,124.1500015258789,125.19999694824219,111.0407943725586,18955
2015-02-11,125.69999694824219,132.75,125.69999694824219,130.39999389648438,115.65270233154297,35358
2015-02-12,130.39999389648438,137.4499969482422,130.39999389648438,136.25,120.84111785888672,52977
2015-02-13,138.0,146.39999389648438,135.39999389648438,144.64999389648438,128.29115295410156,327396
2015-02-16,144.9499969482422,148.4499969482422,138.5,139.89999389648438,124.07833099365234,168165
2015-02-18,142.5,143.9499969482422,138.5,142.75,126.60601043701172,99558
2015-02-19,142.5,147.0,140.0500030517578,142.5500030517578,126.42864990234375,83582
2015-02-20,143.89999389648438,143.89999389648438,139.60000610351562,140.5500030517578,124.65483856201172,37693
2015-02-23,142.1999969482422,143.8000030517578,131.9499969482422,136.89999389648438,121.41761016845703,86538
2015-02-24,137.0,142.8000030517578,132.10000610351562,141.10000610351562,125.14261627197266,136449
2015-02-25,143.89999389648438,144.0,140.0,142.35000610351562,126.25126647949219,74787
2015-02-26,141.0,145.1999969482422,139.0,141.14999389648438,125.18698120117188,94333
2015-02-27,141.0,142.9499969482422,139.0,140.89999389648438,124.96524810791016,48030
2015-03-02,141.0500030517578,143.1999969482422,140.64999389648438,141.25,125.27564239501953,25870
2015-03-03,141.0,142.3000030517578,139.60000610351562,141.39999389648438,125.40868377685547,24909
2015-03-04,141.35000610351562,146.0,140.75,141.6999969482422,125.67476654052734,61778
2015-03-05,145.5500030517578,145.60000610351562,141.35000610351562,143.9499969482422,127.6702880859375,50358
2015-03-09,143.9499969482422,148.0,141.60000610351562,146.35000610351562,129.79891967773438,65931
2015-03-10,147.4499969482422,153.9499969482422,144.0500030517578,145.4499969482422,129.00067138671875,73449
2015-03-11,145.25,147.9499969482422,141.0,141.75,125.71910095214844,31824
2015-03-12,141.5500030517578,143.8000030517578,137.60000610351562,139.39999389648438,123.63487243652344,22455
2015-03-13,139.5500030517578,142.1999969482422,135.0,138.25,122.61494445800781,1494415
2015-03-16,139.14999389648438,143.3000030517578,134.1999969482422,136.0,120.61939239501953,45560
2015-03-17,136.0500030517578,138.6999969482422,133.35000610351562,134.75,119.51077270507812,27584
2015-03-18,135.75,141.0,135.6999969482422,138.9499969482422,123.23577880859375,28585
2015-03-19,139.4499969482422,143.85000610351562,135.9499969482422,136.9499969482422,121.46195983886719,46210
2015-03-20,136.5500030517578,140.0,135.5,136.6999969482422,121.24020385742188,27266
2015-03-23,137.25,137.9499969482422,133.64999389648438,135.60000610351562,120.26463317871094,127490
2015-03-24,136.0,136.0500030517578,132.89999389648438,135.0,119.73248291015625,70251
2015-03-25,134.0500030517578,140.0,132.0,133.0,117.95866394042969,56817
2015-03-26,133.9499969482422,137.0,131.0500030517578,134.10000610351562,118.93425750732422,32985
2015-03-27,133.5500030517578,136.8000030517578,132.10000610351562,133.89999389648438,118.75688171386719,91284
2015-03-30,133.0500030517578,134.39999389648438,131.75,132.5,117.51521301269531,61079
2015-03-31,133.6999969482422,133.6999969482422,131.0,131.5500030517578,116.67266082763672,58459
2015-04-01,132.0,133.0,130.5500030517578,131.14999389648438,116.31788635253906,52300
2015-04-06,130.5,131.8000030517578,130.0,130.6999969482422,115.91876983642578,37123
2015-04-07,131.8000030517578,132.85000610351562,126.75,129.10000610351562,114.49974060058594,78027
2015-04-08,130.39999389648438,131.6999969482422,129.4499969482422,129.9499969482422,115.25360870361328,82938
2015-04-09,131.3000030517578,131.8000030517578,128.89999389648438,129.89999389648438,115.20924377441406,55856
2015-04-10,129.64999389648438,130.1999969482422,127.30000305175781,129.10000610351562,114.49974060058594,27017
2015-04-13,129.85000610351562,130.0,127.55000305175781,129.3000030517578,114.67711639404297,18731
2015-04-15,129.3000030517578,130.0,127.44999694824219,128.25,113.74585723876953,18801
2015-04-16,128.0,130.5,127.0999984741211,128.35000610351562,113.83454895019531,48359
2015-04-17,130.0,130.3000030517578,127.1500015258789,127.69999694824219,113.258056640625,16772
2015-04-20,127.80000305175781,128.0,125.19999694824219,126.25,111.97203826904297,40618
2015-04-21,129.75,129.75,124.05000305175781,125.44999694824219,111.26251983642578,28615
2015-04-22,125.30000305175781,126.5,123.5,123.75,109.75476837158203,24079
2015-04-23,125.5,125.5,120.55000305175781,121.94999694824219,108.1583480834961,28147
2015-04-24,121.80000305175781,123.9000015258789,112.19999694824219,114.5,101.55087280273438,31733
2015-04-27,115.69999694824219,120.94999694824219,101.6500015258789,118.44999694824219,105.05416870117188,193846
2015-04-28,118.44999694824219,122.0,115.5,118.25,104.87679290771484,32363
2015-04-29,117.55000305175781,117.55000305175781,113.30000305175781,115.3499984741211,102.30475616455078,13058
2015-04-30,115.75,118.05000305175781,114.5,115.30000305175781,102.26042175292969,46296
2015-05-04,117.94999694824219,138.35000610351562,115.0,127.8499984741211,113.3910903930664,190400
2015-05-05,129.39999389648438,135.39999389648438,125.05000305175781,128.5,113.96759796142578,104605
2015-05-06,128.0500030517578,129.8000030517578,120.0,120.8499984741211,107.18275451660156,23234
2015-05-07,123.94999694824219,128.9499969482422,116.05000305175781,120.1500015258789,106.56192016601562,31010
2015-05-08,125.9000015258789,129.39999389648438,122.0,124.1500015258789,110.10954284667969,44941
2015-05-11,123.69999694824219,127.5,123.0,123.69999694824219,109.71043395996094,24954
2015-05-12,123.5999984741211,124.80000305175781,122.5,123.5999984741211,109.62173461914062,10118
2015-05-13,124.8499984741211,125.80000305175781,123.0,124.30000305175781,110.24258422851562,11551
2015-05-14,123.94999694824219,134.64999389648438,123.0,132.5500030517578,117.55958557128906,62707
2015-05-15,133.35000610351562,136.5,127.0999984741211,127.75,113.30241394042969,109818
2015-05-18,126.80000305175781,133.0,126.05000305175781,129.64999389648438,114.9875259399414,36498
2015-05-19,127.5999984741211,127.5999984741211,118.0,119.05000305175781,105.58633422851562,103555
2015-05-20,120.0,123.0,116.0999984741211,118.5999984741211,105.18720245361328,53173
2015-05-21,117.0,120.44999694824219,117.0,117.80000305175781,104.47769165039062,24721
2015-05-22,118.4000015258789,118.4000015258789,115.0,115.5999984741211,102.52648162841797,27257
2015-05-25,117.44999694824219,117.44999694824219,114.69999694824219,115.44999694824219,102.39344024658203,13629
2015-05-26,115.55000305175781,116.30000305175781,114.80000305175781,115.0999984741211,102.0830307006836,10258
2015-05-27,115.0,115.80000305175781,114.5,115.3499984741211,102.30475616455078,16848
2015-05-28,117.75,117.80000305175781,107.0,112.05000305175781,99.37796020507812,1029863
2015-05-29,114.0,122.9000015258789,113.0,119.1500015258789,105.67500305175781,115329
2015-06-01,119.80000305175781,119.80000305175781,114.75,116.9000015258789,103.6794662475586,18611
2015-06-02,118.4000015258789,119.0,113.0,114.0999984741211,101.19613647460938,12854
2015-06-03,114.0999984741211,114.5,101.0999984741211,108.5999984741211,96.31813049316406,24713
2015-06-04,108.6500015258789,112.0,105.19999694824219,106.6500015258789,94.58866119384766,20582
2015-06-05,107.94999694824219,107.94999694824219,102.30000305175781,102.6500015258789,91.04104614257812,38554
2015-06-08,106.30000305175781,106.30000305175781,98.8499984741211,99.6500015258789,88.38032531738281,20614
2015-06-09,100.4000015258789,101.5,97.05000305175781,99.30000305175781,88.06988525390625,82200
2015-06-10,100.0,101.80000305175781,99.19999694824219,100.19999694824219,88.86811065673828,10570
2015-06-11,100.25,101.80000305175781,97.0999984741211,97.94999694824219,86.87256622314453,13175
2015-06-12,97.5,98.9000015258789,96.0,97.44999694824219,86.42910766601562,10307
2015-06-15,99.0,102.0,97.55000305175781,100.94999694824219,89.53329467773438,17489
2015-06-16,101.0,101.5,98.94999694824219,100.44999694824219,89.08983612060547,8060
2015-06-17,100.1500015258789,106.0,99.0999984741211,103.6500015258789,91.92794799804688,36734
2015-06-18,104.0,105.75,102.05000305175781,103.5,91.79490661621094,27696
2015-06-19,103.0,111.0,102.0,106.69999694824219,94.63300323486328,49627
2015-06-22,106.69999694824219,110.69999694824219,105.0,108.0,95.78598022460938,25191
2015-06-23,110.80000305175781,110.9000015258789,106.1500015258789,108.30000305175781,96.05206298828125,20535
2015-06-24,107.3499984741211,112.80000305175781,107.0,107.8499984741211,95.6529541015625,25364
2015-06-25,107.19999694824219,109.4000015258789,106.1500015258789,107.8499984741211,95.6529541015625,8987
2015-06-26,107.25,109.0,106.0,106.1500015258789,94.14520263671875,12992
2015-06-29,104.0,106.80000305175781,102.55000305175781,105.30000305175781,93.3913345336914,13659
2015-06-30,104.5,107.4000015258789,103.69999694824219,106.5,94.45562744140625,3674
2015-07-01,106.4000015258789,108.19999694824219,106.4000015258789,107.19999694824219,95.07646179199219,9571
2015-07-02,107.75,108.94999694824219,106.0,106.69999694824219,94.63300323486328,11292
2015-07-03,106.1500015258789,109.0,106.0999984741211,108.1500015258789,95.91902160644531,19151
2015-07-06,106.0,109.80000305175781,104.0,105.25,93.34700012207031,133968
2015-07-07,105.1500015258789,107.6500015258789,105.0,105.5,93.5687255859375,38552
2015-07-08,104.75,106.9000015258789,103.05000305175781,104.3499984741211,92.54878234863281,21282
2015-07-09,104.8499984741211,105.75,98.19999694824219,101.25,89.79936218261719,123954
2015-07-10,102.0,103.75,98.80000305175781,101.25,89.79936218261719,36564
2015-07-13,104.44999694824219,104.44999694824219,100.0999984741211,102.5999984741211,90.9966812133789,44660
2015-07-14,102.8499984741211,105.9000015258789,102.8499984741211,104.19999694824219,92.41574096679688,41117
2015-07-15,104.75,109.4000015258789,104.0,108.4000015258789,97.5449447631836,58566
2015-07-16,107.19999694824219,118.80000305175781,105.6500015258789,114.6500015258789,104.61673736572266,142293
2015-07-17,113.0,119.9000015258789,112.5,117.3499984741211,107.0804443359375,104743
2015-07-20,117.75,132.8000030517578,116.0,122.05000305175781,111.36914825439453,302103
2015-07-21,120.5,123.3499984741211,117.1500015258789,118.0,107.67356872558594,127326
2015-07-22,117.5,120.69999694824219,115.19999694824219,119.0999984741211,108.67729949951172,43559
2015-07-23,119.5999984741211,123.3499984741211,108.9000015258789,110.0,100.3736572265625,155241
2015-07-24,110.0999984741211,115.9000015258789,110.0999984741211,113.25,103.33924102783203,74862
2015-07-27,113.05000305175781,113.0999984741211,105.19999694824219,105.55000305175781,96.3130874633789,76496
2015-07-28,106.80000305175781,109.69999694824219,106.55000305175781,108.25,98.77680969238281,48307
2015-07-29,108.5999984741211,111.9000015258789,107.94999694824219,111.05000305175781,101.33177947998047,40806
2015-07-30,112.75,114.6500015258789,111.0999984741211,112.75,102.88300323486328,34878
2015-07-31,113.94999694824219,115.0,110.0,110.75,101.05802917480469,28674
2015-08-03,112.0,116.0,111.0999984741211,114.0,104.02360534667969,43140
2015-08-04,114.0,114.0,110.0,111.44999694824219,101.69676971435547,37903
2015-08-05,111.55000305175781,114.5,111.0,111.5999984741211,101.8336410522461,32607
2015-08-06,113.3499984741211,114.0,111.5999984741211,112.3499984741211,102.51800537109375,22594
2015-08-07,112.8499984741211,115.5999984741211,107.55000305175781,108.3499984741211,98.86805725097656,128520
2015-08-10,108.5,114.0,108.5,113.30000305175781,103.38488006591797,837834
2015-08-11,117.05000305175781,118.9000015258789,113.80000305175781,117.6500015258789,107.35419464111328,655301
2015-08-12,118.4000015258789,119.0,112.80000305175781,114.19999694824219,104.20611572265625,161522
2015-08-13,115.05000305175781,117.55000305175781,109.0,113.4000015258789,103.47612762451172,54762
2015-08-14,114.4000015258789,115.0,110.4000015258789,114.19999694824219,104.20611572265625,33962
2015-08-17,114.44999694824219,118.05000305175781,113.19999694824219,115.0999984741211,105.02735137939453,32303
2015-08-18,115.5,119.0,115.0,116.75,106.532958984375,26857
2015-08-19,116.4000015258789,117.6500015258789,114.25,115.19999694824219,105.11860656738281,70742
2015-08-20,112.0999984741211,115.80000305175781,110.3499984741211,113.19999694824219,103.29362487792969,36199
2015-08-21,111.94999694824219,116.0,110.0,114.3499984741211,104.34298706054688,35690
2015-08-24,111.5,114.0,105.0,111.3499984741211,101.60550689697266,62890
2015-08-25,112.0,121.0,111.5,114.1500015258789,104.16049194335938,90560
2015-08-26,113.05000305175781,117.75,112.0999984741211,113.1500015258789,103.24800872802734,9479
2015-08-27,113.0999984741211,118.5,113.0,117.19999694824219,106.94358825683594,38276
2015-08-28,118.0,118.9000015258789,115.1500015258789,115.25,105.16422271728516,19733
2015-08-31,115.1500015258789,115.94999694824219,112.0,115.19999694824219,105.11860656738281,8257
2015-09-01,114.5,115.69999694824219,113.05000305175781,115.4000015258789,105.30110168457031,21610
2015-09-02,116.0,117.0,114.9000015258789,115.1500015258789,105.07298278808594,13553
2015-09-03,116.25,117.5,115.3499984741211,115.9000015258789,105.7573471069336,13967
2015-09-04,114.5,118.9000015258789,114.5,117.94999694824219,107.62794494628906,27030
2015-09-07,117.0,117.0,110.1500015258789,111.0999984741211,101.37738800048828,17596
2015-09-08,111.0999984741211,112.80000305175781,104.0999984741211,107.6500015258789,98.22931671142578,25924
2015-09-09,109.30000305175781,115.0,109.30000305175781,114.30000305175781,104.29737091064453,12064
2015-09-10,113.0999984741211,115.0,110.30000305175781,114.3499984741211,104.34298706054688,6914
2015-09-11,115.0,115.0,111.05000305175781,111.94999694824219,102.15301513671875,76319
2015-09-14,114.19999694824219,114.19999694824219,111.5999984741211,112.5,102.6548843383789,6752
2015-09-15,116.9000015258789,116.9000015258789,112.55000305175781,114.69999694824219,104.662353515625,10093
2015-09-16,113.0999984741211,115.75,113.0999984741211,114.6500015258789,104.61673736572266,14233
2015-09-18,114.30000305175781,118.75,114.30000305175781,117.19999694824219,106.94358825683594,18138
2015-09-21,117.0,117.30000305175781,115.0,116.5,106.30484008789062,15076
2015-09-22,116.0999984741211,120.80000305175781,114.3499984741211,117.0,106.76107025146484,50626
2015-09-23,116.94999694824219,117.94999694824219,114.05000305175781,116.3499984741211,106.16796112060547,16379
2015-09-24,116.05000305175781,117.9000015258789,115.19999694824219,115.3499984741211,105.2554702758789,5201
2015-09-28,116.0,117.69999694824219,113.5,114.25,104.2517318725586,14976
2015-09-29,113.80000305175781,123.9000015258789,113.05000305175781,119.19999694824219,108.7685546875,32106
2015-09-30,122.0,122.0,118.6500015258789,119.25,108.81417846679688,10262
2015-10-01,120.0,122.0,118.0,119.0,108.58605194091797,8148
2015-10-05,119.5,121.80000305175781,117.5,120.0999984741211,109.58979034423828,19132
2015-10-06,120.0999984741211,121.5,118.0,119.0999984741211,108.67729949951172,13058
2015-10-07,118.3499984741211,123.6500015258789,118.3499984741211,121.05000305175781,110.45664978027344,21201
2015-10-08,121.0,123.30000305175781,119.19999694824219,122.8499984741211,112.09913635253906,28954
2015-10-09,123.44999694824219,125.44999694824219,118.19999694824219,121.5,110.86726379394531,32860
2015-10-12,121.5,127.0,121.5,124.4000015258789,113.51349639892578,26940
2015-10-13,125.0,127.44999694824219,122.0999984741211,126.1500015258789,115.11034393310547,20370
2015-10-14,126.0,132.89999389648438,124.0,128.14999389648438,116.9353256225586,51839
2015-10-15,129.0,132.75,127.5,130.5500030517578,119.12529754638672,24016
2015-10-16,128.0500030517578,134.5,128.0500030517578,128.89999389648438,117.61967468261719,343203
2015-10-19,129.0,130.0,127.0,129.35000610351562,118.03031158447266,21525
2015-10-20,128.1999969482422,131.6999969482422,128.14999389648438,130.9499969482422,119.49028778076172,371719
2015-10-21,132.0,132.6999969482422,130.0,131.9499969482422,120.40277862548828,20464
2015-10-23,132.60000610351562,134.5,130.6999969482422,132.35000610351562,120.76776885986328,13425
2015-10-26,132.5500030517578,134.39999389648438,131.0,132.14999389648438,120.58527374267578,13289
2015-10-27,131.5500030517578,140.85000610351562,130.0500030517578,135.4499969482422,123.59648895263672,83134
2015-10-28,135.0,143.5,133.64999389648438,141.5,129.11703491210938,53958
2015-10-29,140.10000610351562,152.39999389648438,140.10000610351562,144.1999969482422,131.5807342529297,150751
2015-10-30,146.0,153.89999389648438,143.0,144.35000610351562,131.71762084960938,160752
2015-11-02,143.39999389648438,145.9499969482422,141.1999969482422,144.25,131.62635803222656,40445
2015-11-03,142.10000610351562,149.75,142.10000610351562,144.0500030517578,131.44387817382812,55123
2015-11-04,144.25,149.3000030517578,140.4499969482422,142.75,130.25762939453125,54210
2015-11-05,144.0,144.0,140.10000610351562,140.4499969482422,128.158935546875,31761
2015-11-06,142.0,142.0,137.0,139.9499969482422,127.70269775390625,17381
2015-11-09,134.9499969482422,148.39999389648438,134.89999389648438,146.25,133.4513397216797,18214
2015-11-10,145.0500030517578,154.3000030517578,145.0500030517578,149.25,136.1887969970703,46502
2015-11-13,145.3000030517578,151.60000610351562,140.60000610351562,142.4499969482422,129.98390197753906,32757
2015-11-16,144.9499969482422,147.8000030517578,140.3000030517578,144.5500030517578,131.90011596679688,17318
2015-11-17,143.8000030517578,148.8000030517578,142.6999969482422,144.0,131.39825439453125,496817
2015-11-18,144.0,147.5,142.1999969482422,143.75,131.1701202392578,480403
2015-11-19,145.0,147.5,143.60000610351562,144.0,131.39825439453125,261742
2015-11-20,144.0500030517578,152.0,144.0500030517578,148.5500030517578,135.55006408691406,46880
2015-11-23,149.9499969482422,153.5,146.0,150.0500030517578,136.91879272460938,41341
2015-11-24,151.6999969482422,161.39999389648438,151.3000030517578,152.60000610351562,139.2456512451172,135315
2015-11-26,153.10000610351562,161.9499969482422,153.10000610351562,157.5,143.7168426513672,121596
2015-11-27,158.5,161.5,151.5,152.60000610351562,139.2456512451172,38379
2015-11-30,155.5,155.5,148.1999969482422,149.89999389648438,136.78192138671875,135531
2015-12-01,150.0500030517578,155.0,150.0,152.25,138.92626953125,31957
2015-12-02,155.0,159.8000030517578,152.3000030517578,154.6999969482422,141.161865234375,59453
2015-12-03,155.3000030517578,160.89999389648438,153.6999969482422,154.5500030517578,141.02499389648438,37344
2015-12-04,155.0,157.89999389648438,146.1999969482422,147.85000610351562,134.9113311767578,35515
2015-12-07,149.9499969482422,153.0,149.0500030517578,151.6999969482422,138.42440795898438,22840
2015-12-08,152.25,157.0,149.5,150.0,136.87319946289062,34006
2015-12-09,151.85000610351562,151.85000610351562,144.0500030517578,145.25,132.53883361816406,56562
2015-12-10,147.10000610351562,152.4499969482422,147.10000610351562,150.5,137.3294219970703,30543
2015-12-11,150.0500030517578,151.4499969482422,146.0500030517578,147.85000610351562,134.9113311767578,21550
2015-12-14,148.85000610351562,149.39999389648438,147.0,148.75,135.73255920410156,32104
2015-12-15,150.6999969482422,152.0500030517578,147.0,148.10000610351562,135.1394500732422,20524
2015-12-16,147.0500030517578,149.0500030517578,146.0,146.64999389648438,133.8163299560547,9601
2015-12-17,144.3000030517578,150.0,144.3000030517578,148.0500030517578,135.0938262939453,8240
2015-12-18,147.1999969482422,149.9499969482422,144.0,144.9499969482422,132.26510620117188,17378
2015-12-21,149.0,149.0,143.8000030517578,145.1999969482422,132.49322509765625,24004
2015-12-22,144.25,146.35000610351562,141.25,141.8000030517578,129.3907928466797,14361
2015-12-23,144.25,146.25,141.10000610351562,141.5500030517578,129.16265869140625,16217
2015-12-24,142.0500030517578,142.0500030517578,136.1999969482422,136.85000610351562,124.87396240234375,37282
2015-12-28,137.6999969482422,137.6999969482422,135.5500030517578,136.14999389648438,124.2352294921875,19620
2015-12-29,131.0,138.0,131.0,136.0500030517578,124.14396667480469,17879
2015-12-30,138.0,139.89999389648438,134.35000610351562,137.35000610351562,125.3302230834961,18677
2015-12-31,137.5,141.0,136.89999389648438,140.5,128.2045440673828,22711
2016-01-01,140.4499969482422,142.1999969482422,138.8000030517578,139.4499969482422,127.24645233154297,11663
2016-01-04,139.0500030517578,141.0,135.14999389648438,137.25,125.23894500732422,42125
2016-01-05,138.0,141.3000030517578,138.0,140.0,127.748291015625,16209
2016-01-06,141.89999389648438,145.8000030517578,138.0,142.75,130.25762939453125,32917
2016-01-07,142.35000610351562,148.39999389648438,138.5500030517578,141.0,128.66079711914062,45422
2016-01-08,140.89999389648438,143.89999389648438,138.5,139.8000030517578,127.5658187866211,20919
2016-01-11,139.9499969482422,144.85000610351562,136.39999389648438,142.10000610351562,129.66452026367188,72832
2016-01-12,142.35000610351562,147.8000030517578,141.0,142.9499969482422,130.4401397705078,545496
2016-01-13,145.9499969482422,146.0,133.10000610351562,137.8000030517578,125.74082946777344,23044
2016-01-14,137.0,137.0,130.0500030517578,132.4499969482422,120.85900115966797,20155
2016-01-15,133.14999389648438,139.0,132.5500030517578,134.0,122.27337646484375,11805
2016-01-18,136.0,136.0,125.5,127.0,115.88594818115234,11364
2016-01-19,127.05000305175781,134.39999389648438,125.25,130.5500030517578,119.12529754638672,10836
2016-01-20,129.5,134.5,125.69999694824219,128.3000030517578,117.07220458984375,14211
2016-01-21,128.0500030517578,130.0,126.55000305175781,127.25,116.11407470703125,5629
2016-01-22,127.25,132.0,127.25,128.8000030517578,117.52845001220703,3894
2016-01-25,128.0,131.9499969482422,117.0,118.5,108.12981414794922,32343
2016-01-27,118.75,122.0,118.0,118.8499984741211,108.44918823242188,4484
2016-01-28,118.0,121.80000305175781,116.44999694824219,117.55000305175781,107.2629623413086,5357
2016-01-29,118.0,119.75,117.55000305175781,118.5,108.12981414794922,4813
2016-02-01,118.5,119.5999984741211,116.5,116.94999694824219,106.71546173095703,7686
2016-02-02,117.05000305175781,118.0,114.5,115.55000305175781,105.43797302246094,6059
2016-02-03,114.80000305175781,115.0,112.30000305175781,113.05000305175781,103.15675354003906,3014
2016-02-04,113.0999984741211,117.4000015258789,111.0,112.55000305175781,102.70050811767578,52072
2016-02-05,115.9000015258789,120.44999694824219,113.0,116.75,106.532958984375,8374
2016-02-08,112.0,115.05000305175781,107.75,112.5999984741211,102.74612426757812,14480
2016-02-09,112.55000305175781,112.55000305175781,107.69999694824219,110.25,100.60177612304688,13510
2016-02-10,112.5,122.0999984741211,109.6500015258789,115.55000305175781,105.43797302246094,13573
2016-02-11,114.8499984741211,120.94999694824219,112.5,114.5,104.47985076904297,10972
2016-02-12,113.05000305175781,117.5999984741211,110.0,115.0,104.93609619140625,537662
2016-02-15,117.9000015258789,119.0,112.0,113.5999984741211,103.65861511230469,12800
2016-02-16,115.69999694824219,115.69999694824219,111.1500015258789,111.80000305175781,102.0161361694336,1787
2016-02-17,114.5999984741211,115.0,108.0,110.94999694824219,101.24052429199219,10366
2016-02-18,114.69999694824219,114.8499984741211,108.5,109.3499984741211,99.78054809570312,5589
2016-02-19,109.0,111.30000305175781,109.0,110.05000305175781,100.41928100585938,2678
2016-02-22,112.94999694824219,114.0,110.5,112.6500015258789,102.79175567626953,2100
2016-02-23,114.0,114.0,111.69999694824219,112.0999984741211,102.28988647460938,1459
2016-02-24,111.5,112.44999694824219,110.05000305175781,111.0,101.28614044189453,86261
2016-02-25,110.6500015258789,111.94999694824219,105.6500015258789,109.6500015258789,100.0542984008789,180275
2016-02-26,110.30000305175781,112.9000015258789,109.0,110.0,100.3736572265625,15219
2016-02-29,110.0,111.5,105.0,105.8499984741211,96.58684539794922,9493
2016-03-01,108.25,109.8499984741211,107.5,108.30000305175781,98.82244110107422,3543
2016-03-02,110.0,111.94999694824219,109.94999694824219,110.8499984741211,101.1492691040039,24549
2016-03-03,110.69999694824219,113.80000305175781,110.6500015258789,112.5999984741211,102.74612426757812,3623
2016-03-04,112.30000305175781,115.0,112.30000305175781,114.6500015258789,104.61673736572266,2902
2016-03-08,117.0,117.5,114.0,116.44999694824219,106.25920867919922,11737
2016-03-09,116.0,117.9000015258789,113.30000305175781,116.69999694824219,106.48734283447266,2014
2016-03-10,116.19999694824219,118.80000305175781,112.55000305175781,114.80000305175781,104.75362396240234,15985
2016-03-11,114.0,116.94999694824219,114.0,115.55000305175781,105.43797302246094,4664
2016-03-14,116.0,118.0,115.0999984741211,116.1500015258789,105.9854736328125,4361
2016-03-15,115.5,117.0,113.9000015258789,115.30000305175781,105.2098617553711,7038
2016-03-16,114.5,117.0,113.5,115.94999694824219,105.80296325683594,2793
2016-03-17,113.25,116.9000015258789,113.25,115.80000305175781,105.66609954833984,4789
2016-03-18,116.9000015258789,117.0,115.0,115.9000015258789,105.7573471069336,4444
2016-03-21,116.94999694824219,117.75,115.05000305175781,117.30000305175781,108.34354400634766,10527
2016-03-22,117.0,120.0,115.4000015258789,118.4000015258789,109.35955810546875,8470
2016-03-23,120.44999694824219,125.5,118.5,122.19999694824219,112.86940002441406,16605
2016-03-28,124.69999694824219,126.3499984741211,121.0999984741211,122.0,112.6846694946289,2693
2016-03-29,122.9000015258789,122.9000015258789,116.5999984741211,121.5999984741211,112.31521606445312,1781
2016-03-30,121.05000305175781,123.4000015258789,121.05000305175781,122.6500015258789,113.28504180908203,248425
2016-03-31,123.4000015258789,126.80000305175781,123.4000015258789,124.44999694824219,114.94760131835938,7807
2016-04-01,126.3499984741211,128.60000610351562,125.94999694824219,127.3499984741211,117.62617492675781,21361
2016-04-04,129.0500030517578,130.0,125.75,127.1500015258789,117.44144439697266,8361
2016-04-05,126.80000305175781,129.25,123.6500015258789,128.0500030517578,118.27273559570312,5061
2016-04-06,126.80000305175781,129.89999389648438,126.55000305175781,127.80000305175781,118.04181671142578,74551
2016-04-07,128.0,132.0,127.0,129.5500030517578,119.658203125,463553
2016-04-08,130.0,134.0,130.0,131.6999969482422,121.64403533935547,17350
2016-04-11,129.0500030517578,131.6999969482422,128.10000610351562,129.10000610351562,119.24256134033203,61137
2016-04-12,129.14999389648438,131.6999969482422,126.30000305175781,129.85000610351562,119.93529510498047,5166
2016-04-13,132.0,132.0,128.5,129.60000610351562,119.70437622070312,12404
2016-04-18,131.89999389648438,131.89999389648438,129.0,130.14999389648438,120.21236419677734,9533
2016-04-20,129.39999389648438,129.8000030517578,127.9000015258789,128.10000610351562,118.31891632080078,70006
2016-04-21,130.0,130.9499969482422,129.10000610351562,130.14999389648438,120.21236419677734,6153
2016-04-22,129.0500030517578,131.35000610351562,129.0500030517578,130.35000610351562,120.39712524414062,4108
2016-04-25,129.10000610351562,130.64999389648438,129.0,129.85000610351562,119.93529510498047,11672
2016-04-26,129.9499969482422,131.0,129.0,129.9499969482422,120.02764129638672,11106
2016-04-27,129.9499969482422,130.0,128.8000030517578,129.10000610351562,119.24256134033203,70808
2016-04-28,129.1999969482422,129.35000610351562,122.05000305175781,123.5,114.07014465332031,12084
2016-04-29,125.0,126.0,122.5,125.0,115.45561218261719,7270
2016-05-02,127.05000305175781,127.05000305175781,123.0999984741211,123.69999694824219,114.25487518310547,2960
2016-05-03,123.0,127.44999694824219,120.0999984741211,121.69999694824219,112.40758514404297,8437
2016-05-04,124.94999694824219,124.94999694824219,120.05000305175781,120.69999694824219,111.48394012451172,5006
2016-05-05,120.0,123.0,120.0,121.6500015258789,112.36140441894531,2273
2016-05-06,120.30000305175781,124.0,120.25,121.0,111.76102447509766,4477
2016-05-09,120.5,122.0,119.80000305175781,120.05000305175781,110.88358306884766,2086
2016-05-10,120.0,121.94999694824219,119.0999984741211,119.80000305175781,110.65266418457031,4557
2016-05-11,119.25,120.6500015258789,114.75,115.05000305175781,106.26534271240234,12780
2016-05-12,117.94999694824219,118.0999984741211,115.5999984741211,116.0,107.14281463623047,5898
2016-05-13,116.05000305175781,118.80000305175781,114.0,116.05000305175781,107.18899536132812,2726
2016-05-16,116.1500015258789,116.55000305175781,115.05000305175781,116.0,107.14281463623047,3620
2016-05-17,118.0,120.5,115.55000305175781,119.05000305175781,109.95993041992188,8304
2016-05-18,124.9000015258789,124.9000015258789,118.5,119.5999984741211,110.46793365478516,4977
2016-05-19,118.80000305175781,118.80000305175781,114.30000305175781,115.55000305175781,106.72716522216797,9080
2016-05-20,117.0,117.9000015258789,114.5,115.1500015258789,106.35771942138672,3754
2016-05-23,116.0,118.0999984741211,113.0,113.0,104.37187957763672,704921
2016-05-24,115.0,115.0,111.19999694824219,112.94999694824219,104.32567596435547,11694
2016-05-25,117.0,119.0,103.75,114.9000015258789,106.12680053710938,43412
2016-05-26,115.9000015258789,116.9000015258789,111.0,115.75,106.91190338134766,8735
2016-05-27,120.94999694824219,120.94999694824219,113.80000305175781,114.9000015258789,106.12680053710938,7712
2016-05-30,115.0,116.0,114.0,114.44999694824219,105.71115112304688,9085
2016-05-31,115.5,115.5,114.0,114.80000305175781,106.03443145751953,5071
2016-06-01,115.0,115.0,113.80000305175781,114.0999984741211,105.38787841796875,4094
2016-06-02,114.94999694824219,114.94999694824219,112.69999694824219,113.3499984741211,104.69514465332031,5177
2016-06-03,114.0,114.94999694824219,113.3499984741211,113.94999694824219,105.24933624267578,10271
2016-06-06,119.69999694824219,119.69999694824219,113.0,113.80000305175781,105.11079406738281,8375
2016-06-07,114.0,114.69999694824219,111.05000305175781,113.94999694824219,105.24933624267578,4887
2016-06-08,116.0,116.0,113.80000305175781,114.75,105.98825073242188,5520
2016-06-09,116.0,116.0,112.94999694824219,113.05000305175781,104.41806030273438,10618
2016-06-10,114.0,114.9000015258789,112.5,112.55000305175781,103.95623016357422,20322
2016-06-13,113.8499984741211,113.8499984741211,111.1500015258789,111.9000015258789,103.3558578491211,5331
2016-06-14,112.94999694824219,112.94999694824219,109.0,109.94999694824219,101.55475616455078,23061
2016-06-15,112.94999694824219,112.94999694824219,107.0,109.75,101.3700180053711,274836
2016-06-16,111.9000015258789,114.9000015258789,109.80000305175781,110.3499984741211,101.9242172241211,42069
2016-06-17,111.0,114.0,110.94999694824219,111.44999694824219,102.94022369384766,10417
2016-06-20,111.0,114.0999984741211,111.0,113.8499984741211,105.15696716308594,8618
2016-06-21,114.0,114.0,110.44999694824219,113.4000015258789,104.74132537841797,5322
2016-06-22,114.0,114.0999984741211,110.8499984741211,112.6500015258789,104.04859161376953,4520
2016-06-23,113.80000305175781,113.80000305175781,110.0,110.5999984741211,102.1551284790039,7210
2016-06-24,109.5,113.0,107.05000305175781,112.0999984741211,103.54059600830078,12138
2016-06-27,112.25,115.75,110.0999984741211,115.30000305175781,106.49625396728516,8313
2016-06-28,117.5999984741211,118.3499984741211,112.0999984741211,113.75,105.06461334228516,13004
2016-06-29,114.25,117.44999694824219,113.5,116.5999984741211,107.6969985961914,7767
2016-06-30,115.55000305175781,118.0,115.1500015258789,115.9000015258789,107.05045318603516,7803
2016-07-01,118.8499984741211,118.8499984741211,115.55000305175781,116.69999694824219,107.78936004638672,6714
2016-07-04,119.0,120.0,115.8499984741211,119.4000015258789,110.283203125,13925
2016-07-05,119.0,120.3499984741211,118.0,118.1500015258789,109.1286392211914,16217
2016-07-07,118.0,120.0,116.0999984741211,116.44999694824219,107.5584487915039,6048
2016-07-08,119.80000305175781,119.80000305175781,114.05000305175781,114.75,105.98825073242188,6292
2016-07-11,119.75,119.80000305175781,113.9000015258789,114.25,105.52642822265625,18856
2016-07-12,117.0,117.0,113.4000015258789,114.30000305175781,105.57262420654297,12047
2016-07-13,114.0,117.75,113.3499984741211,114.19999694824219,105.4802474975586,5061
2016-07-14,118.94999694824219,118.94999694824219,113.94999694824219,115.6500015258789,106.81953430175781,15002
2016-07-15,115.0,118.30000305175781,114.1500015258789,114.6500015258789,105.89588165283203,6262
2016-07-18,118.9000015258789,118.9000015258789,112.25,113.0,104.37187957763672,9969
2016-07-19,115.94999694824219,115.94999694824219,112.4000015258789,112.94999694824219,104.32567596435547,5311
2016-07-20,114.6500015258789,114.6500015258789,112.05000305175781,112.94999694824219,104.32567596435547,5966
2016-07-21,114.94999694824219,122.5,112.0,112.5999984741211,104.00241088867188,24620
2016-07-22,115.0,115.0,112.0,113.0,104.37187957763672,6912
2016-07-25,112.4000015258789,114.0,112.0,112.4000015258789,103.81768035888672,24834
2016-07-26,113.0,113.0,112.05000305175781,112.30000305175781,103.72532653808594,15514
2016-07-27,114.94999694824219,116.0,110.0,110.69999694824219,102.24748229980469,19273
2016-07-28,112.0,116.0,105.0,112.69999694824219,104.09477996826172,559201
2016-07-29,113.0,115.0,112.69999694824219,114.44999694824219,105.71115112304688,15698
2016-08-01,114.80000305175781,115.94999694824219,113.0999984741211,113.80000305175781,105.11079406738281,8592
2016-08-02,115.94999694824219,118.0,113.0999984741211,114.0,105.29550170898438,31552
2016-08-03,114.5,115.94999694824219,112.80000305175781,114.0,105.29550170898438,10041
2016-08-04,116.19999694824219,116.19999694824219,112.80000305175781,114.4000015258789,105.66497802734375,10450
2016-08-05,115.5,115.5,113.0,113.19999694824219,104.55659484863281,17595
2016-08-08,115.25,115.94999694824219,113.69999694824219,114.0,105.29550170898438,11356
2016-08-09,118.0,118.0,113.0,114.55000305175781,105.80353546142578,13589
2016-08-10,115.0,115.94999694824219,113.0,113.55000305175781,104.87989044189453,3861
2016-08-11,114.8499984741211,116.44999694824219,110.4000015258789,115.4000015258789,106.588623046875,29032
2016-08-12,115.5,117.80000305175781,114.0999984741211,114.3499984741211,105.6187973022461,18404
2016-08-16,115.55000305175781,116.9000015258789,114.05000305175781,115.0,106.21916198730469,20882
2016-08-17,116.44999694824219,117.05000305175781,115.0,115.6500015258789,106.81953430175781,22338
2016-08-18,117.80000305175781,123.9000015258789,117.80000305175781,118.75,109.6828384399414,52586
2016-08-19,120.5,121.5,118.0,119.30000305175781,110.19084930419922,31940
2016-08-22,120.5,123.1500015258789,118.4000015258789,118.8499984741211,109.77519989013672,44089
2016-08-23,120.0,120.75,117.75,118.1500015258789,109.1286392211914,19312
2016-08-24,117.8499984741211,119.80000305175781,117.4000015258789,118.44999694824219,109.40573120117188,12436
2016-08-25,119.9000015258789,119.9000015258789,117.5,117.5999984741211,108.62063598632812,33410
2016-08-26,117.19999694824219,119.55000305175781,117.05000305175781,117.94999694824219,108.94391632080078,44896
2016-08-29,119.3499984741211,119.3499984741211,116.30000305175781,118.0,108.99010467529297,24068
2016-08-30,117.25,119.80000305175781,117.25,118.3499984741211,109.31336975097656,19006
2016-08-31,119.4000015258789,119.5,116.8499984741211,117.80000305175781,108.80538177490234,27824
2016-09-01,119.1500015258789,119.1500015258789,117.0,117.0999984741211,108.15882110595703,6888
2016-09-02,118.94999694824219,118.94999694824219,117.0,117.5,108.52827453613281,12466
2016-09-06,117.05000305175781,119.19999694824219,115.6500015258789,118.80000305175781,109.72901916503906,366283
2016-09-07,119.94999694824219,119.94999694824219,118.05000305175781,118.75,109.6828384399414,57947
2016-09-08,118.75,120.94999694824219,118.75,119.69999694824219,110.56028747558594,28745
2016-09-09,120.9000015258789,133.9499969482422,119.0,132.10000610351562,122.01348114013672,540041
2016-09-12,128.0,133.0,125.55000305175781,126.9000015258789,117.21054077148438,114396
2016-09-14,126.0999984741211,131.0,124.0,130.1999969482422,120.25856018066406,62630
2016-09-15,132.5,132.5,127.5999984741211,130.85000610351562,120.85893249511719,46502
2016-09-16,132.9499969482422,133.4499969482422,128.5,129.14999389648438,119.28873443603516,30941
2016-09-19,131.10000610351562,132.0,128.8000030517578,129.75,119.84292602539062,22643
2016-09-20,130.0500030517578,130.0500030517578,126.5999984741211,127.1500015258789,117.44144439697266,13879
2016-09-21,129.0,132.4499969482422,127.6500015258789,131.0500030517578,121.04367065429688,28755
2016-09-22,132.0,140.39999389648438,131.3000030517578,137.5,127.00115966796875,186717
2016-09-23,138.5500030517578,141.5,136.5500030517578,138.9499969482422,128.34046936035156,103330
2016-09-26,138.0,138.89999389648438,131.8000030517578,133.0500030517578,122.89096069335938,40599
2016-09-27,134.39999389648438,136.5500030517578,131.0,131.5,121.45929718017578,30598
2016-09-28,131.5500030517578,134.0,131.0,131.89999389648438,121.82875061035156,14546
2016-09-29,131.8000030517578,134.5,118.1500015258789,123.80000305175781,114.34724426269531,56195
2016-09-30,122.80000305175781,127.5,121.4000015258789,126.19999694824219,116.5639877319336,20210
2016-10-03,129.3000030517578,137.4499969482422,127.0999984741211,135.0,124.69204711914062,270647
2016-10-04,135.0,136.8000030517578,132.10000610351562,135.39999389648438,125.06150817871094,16820
2016-10-05,138.0,138.0,131.85000610351562,133.5,123.30659484863281,23375
2016-10-06,132.6999969482422,136.9499969482422,129.25,131.5,121.45929718017578,29573
2016-10-07,130.39999389648438,135.85000610351562,130.39999389648438,132.25,122.15203857421875,35870
2016-10-10,133.25,133.85000610351562,130.60000610351562,132.35000610351562,122.24439239501953,12791
2016-10-13,129.0500030517578,132.60000610351562,126.69999694824219,126.8499984741211,117.16436004638672,21713
2016-10-14,129.89999389648438,129.89999389648438,126.1500015258789,127.4000015258789,117.67237091064453,5364
2016-10-17,125.19999694824219,130.0,125.19999694824219,126.25,116.61016845703125,15700
2016-10-18,128.0,130.0,127.5,129.75,119.84292602539062,14032
2016-10-19,129.6999969482422,130.0,127.1500015258789,128.3000030517578,118.50363159179688,9399
2016-10-20,127.5,129.5,127.5,128.5500030517578,118.73455047607422,7954
2016-10-21,127.55000305175781,133.39999389648438,127.55000305175781,131.4499969482422,121.41312408447266,50682
2016-10-24,132.0,134.0,130.25,131.6999969482422,121.64403533935547,10169
2016-10-25,132.0,133.0,129.0500030517578,130.35000610351562,120.39712524414062,9608
2016-10-26,132.0,132.0,125.25,126.0,116.37925720214844,17092
2016-10-27,127.80000305175781,132.89999389648438,124.1500015258789,125.5,115.91742706298828,13196
2016-10-28,126.55000305175781,128.1999969482422,125.3499984741211,126.69999694824219,117.02580261230469,5578
2016-11-01,127.4000015258789,132.1999969482422,125.19999694824219,126.05000305175781,116.4254379272461,10718
2016-11-02,127.9000015258789,127.9000015258789,124.0,125.55000305175781,115.963623046875,2466
2016-11-03,129.6999969482422,129.6999969482422,124.0999984741211,124.5,114.99378967285156,8744
2016-11-04,128.0,128.0,119.0,120.1500015258789,110.97593688964844,14310
2016-11-07,125.0,127.0,118.0999984741211,122.94999694824219,113.5621337890625,16752
2016-11-08,126.9000015258789,126.9000015258789,122.55000305175781,123.3499984741211,113.93160247802734,11394
2016-11-09,100.0,122.05000305175781,100.0,119.9000015258789,110.74502563476562,17520
2016-11-10,126.0,126.8499984741211,122.6500015258789,123.1500015258789,113.74687194824219,5862
2016-11-11,125.0,125.0,118.0999984741211,119.3499984741211,110.23701477050781,24845
2016-11-15,121.0,121.0,109.0,110.05000305175781,101.64712524414062,24881
2016-11-16,114.0,114.4000015258789,108.0,111.5,102.98640441894531,20870
2016-11-17,112.0,112.0,108.75,110.05000305175781,101.64712524414062,7176
2016-11-18,113.94999694824219,113.94999694824219,108.30000305175781,112.0999984741211,103.54059600830078,4393
2016-11-21,115.94999694824219,115.94999694824219,106.19999694824219,107.69999694824219,99.4765396118164,4986
2016-11-22,114.9000015258789,114.9000015258789,106.0,107.8499984741211,99.61509704589844,20720
2016-11-23,108.0,112.5,106.0999984741211,110.9000015258789,102.43222045898438,21405
2016-11-24,109.0,112.30000305175781,107.0,107.30000305175781,99.10709381103516,9761
2016-11-25,112.0,112.0,107.55000305175781,108.75,100.44637298583984,16897
2016-11-28,110.0,111.0,107.05000305175781,110.30000305175781,101.87802124023438,7961
2016-11-29,113.30000305175781,113.30000305175781,110.0,110.5,102.06275939941406,11969
2016-11-30,112.94999694824219,112.94999694824219,110.5,111.80000305175781,103.26350402832031,3670
2016-12-01,114.5,114.9000015258789,110.25,111.5999984741211,103.0787582397461,13532
2016-12-02,114.25,114.25,110.0,112.3499984741211,103.77149963378906,2706
2016-12-05,114.30000305175781,114.30000305175781,110.69999694824219,112.0999984741211,103.54059600830078,4215
2016-12-06,111.4000015258789,113.19999694824219,110.30000305175781,111.5999984741211,103.0787582397461,1736
2016-12-07,113.25,113.25,110.5,110.8499984741211,102.38602447509766,3054
2016-12-08,112.4000015258789,112.44999694824219,110.69999694824219,111.55000305175781,103.0325927734375,7817
2016-12-09,112.94999694824219,113.0,110.80000305175781,111.25,102.75550079345703,3042
2016-12-12,111.55000305175781,113.0,111.30000305175781,112.25,103.67913818359375,1899
2016-12-13,111.05000305175781,113.0,110.05000305175781,110.55000305175781,102.10894012451172,4648
2016-12-14,110.0,111.8499984741211,108.55000305175781,109.19999694824219,100.86201477050781,9884
2016-12-15,108.0999984741211,113.0,108.0999984741211,110.69999694824219,102.24748229980469,4511
2016-12-16,112.4000015258789,112.4000015258789,110.30000305175781,111.4000015258789,102.89405059814453,3815
2016-12-19,111.5,111.8499984741211,108.5999984741211,109.25,100.908203125,7856
2016-12-20,110.5,110.94999694824219,109.0,109.05000305175781,100.72348022460938,4293
2016-12-21,109.05000305175781,109.19999694824219,106.1500015258789,106.75,98.59909057617188,9063
2016-12-22,108.80000305175781,109.0,107.0,107.5,99.29182434082031,2636
2016-12-23,110.0,110.0,107.30000305175781,107.44999694824219,99.2456283569336,6332
2016-12-26,107.0,109.5,106.30000305175781,107.19999694824219,99.01473999023438,5997
2016-12-27,107.19999694824219,107.9000015258789,105.05000305175781,106.4000015258789,98.27581787109375,18654
2016-12-28,107.94999694824219,107.94999694824219,106.0999984741211,106.19999694824219,98.09109497070312,11964
2016-12-29,107.5,107.5,103.0,106.30000305175781,98.18346405029297,11651
2016-12-30,107.80000305175781,107.94999694824219,106.05000305175781,107.0999984741211,98.92237091064453,2905
2017-01-02,110.94999694824219,110.94999694824219,106.4000015258789,106.94999694824219,98.78382873535156,7194
2017-01-03,107.9000015258789,107.9000015258789,106.94999694824219,107.44999694824219,99.2456283569336,15446
2017-01-04,107.5,107.75,107.0999984741211,107.30000305175781,99.10709381103516,16451
2017-01-05,107.5,114.0,107.4000015258789,111.3499984741211,102.84785461425781,657243
2017-01-06,112.1500015258789,113.0,109.19999694824219,110.5,102.06275939941406,53081
2017-01-09,110.5,111.80000305175781,108.0999984741211,109.05000305175781,100.72348022460938,24284
2017-01-10,108.69999694824219,110.05000305175781,107.19999694824219,108.1500015258789,99.8921890258789,30318
2017-01-11,108.19999694824219,109.0,108.05000305175781,108.3499984741211,100.07691955566406,19518
2017-01-12,107.55000305175781,109.0,106.5,107.0,98.83000946044922,29764
2017-01-13,105.5999984741211,110.8499984741211,105.5999984741211,106.44999694824219,98.32200622558594,25090
2017-01-16,105.5,109.0,105.5,107.5,99.29182434082031,28843
2017-01-17,108.69999694824219,108.69999694824219,106.5999984741211,106.75,98.59909057617188,10970
2017-01-18,108.3499984741211,108.3499984741211,105.5,106.0999984741211,97.99871826171875,19684
2017-01-19,106.0,107.3499984741211,105.5,106.5,98.3681869506836,16645
2017-01-20,106.55000305175781,107.5,105.0,106.3499984741211,98.22964477539062,27601
2017-01-23,106.0,107.0,104.0,105.30000305175781,97.25981140136719,13782
2017-01-24,106.05000305175781,106.94999694824219,104.9000015258789,105.25,97.21363067626953,15879
2017-01-25,106.0,106.69999694824219,104.94999694824219,106.0,97.90636444091797,13672
2017-01-27,106.8499984741211,107.80000305175781,105.1500015258789,105.75,97.67546081542969,44642
2017-01-30,106.80000305175781,106.8499984741211,105.6500015258789,105.8499984741211,97.76780700683594,21214
2017-01-31,106.0,106.0,104.69999694824219,105.05000305175781,97.02889251708984,13923
2017-02-01,105.9000015258789,105.9000015258789,102.6500015258789,105.4000015258789,97.35218048095703,12659
2017-02-02,105.69999694824219,110.3499984741211,105.25,108.0,99.75364685058594,22881
2017-02-03,108.5,110.80000305175781,108.05000305175781,109.75,101.3700180053711,22292
2017-02-06,110.5,112.0,107.0,109.0999984741211,100.7696533203125,26301
2017-02-07,109.94999694824219,109.94999694824219,105.5,106.30000305175781,98.18346405029297,63678
2017-02-08,106.80000305175781,108.5,106.19999694824219,107.5,99.29182434082031,25135
2017-02-09,108.30000305175781,116.4000015258789,108.0,113.0999984741211,104.46424102783203,233334
2017-02-10,113.6500015258789,115.94999694824219,113.6500015258789,114.44999694824219,105.71115112304688,94119
2017-02-13,115.6500015258789,115.6500015258789,111.5,112.25,103.67913818359375,44100
2017-02-14,113.19999694824219,114.4000015258789,112.19999694824219,113.9000015258789,105.20315551757812,31069
2017-02-15,114.25,114.9000015258789,108.0999984741211,109.5999984741211,101.23148345947266,47615
2017-02-16,110.80000305175781,111.94999694824219,109.5,110.44999694824219,102.01657104492188,24112
2017-02-17,110.55000305175781,115.0,109.3499984741211,112.25,103.67913818359375,31195
2017-02-20,111.55000305175781,114.0,109.5999984741211,110.80000305175781,102.33985900878906,24264
2017-02-21,111.05000305175781,111.5,108.0999984741211,109.80000305175781,101.41620635986328,22536
2017-02-22,109.30000305175781,110.19999694824219,108.55000305175781,109.75,102.67922973632812,6941
2017-02-23,109.3499984741211,110.0,108.30000305175781,109.1500015258789,102.11788940429688,11873
2017-02-27,109.05000305175781,110.0,108.0,109.30000305175781,102.25823211669922,12720
2017-02-28,110.0,110.94999694824219,108.44999694824219,108.80000305175781,101.79043579101562,12418
2017-03-01,108.75,110.05000305175781,108.5,109.8499984741211,102.77278137207031,14864
2017-03-02,109.55000305175781,110.75,108.0,108.5999984741211,101.60332489013672,13904
2017-03-03,108.05000305175781,108.69999694824219,107.0999984741211,107.94999694824219,100.99519348144531,8534
2017-03-06,108.9000015258789,108.9000015258789,107.69999694824219,108.1500015258789,101.18231964111328,12557
2017-03-07,108.69999694824219,109.5,107.5,107.94999694824219,100.99519348144531,10049
2017-03-08,107.94999694824219,108.80000305175781,105.9000015258789,107.19999694824219,100.29351806640625,26705
2017-03-09,107.05000305175781,109.0,106.9000015258789,107.4000015258789,100.48064422607422,10377
2017-03-10,106.94999694824219,108.3499984741211,105.5,106.05000305175781,99.21761322021484,22720
2017-03-14,109.0,109.9000015258789,104.0999984741211,104.3499984741211,97.62713623046875,70635
2017-03-15,105.1500015258789,105.1500015258789,103.0999984741211,104.0999984741211,97.39323425292969,39214
2017-03-16,104.8499984741211,106.44999694824219,104.0,104.75,98.00137329101562,54184
2017-03-17,105.05000305175781,105.5999984741211,104.25,104.75,98.00137329101562,26734
2017-03-20,104.80000305175781,105.5,104.5,104.6500015258789,97.9078140258789,29881
2017-03-21,104.0999984741211,107.0,104.0,104.8499984741211,98.09492492675781,331741
2017-03-22,105.44999694824219,105.69999694824219,103.6500015258789,104.94999694824219,98.18848419189453,26540
2017-03-23,105.4000015258789,106.3499984741211,104.0,105.0,98.23526000976562,9393
2017-03-24,105.44999694824219,106.8499984741211,104.5999984741211,104.8499984741211,98.09492492675781,22083
2017-03-27,105.30000305175781,105.94999694824219,103.5,104.44999694824219,97.72068786621094,14481
2017-03-28,105.19999694824219,105.44999694824219,104.0,104.94999694824219,98.18848419189453,8830
2017-03-29,105.9000015258789,107.0,104.94999694824219,106.05000305175781,99.21761322021484,48755
2017-03-30,106.19999694824219,110.94999694824219,105.0,107.9000015258789,100.94841766357422,70095
2017-03-31,109.30000305175781,109.44999694824219,107.9000015258789,108.05000305175781,101.08876037597656,6480
2017-04-03,109.30000305175781,109.30000305175781,107.30000305175781,108.55000305175781,101.5565414428711,16134
2017-04-05,109.19999694824219,113.69999694824219,108.0,108.6500015258789,101.65010070800781,43559
2017-04-06,109.0,111.5,108.25,110.0999984741211,103.00668334960938,37762
2017-04-07,109.94999694824219,111.0,109.0,109.44999694824219,102.3985595703125,20792
2017-04-10,110.5,111.0,109.0999984741211,109.6500015258789,102.58567810058594,9572
2017-04-11,109.25,111.5,109.25,110.4000015258789,103.28736114501953,26557
2017-04-12,110.19999694824219,111.75,108.80000305175781,110.19999694824219,103.1002426147461,40200
2017-04-13,111.4000015258789,116.5,110.69999694824219,115.80000305175781,108.3394546508789,201546
2017-04-17,115.0,117.4000015258789,114.4000015258789,116.05000305175781,108.57334899902344,111781
2017-04-18,118.75,121.0,116.4000015258789,118.25,110.63160705566406,177863
2017-04-19,120.0,120.0,115.55000305175781,117.3499984741211,109.78958892822266,31124
2017-04-20,117.94999694824219,119.0,115.1500015258789,117.5999984741211,110.02349090576172,21969
2017-04-21,118.0,124.30000305175781,118.0,120.0,112.26886749267578,108447
2017-04-24,120.0,121.0,118.0,120.05000305175781,112.3156509399414,38011
2017-04-25,120.0,121.4000015258789,118.80000305175781,119.30000305175781,111.61397552490234,24536
2017-04-26,119.5,124.05000305175781,119.5,121.0999984741211,113.2979965209961,80300
2017-04-27,122.0,124.0,120.05000305175781,122.0999984741211,114.23356628417969,42117
2017-04-28,123.0,123.9000015258789,119.69999694824219,120.8499984741211,113.06409454345703,25705
2017-05-02,121.0,121.25,117.8499984741211,118.25,110.63160705566406,38796
2017-05-03,119.0,124.0,118.0,120.0999984741211,112.3624267578125,59251
2017-05-04,121.3499984741211,121.9000015258789,114.44999694824219,118.30000305175781,110.67839813232422,49116
2017-05-05,119.0,119.5,116.0999984741211,117.05000305175781,109.50891876220703,18173
2017-05-08,116.55000305175781,118.75,115.5,116.0999984741211,108.62013244628906,11807
2017-05-09,115.75,116.05000305175781,111.1500015258789,112.94999694824219,105.6730728149414,16359
2017-05-10,113.94999694824219,118.9000015258789,113.0,118.05000305175781,110.44449615478516,34293
2017-05-11,123.69999694824219,125.0,115.05000305175781,118.69999694824219,111.05261993408203,4757142
2017-05-12,120.05000305175781,122.30000305175781,115.55000305175781,116.80000305175781,109.27503204345703,174625
2017-05-15,117.0,120.9000015258789,115.94999694824219,117.9000015258789,110.30416870117188,44523
2017-05-16,117.0,121.5,117.0,119.94999694824219,112.22209167480469,77587
2017-05-17,120.05000305175781,120.05000305175781,117.6500015258789,118.69999694824219,111.05261993408203,25009
2017-05-18,118.0,118.30000305175781,115.69999694824219,116.05000305175781,108.57334899902344,28715
2017-05-19,119.0,119.0,114.55000305175781,116.05000305175781,108.57334899902344,23113
2017-05-22,119.0,119.0,115.0,115.94999694824219,108.47978973388672,25650
2017-05-23,116.0,116.0,107.0,112.25,105.0181655883789,29718
2017-05-24,112.05000305175781,115.0,111.80000305175781,113.6500015258789,106.32797241210938,16112
2017-05-25,116.0,124.0,114.19999694824219,122.5999984741211,114.70135498046875,127628
2017-05-26,120.69999694824219,128.6999969482422,120.69999694824219,125.1500015258789,117.08706665039062,178502
2017-05-29,128.9499969482422,128.9499969482422,114.0,115.3499984741211,107.91844177246094,139727
2017-05-30,118.0,118.0,114.0,114.80000305175781,107.40388488769531,56234
2017-05-31,116.94999694824219,118.5,115.5,117.6500015258789,110.07027435302734,41692
2017-06-01,118.0,119.0,116.5,117.3499984741211,109.78958892822266,64323
2017-06-02,119.5,122.80000305175781,119.05000305175781,122.0999984741211,114.23356628417969,124692
2017-06-05,123.0,124.9000015258789,122.4000015258789,124.0999984741211,116.1047134399414,56849
2017-06-06,126.80000305175781,126.80000305175781,122.4000015258789,124.8499984741211,116.806396484375,81129
2017-06-07,123.55000305175781,127.5,123.55000305175781,127.1500015258789,118.95822143554688,64985
2017-06-08,126.5,135.0,126.3499984741211,134.14999389648438,125.50724029541016,218132
2017-06-09,136.9499969482422,140.6999969482422,134.0,139.75,130.7464599609375,372143
2017-06-12,140.0,143.39999389648438,134.85000610351562,136.0500030517578,127.28483581542969,196022
2017-06-13,137.4499969482422,138.1999969482422,135.0,135.89999389648438,127.14449310302734,79226
2017-06-14,136.0500030517578,136.8000030517578,133.0,136.0,127.23806762695312,55781
2017-06-15,136.0,137.0,133.5,135.10000610351562,126.39602661132812,38202
2017-06-16,136.0,139.5,135.5500030517578,138.4499969482422,129.5301971435547,75636
2017-06-19,139.0,140.85000610351562,133.60000610351562,135.0500030517578,126.34925079345703,40292
2017-06-20,135.89999389648438,136.0,131.14999389648438,134.35000610351562,125.69436645507812,37961
2017-06-21,134.25,134.89999389648438,132.5,133.4499969482422,124.85234069824219,414750
2017-06-22,135.8000030517578,135.9499969482422,130.0,130.60000610351562,122.18594360351562,44904
2017-06-23,133.8000030517578,133.8000030517578,129.5500030517578,131.0500030517578,122.60697174072266,17604
2017-06-27,130.1999969482422,130.1999969482422,125.0999984741211,126.55000305175781,118.3968734741211,29907
2017-06-28,126.0,126.94999694824219,122.30000305175781,124.05000305175781,116.05792999267578,31603
2017-06-29,128.9499969482422,128.9499969482422,122.6500015258789,123.4000015258789,115.44982147216797,30098
2017-06-30,123.0,130.0,120.9000015258789,128.39999389648438,120.12767791748047,58928
2017-07-03,135.0,137.6999969482422,128.14999389648438,133.3000030517578,124.71198272705078,113314
2017-07-04,132.5,135.64999389648438,132.5,134.39999389648438,125.74112701416016,24515
2017-07-05,140.0,157.1999969482422,138.5,140.5,131.44813537597656,1955799
2017-07-06,141.64999389648438,143.4499969482422,137.5,138.64999389648438,129.71731567382812,244050
2017-07-07,139.9499969482422,140.0,135.10000610351562,135.8000030517578,127.05094909667969,89259
2017-07-10,134.9499969482422,134.9499969482422,131.6999969482422,132.9499969482422,124.3845443725586,23642
2017-07-11,132.9499969482422,136.8000030517578,132.0,134.14999389648438,125.50724029541016,168373
2017-07-12,138.10000610351562,139.8000030517578,136.1999969482422,137.0,128.1736297607422,132736
2017-07-13,138.1999969482422,138.39999389648438,134.9499969482422,136.0,127.23806762695312,147852
2017-07-14,135.9499969482422,135.9499969482422,131.10000610351562,132.10000610351562,123.58930969238281,74169
2017-07-17,133.0500030517578,134.1999969482422,129.0,129.5500030517578,121.20360565185547,82822
2017-07-18,130.35000610351562,130.39999389648438,126.1500015258789,126.55000305175781,118.3968734741211,59499
2017-07-19,127.0,130.0,126.0,129.25,120.92292785644531,78398
2017-07-20,131.75,134.35000610351562,128.0,128.89999389648438,120.59546661376953,99776
2017-07-21,129.10000610351562,130.0,126.3499984741211,127.3499984741211,119.14533233642578,67046
2017-07-24,129.8000030517578,129.8000030517578,126.0,126.5999984741211,118.44364929199219,48676
2017-07-25,127.05000305175781,131.0500030517578,126.0,128.64999389648438,120.36157989501953,174627
2017-07-26,130.75,130.75,126.5999984741211,127.0,118.81788635253906,67370
2017-07-27,129.0,129.0,123.0,123.3499984741211,115.40303802490234,63234
2017-07-28,126.0,126.0,121.1500015258789,122.6500015258789,114.74813842773438,48538
2017-07-31,122.0999984741211,125.0,122.0,124.44999694824219,116.43215942382812,49961
2017-08-01,124.44999694824219,124.44999694824219,121.5,122.1500015258789,114.28034210205078,37140
2017-08-02,123.0,124.05000305175781,121.0,121.75,113.90611267089844,46738
2017-08-03,123.0,123.0,117.4000015258789,118.25,110.63160705566406,50806
2017-08-04,118.0,118.5999984741211,115.80000305175781,116.80000305175781,109.27503204345703,49805
2017-08-07,116.8499984741211,117.5,116.44999694824219,116.80000305175781,109.27503204345703,47977
2017-08-08,117.0,117.19999694824219,114.30000305175781,114.75,107.35709381103516,53839
2017-08-09,114.25,117.5,114.1500015258789,116.1500015258789,108.66690826416016,524425
2017-08-10,111.9000015258789,115.69999694824219,111.9000015258789,112.6500015258789,105.39239501953125,59938
2017-08-11,112.80000305175781,116.3499984741211,108.75,112.30000305175781,105.06494903564453,41276
2017-08-14,111.55000305175781,119.0,110.4000015258789,117.44999694824219,109.8831558227539,156076
2017-08-16,118.0,119.9000015258789,117.9000015258789,118.1500015258789,110.53805541992188,22871
2017-08-17,119.0,120.0,118.0,118.3499984741211,110.72516632080078,486845
2017-08-18,120.0,124.9000015258789,117.5,121.94999694824219,114.09322357177734,207661
2017-08-21,123.05000305175781,123.80000305175781,116.5,117.5,109.929931640625,43131
2017-08-22,119.75,120.55000305175781,118.0,119.0,111.33329772949219,196897
2017-08-23,119.5,122.0,118.05000305175781,119.0,111.33329772949219,43037
2017-08-24,118.55000305175781,120.69999694824219,117.25,118.25,110.63160705566406,19086
2017-08-28,118.80000305175781,120.0,118.05000305175781,119.0,111.33329772949219,40810
2017-08-29,119.19999694824219,120.0,118.5,119.55000305175781,111.84785461425781,71357
2017-08-30,120.0,120.05000305175781,119.0,119.5,111.80107879638672,17810
2017-08-31,125.5,125.9000015258789,120.5999984741211,121.44999694824219,113.62544250488281,128716
2017-09-01,121.3499984741211,122.19999694824219,119.5,120.05000305175781,112.3156509399414,26848
2017-09-04,122.3499984741211,125.80000305175781,120.19999694824219,121.30000305175781,113.485107421875,97185
2017-09-05,122.4000015258789,123.94999694824219,120.1500015258789,120.44999694824219,112.68988037109375,28272
2017-09-06,120.05000305175781,121.3499984741211,119.0999984741211,120.19999694824219,112.45598602294922,201658
2017-09-07,120.0,123.0,120.0,121.0,113.20443725585938,37573
2017-09-08,121.1500015258789,122.30000305175781,119.0999984741211,120.30000305175781,112.5495376586914,20310
2017-09-11,121.0,122.0,119.44999694824219,119.69999694824219,111.98818969726562,19006
2017-09-12,120.69999694824219,122.3499984741211,119.55000305175781,121.0,113.20443725585938,40698
2017-09-13,121.8499984741211,125.0999984741211,120.0,120.5999984741211,112.83021545410156,165157
2017-09-14,121.0999984741211,122.5,120.0,120.3499984741211,112.59632110595703,21315
2017-09-15,120.4000015258789,121.19999694824219,119.4000015258789,119.9000015258789,112.17532348632812,17343
2017-09-18,120.94999694824219,121.0,119.5,120.25,112.50275421142578,23284
2017-09-19,119.25,123.0999984741211,119.25,120.30000305175781,112.5495376586914,36977
2017-09-20,120.0,125.0,119.3499984741211,123.5,115.54337310791016,308663
2017-09-21,125.0,126.44999694824219,121.0999984741211,122.6500015258789,114.74813842773438,68827
2017-09-22,123.80000305175781,123.80000305175781,120.5,121.9000015258789,114.04645538330078,29347
2017-09-25,121.0,122.0,116.5999984741211,119.94999694824219,112.22209167480469,69321
2017-09-26,120.19999694824219,120.69999694824219,118.0,119.25,111.56717681884766,20526
2017-09-27,120.69999694824219,120.69999694824219,117.5,118.8499984741211,111.19295501708984,124419
2017-09-28,119.0,121.0,118.5999984741211,119.55000305175781,111.84785461425781,26041
2017-09-29,120.80000305175781,120.8499984741211,118.05000305175781,118.8499984741211,111.19295501708984,20478
2017-10-03,119.25,120.69999694824219,119.25,119.8499984741211,112.12853240966797,18271
2017-10-04,119.6500015258789,123.0,115.1500015258789,119.0,111.33329772949219,38911
2017-10-05,119.0,120.25,119.0,119.0999984741211,111.42684936523438,33796
2017-10-06,119.0,121.5,119.0,120.1500015258789,112.4092025756836,19685
2017-10-09,120.80000305175781,122.05000305175781,119.80000305175781,121.19999694824219,113.39155578613281,29277
2017-10-10,122.69999694824219,129.1999969482422,120.75,128.0500030517578,119.80023956298828,142066
2017-10-11,130.5,141.0,130.5,135.75,127.00416564941406,777859
2017-10-12,140.0,149.0,138.14999389648438,139.1999969482422,130.2318878173828,403579
2017-10-13,141.0,141.4499969482422,136.10000610351562,136.75,127.93973541259766,114811
2017-10-16,138.0,139.10000610351562,135.0,135.60000610351562,126.86380767822266,85382
2017-10-17,137.0,137.0,132.10000610351562,133.14999389648438,124.5716552734375,73579
2017-10-18,134.89999389648438,135.0,131.39999389648438,132.10000610351562,123.58930969238281,70360
2017-10-19,137.0,138.0,132.10000610351562,136.89999389648438,128.08006286621094,84119
2017-10-23,138.8000030517578,138.8000030517578,132.14999389648438,134.10000610351562,125.46045684814453,85167
2017-10-24,135.89999389648438,135.89999389648438,131.6999969482422,132.75,124.19742584228516,78457
2017-10-25,133.0500030517578,133.9499969482422,131.60000610351562,132.35000610351562,123.8232192993164,73601
2017-10-26,132.39999389648438,135.0,131.5,133.75,125.13301086425781,81225
2017-10-27,135.0,135.0,131.0,131.8000030517578,123.30863952636719,69154
2017-10-30,131.8000030517578,132.6999969482422,131.0,131.35000610351562,122.88764953613281,32073
2017-10-31,131.35000610351562,141.64999389648438,131.0,138.89999389648438,129.95120239257812,387063
2017-11-01,141.64999389648438,148.89999389648438,140.64999389648438,141.9499969482422,132.80471801757812,970967
2017-11-02,142.89999389648438,147.0,142.5500030517578,143.75,134.48873901367188,259595
2017-11-03,144.89999389648438,145.39999389648438,140.5,141.60000610351562,132.47726440429688,100358
2017-11-06,142.25,146.0,141.5,143.35000610351562,134.11451721191406,160967
2017-11-07,150.0,150.0,141.25,142.89999389648438,133.69351196289062,289596
2017-11-08,146.5500030517578,149.0,143.0500030517578,143.85000610351562,134.58229064941406,379056
2017-11-09,146.0,146.0500030517578,141.25,143.35000610351562,134.11451721191406,115446
2017-11-10,144.39999389648438,145.64999389648438,140.10000610351562,144.0500030517578,134.76942443847656,158265
2017-11-13,152.0,152.0,144.0,145.0,135.65821838378906,378337
2017-11-14,146.39999389648438,146.39999389648438,140.39999389648438,141.64999389648438,132.52401733398438,129468
2017-11-15,141.5,142.35000610351562,136.0500030517578,136.9499969482422,128.12684631347656,78789
2017-11-16,137.8000030517578,141.25,137.8000030517578,140.64999389648438,131.58847045898438,71015
2017-11-17,142.85000610351562,143.5,140.60000610351562,141.35000610351562,132.24337768554688,63956
2017-11-20,140.5500030517578,142.0,138.14999389648438,139.4499969482422,130.4657745361328,57553
2017-11-21,140.85000610351562,142.35000610351562,136.5,137.3000030517578,128.45428466796875,110729
2017-11-22,138.25,139.4499969482422,136.10000610351562,138.10000610351562,129.20274353027344,82043
2017-11-23,139.39999389648438,145.0,138.39999389648438,139.25,130.27865600585938,188964
2017-11-24,140.9499969482422,142.0,139.0,139.1999969482422,130.2318878173828,95929
2017-11-27,140.0,152.64999389648438,139.0,151.4499969482422,141.6926727294922,812074
2017-11-28,151.0,159.1999969482422,148.0,153.6999969482422,143.79769897460938,683146
2017-11-29,153.89999389648438,157.0,151.5500030517578,152.75,142.90892028808594,338578
2017-11-30,151.1999969482422,153.5,149.25,150.0500030517578,140.38287353515625,144946
2017-12-01,151.39999389648438,155.4499969482422,146.25,147.0,137.5293731689453,199399
2017-12-04,150.1999969482422,150.39999389648438,144.5,145.8000030517578,136.4066925048828,104499
2017-12-05,145.8000030517578,149.0,144.1999969482422,146.10000610351562,136.68734741210938,81573
2017-12-06,147.0,147.6999969482422,140.64999389648438,142.10000610351562,132.94503784179688,68010
2017-12-07,141.0500030517578,149.39999389648438,141.0500030517578,147.4499969482422,137.95034790039062,122494
2017-12-08,149.89999389648438,149.89999389648438,146.60000610351562,147.4499969482422,137.95034790039062,81757
2017-12-11,152.85000610351562,152.85000610351562,145.25,149.35000610351562,139.72796630859375,133067
2017-12-12,148.89999389648438,153.89999389648438,148.39999389648438,149.75,140.1021728515625,137703
2017-12-13,148.5,152.25,147.0,147.9499969482422,138.41815185546875,106437
2017-12-14,148.5,161.3000030517578,146.0,155.75,145.7156219482422,779625
2017-12-15,157.1999969482422,164.9499969482422,156.25,157.5500030517578,147.39967346191406,1110274
2017-12-18,157.0,163.35000610351562,148.1999969482422,158.89999389648438,148.6626739501953,377640
2017-12-19,160.39999389648438,175.39999389648438,160.39999389648438,170.64999389648438,159.65567016601562,2147251
2017-12-20,172.0,180.39999389648438,170.8000030517578,174.60000610351562,163.3511962890625,1027206
2017-12-21,178.0,179.9499969482422,175.10000610351562,176.3000030517578,164.9416961669922,394869
2017-12-22,177.5,179.0,169.6999969482422,172.0,160.91871643066406,530887
2017-12-26,173.4499969482422,177.5,165.9499969482422,175.9499969482422,164.61422729492188,362808
2017-12-27,176.9499969482422,182.3000030517578,172.39999389648438,175.3000030517578,164.006103515625,528938
2017-12-28,176.5,178.0500030517578,173.25,174.0,162.7898712158203,145219
2017-12-29,175.5500030517578,175.5500030517578,171.1999969482422,172.6999969482422,161.5736083984375,124498
2018-01-01,173.60000610351562,173.75,167.0,167.8000030517578,156.9893035888672,163736
2018-01-02,168.89999389648438,172.3000030517578,163.64999389648438,168.6999969482422,157.831298828125,150603
2018-01-03,169.8000030517578,171.89999389648438,165.0,166.39999389648438,155.6794891357422,115911
2018-01-04,167.89999389648438,173.0,165.25,171.0500030517578,160.02992248535156,375249
2018-01-05,172.5,176.3000030517578,170.0,171.0500030517578,160.02992248535156,203712
2018-01-08,173.10000610351562,174.8000030517578,169.25,170.85000610351562,159.84278869628906,303136
2018-01-09,172.35000610351562,179.25,171.0,173.5500030517578,162.36883544921875,477658
2018-01-10,174.6999969482422,174.6999969482422,170.4499969482422,171.6999969482422,160.63804626464844,201522
2018-01-11,172.75,178.39999389648438,172.0,176.0500030517578,164.70777893066406,1106472
2018-01-12,177.0,179.5500030517578,175.0,176.3000030517578,164.9416961669922,638950
2018-01-15,178.25,179.3000030517578,174.1999969482422,175.35000610351562,164.05288696289062,380443
2018-01-16,176.5,176.5500030517578,168.0,168.60000610351562,157.7377471923828,214438
2018-01-17,169.89999389648438,169.89999389648438,162.10000610351562,167.5500030517578,156.7554168701172,141089
2018-01-18,170.0,170.0,156.60000610351562,162.0500030517578,151.60977172851562,213901
2018-01-19,162.0,163.60000610351562,160.10000610351562,161.5500030517578,151.1419677734375,119144
2018-01-22,163.35000610351562,169.8000030517578,162.25,168.35000610351562,157.5038604736328,144966
2018-01-23,169.5,175.39999389648438,167.1999969482422,174.10000610351562,162.8834228515625,315376
2018-01-24,173.64999389648438,176.0500030517578,168.10000610351562,168.75,157.8780975341797,274242
2018-01-25,169.0,174.1999969482422,167.0,171.5500030517578,160.49769592285156,157177
2018-01-29,173.9499969482422,175.25,168.10000610351562,172.60000610351562,161.4800567626953,221084
2018-01-30,171.0,171.0,164.0,165.89999389648438,155.21168518066406,142632
2018-01-31,165.0,165.89999389648438,161.0,162.8000030517578,152.31141662597656,86398
2018-02-01,165.75,165.75,157.0500030517578,159.0,148.75624084472656,136910
2018-02-02,156.0,160.0,152.0,152.8000030517578,142.95570373535156,227441
2018-02-05,150.0,152.0,130.8000030517578,148.4499969482422,138.88595581054688,219914
2018-02-06,137.0,154.35000610351562,137.0,151.3000030517578,141.55233764648438,160825
2018-02-07,153.5500030517578,157.39999389648438,152.25,155.4499969482422,145.43496704101562,69075
2018-02-08,155.14999389648438,164.0,155.14999389648438,160.25,149.92572021484375,123711
2018-02-09,157.0,164.0,155.25,160.14999389648438,149.8321533203125,116831
2018-02-12,163.89999389648438,168.10000610351562,160.10000610351562,165.10000610351562,154.46324157714844,127755
2018-02-14,174.9499969482422,179.0,163.35000610351562,165.75,155.0713653564453,701405
2018-02-15,167.8000030517578,171.0,162.89999389648438,163.64999389648438,153.10665893554688,175409
2018-02-16,165.0,167.0,157.0,160.1999969482422,149.87892150878906,128191
2018-02-19,161.0,161.5,155.75,157.0500030517578,146.93190002441406,72662
2018-02-20,158.64999389648438,161.0,155.0,159.85000610351562,149.55149841308594,96716
2018-02-21,162.0,162.0500030517578,156.0,157.10000610351562,146.97865295410156,37481
2018-02-22,157.4499969482422,160.0,155.3000030517578,159.39999389648438,149.13047790527344,106725
2018-02-23,160.0500030517578,163.39999389648438,158.1999969482422,161.0,150.6273956298828,95100
2018-02-26,165.0,166.0,159.64999389648438,163.6999969482422,153.15341186523438,146872
2018-02-27,163.39999389648438,166.0,160.0,160.85000610351562,150.48707580566406,85356
2018-02-28,162.0,164.0,156.10000610351562,158.8000030517578,148.56912231445312,112640
2018-03-01,158.0,162.60000610351562,157.39999389648438,161.8000030517578,151.37586975097656,62499
2018-03-05,162.0,162.0,155.5,156.85000610351562,146.74476623535156,60411
2018-03-06,158.39999389648438,160.89999389648438,150.39999389648438,152.25,142.4411163330078,73133
2018-03-07,153.5500030517578,153.6999969482422,151.64999389648438,152.85000610351562,143.0024871826172,60583
2018-03-08,155.0500030517578,155.3000030517578,151.0500030517578,154.64999389648438,144.68649291992188,43445
2018-03-09,155.89999389648438,155.89999389648438,151.10000610351562,152.64999389648438,142.8153533935547,35031
2018-03-12,154.5,157.8000030517578,154.25,156.0500030517578,145.99632263183594,58705
2018-03-13,156.0,160.0,155.64999389648438,156.64999389648438,146.55763244628906,86623
2018-03-14,157.25,160.0,157.0500030517578,158.39999389648438,148.19488525390625,48439
2018-03-15,160.6999969482422,165.0500030517578,159.9499969482422,163.89999389648438,153.34054565429688,80871
2018-03-16,165.3000030517578,168.89999389648438,161.6999969482422,163.6999969482422,153.15341186523438,100659
2018-03-19,166.14999389648438,166.89999389648438,154.25,156.89999389648438,146.79151916503906,65065
2018-03-20,155.0,159.89999389648438,153.0500030517578,155.89999389648438,145.85595703125,40014
2018-03-21,163.89999389648438,163.89999389648438,154.1999969482422,154.9499969482422,144.96717834472656,48192
2018-03-22,156.0,157.85000610351562,153.0500030517578,153.60000610351562,143.70416259765625,49544
2018-03-23,153.5,153.5,149.0,150.5,140.8038787841797,54822
2018-03-26,153.6999969482422,156.0,148.8000030517578,155.4499969482422,145.43496704101562,95021
2018-03-27,156.89999389648438,157.8000030517578,153.0,155.5,145.48175048828125,53161
2018-03-28,152.39999389648438,155.64999389648438,152.39999389648438,153.8000030517578,145.19851684570312,47533
2018-04-02,156.1999969482422,166.75,153.89999389648438,163.5500030517578,155.82162475585938,105827
2018-04-03,163.4499969482422,165.5,161.5,162.8000030517578,155.10707092285156,111500
2018-04-04,164.5,164.5,158.25,159.35000610351562,151.8201141357422,37796
2018-04-05,161.5,162.64999389648438,159.0,161.75,154.106689453125,42794
2018-04-06,160.0,165.5,159.0,164.3000030517578,156.53619384765625,54432
2018-04-09,166.5,166.5,161.0,162.4499969482422,154.77362060546875,49577
2018-04-10,163.5,164.89999389648438,159.64999389648438,160.64999389648438,153.0586700439453,51125
2018-04-11,163.0,163.35000610351562,156.75,160.0,152.4393768310547,66013
2018-04-12,159.64999389648438,162.75,159.64999389648438,161.14999389648438,153.5350341796875,40015
2018-04-13,162.0,164.0,161.0,163.39999389648438,155.6787109375,55180
2018-04-16,161.39999389648438,173.6999969482422,160.3000030517578,172.5,164.34872436523438,325572
2018-04-17,173.0500030517578,174.8000030517578,167.5500030517578,169.5,161.49046325683594,191598
2018-04-18,179.0,179.9499969482422,168.0,170.8000030517578,162.7290496826172,678074
2018-04-19,175.0,175.0,171.0,172.4499969482422,164.30105590820312,131903
2018-04-20,172.39999389648438,177.0,171.0,174.60000610351562,166.34947204589844,219198
2018-04-23,176.5,180.0,176.0500030517578,177.1999969482422,168.8266143798828,702925
2018-04-24,178.6999969482422,182.25,174.0,176.1999969482422,167.87387084960938,828476
2018-04-25,175.39999389648438,179.0,174.89999389648438,177.4499969482422,169.06480407714844,204574
2018-04-26,178.1999969482422,182.0,174.25,175.3000030517578,167.0164031982422,363582
2018-04-27,176.1999969482422,177.4499969482422,174.10000610351562,175.1999969482422,166.92112731933594,127756
2018-04-30,175.25,176.6999969482422,172.0,173.0500030517578,164.87271118164062,91070
2018-05-02,174.0,174.9499969482422,170.5,172.10000610351562,163.96762084960938,111248
2018-05-03,170.10000610351562,171.25,164.4499969482422,166.35000610351562,158.48934936523438,118578
2018-05-04,166.5,174.1999969482422,165.1999969482422,170.89999389648438,162.82432556152344,130818
2018-05-07,172.25,173.3000030517578,166.6999969482422,167.5,159.5849609375,127776
2018-05-08,166.3000030517578,170.0,165.10000610351562,165.4499969482422,157.6318359375,83821
2018-05-09,165.0,166.8000030517578,165.0,165.5,157.67950439453125,64631
2018-05-10,165.1999969482422,166.6999969482422,160.25,161.35000610351562,153.7255859375,91038
2018-05-11,162.4499969482422,171.8000030517578,159.39999389648438,165.39999389648438,157.58419799804688,247470
2018-05-14,166.39999389648438,170.75,162.60000610351562,165.0,157.20310974121094,94794
2018-05-15,160.3000030517578,169.0,160.3000030517578,165.85000610351562,158.01295471191406,70090
2018-05-16,164.64999389648438,164.8000030517578,160.75,162.85000610351562,155.15472412109375,52122
2018-05-17,163.5,168.0,160.0,164.14999389648438,156.39328002929688,178101
2018-05-18,165.0,166.14999389648438,160.1999969482422,161.5500030517578,153.91615295410156,123588
2018-05-21,160.5,163.89999389648438,154.0,157.60000610351562,150.15281677246094,102866
2018-05-22,164.0,166.0,158.1999969482422,159.6999969482422,152.153564453125,257299
2018-05-23,160.10000610351562,161.0,157.5500030517578,158.9499969482422,151.43899536132812,92495
2018-05-24,161.8000030517578,161.8000030517578,156.0,157.5500030517578,150.1051483154297,58995
2018-05-25,157.8000030517578,160.0,155.0,156.5500030517578,149.15240478515625,115583
2018-05-28,156.5500030517578,163.75,156.5,160.10000610351562,152.53466796875,137784
2018-05-29,159.5,162.89999389648438,159.0,161.0,153.3921356201172,52018
2018-05-30,159.75,162.60000610351562,159.0,161.60000610351562,153.9637908935547,545169
2018-05-31,163.3000030517578,171.0500030517578,161.10000610351562,166.0,158.15585327148438,2919993
2018-06-01,167.0,170.25,165.10000610351562,167.1999969482422,159.2991485595703,174805
2018-06-04,168.85000610351562,168.89999389648438,160.10000610351562,161.5500030517578,153.91615295410156,87816
2018-06-05,162.89999389648438,162.89999389648438,155.0,155.5500030517578,148.19967651367188,74597
2018-06-06,154.0500030517578,162.0,154.0,160.60000610351562,153.0110321044922,75561
2018-06-07,160.60000610351562,174.0,156.1999969482422,168.64999389648438,160.6806182861328,236433
2018-06-08,168.5,171.0,166.14999389648438,169.8000030517578,161.77630615234375,63151
2018-06-11,171.5,173.85000610351562,169.89999389648438,170.4499969482422,162.39559936523438,100158
2018-06-12,171.75,191.85000610351562,170.39999389648438,189.39999389648438,180.45010375976562,1855573
2018-06-13,188.0,193.39999389648438,181.5500030517578,183.25,174.59072875976562,1244416
2018-06-14,184.9499969482422,187.9499969482422,181.5,184.9499969482422,176.2104034423828,209671
2018-06-15,186.5,191.8000030517578,183.0,187.4499969482422,178.59225463867188,309964
2018-06-18,187.89999389648438,189.1999969482422,181.25,182.39999389648438,173.7808837890625,102619
2018-06-19,182.0,183.1999969482422,173.5,175.14999389648438,166.8734893798828,178041
2018-06-20,176.5,189.3000030517578,172.5500030517578,184.0,175.30528259277344,601853
2018-06-21,184.1999969482422,190.35000610351562,179.5,181.60000610351562,173.01870727539062,588262
2018-06-22,181.25,183.25,176.64999389648438,180.8000030517578,172.25650024414062,134562
2018-06-25,180.0,185.39999389648438,178.0,178.8000030517578,170.3510284423828,132991
2018-06-26,179.39999389648438,180.0,175.0,175.64999389648438,167.34983825683594,111996
2018-06-27,175.35000610351562,176.5,163.25,166.0,158.15585327148438,224514
2018-06-28,166.89999389648438,170.0,163.0,165.5500030517578,157.7271270751953,99587
2018-06-29,167.1999969482422,176.0,166.5500030517578,171.3000030517578,163.20541381835938,129781
2018-07-02,171.60000610351562,175.3000030517578,168.25,174.64999389648438,166.3970947265625,93289
2018-07-03,175.0,175.0,171.0,172.39999389648438,164.25343322753906,88646
2018-07-04,172.39999389648438,176.75,170.10000610351562,171.25,163.15777587890625,105253
2018-07-05,172.64999389648438,174.75,170.60000610351562,173.3000030517578,165.11090087890625,67387
2018-07-06,172.5,175.39999389648438,168.14999389648438,172.64999389648438,164.4916229248047,77971
2018-07-09,172.64999389648438,176.0,172.64999389648438,175.60000610351562,167.30224609375,45655
2018-07-10,175.4499969482422,182.39999389648438,174.10000610351562,180.85000610351562,172.3041534423828,143217
2018-07-11,180.0,180.0,170.5500030517578,174.0500030517578,165.82546997070312,156149
2018-07-12,175.39999389648438,176.85000610351562,171.0500030517578,173.0,164.82508850097656,78203
2018-07-13,172.0,175.0,169.0,170.10000610351562,162.06211853027344,72838
2018-07-16,170.4499969482422,171.4499969482422,164.25,165.39999389648438,157.58419799804688,84114
2018-07-17,165.0,169.89999389648438,157.5,160.39999389648438,152.82049560546875,203517
2018-07-18,161.0,163.89999389648438,158.0,159.39999389648438,151.8677215576172,92476
2018-07-19,161.5500030517578,161.5500030517578,156.25,156.64999389648438,149.2476806640625,61469
2018-07-20,158.8000030517578,158.8000030517578,152.0,153.10000610351562,145.86544799804688,109073
2018-07-23,151.0,156.0,151.0,155.39999389648438,148.0567626953125,53563
2018-07-24,154.14999389648438,168.8000030517578,154.14999389648438,162.14999389648438,154.48777770996094,240418
2018-07-25,163.39999389648438,166.64999389648438,162.3000030517578,164.75,156.96493530273438,69125
2018-07-26,164.25,166.4499969482422,162.60000610351562,163.85000610351562,156.10743713378906,34428
2018-07-27,165.5,171.6999969482422,163.35000610351562,170.14999389648438,162.10975646972656,104254
2018-07-30,171.10000610351562,171.89999389648438,167.0,168.1999969482422,160.25189208984375,64006
2018-07-31,169.5,174.0,168.0,172.0500030517578,163.91998291015625,169268
2018-08-01,172.6999969482422,172.6999969482422,170.0500030517578,170.85000610351562,163.91998291015625,29895
2018-08-02,171.0,179.0,164.0,174.10000610351562,168.2196807861328,266435
2018-08-03,175.0,183.25,174.89999389648438,181.85000610351562,175.70791625976562,341041
2018-08-06,180.10000610351562,186.0,175.5,184.10000610351562,177.8819122314453,199745
2018-08-07,184.6999969482422,190.0,180.75,187.0,180.68397521972656,243730
2018-08-08,188.89999389648438,191.4499969482422,181.5,182.89999389648438,176.72244262695312,206783
2018-08-09,181.0,191.0,179.25,182.1999969482422,176.04608154296875,773104
2018-08-10,180.0,183.64999389648438,175.0,178.5,172.47105407714844,119406
2018-08-13,178.0,179.89999389648438,172.5500030517578,178.9499969482422,172.90585327148438,93262
2018-08-14,180.0,182.0,176.5500030517578,178.5500030517578,172.5193634033203,65956
2018-08-16,179.5,183.6999969482422,176.3000030517578,181.0500030517578,174.93492126464844,104321
2018-08-17,184.0,185.0,177.0500030517578,178.85000610351562,172.8092498779297,62273
2018-08-20,180.64999389648438,181.8000030517578,176.39999389648438,176.85000610351562,170.87680053710938,38890
2018-08-21,175.1999969482422,178.0500030517578,174.6999969482422,175.6999969482422,169.765625,40702
2018-08-23,175.85000610351562,179.39999389648438,175.85000610351562,177.1999969482422,171.21495056152344,28941
2018-08-24,176.8000030517578,178.39999389648438,172.14999389648438,173.14999389648438,167.30174255371094,66322
2018-08-27,174.5500030517578,176.0,170.0,172.10000610351562,166.2872314453125,75030
2018-08-28,175.0,175.0,170.10000610351562,171.1999969482422,165.41761779785156,34353
2018-08-29,172.5,172.5,169.8000030517578,170.60000610351562,164.837890625,41316
2018-08-30,170.60000610351562,174.0,170.60000610351562,172.4499969482422,166.62539672851562,75766
2018-08-31,172.39999389648438,176.39999389648438,170.5,173.3000030517578,167.44668579101562,105518
2018-09-03,172.60000610351562,173.8000030517578,171.3000030517578,172.5,166.6737060546875,36518
2018-09-04,173.0,173.0,170.5,170.89999389648438,165.12774658203125,98373
2018-09-05,171.0,173.0,165.0,169.85000610351562,164.11322021484375,129910
2018-09-06,170.0500030517578,172.1999969482422,169.14999389648438,170.39999389648438,164.64463806152344,17101
2018-09-07,170.0500030517578,175.4499969482422,170.0500030517578,173.3000030517578,167.44668579101562,39859
2018-09-10,173.25,173.85000610351562,168.39999389648438,169.60000610351562,163.87167358398438,34575
2018-09-11,170.0,175.4499969482422,168.9499969482422,170.1999969482422,164.45138549804688,143129
2018-09-12,166.0,174.89999389648438,166.0,169.0500030517578,163.34024047851562,59208
2018-09-14,171.35000610351562,171.89999389648438,169.5,169.85000610351562,164.11322021484375,43611
2018-09-17,170.60000610351562,170.60000610351562,168.35000610351562,169.9499969482422,164.2098388671875,85534
2018-09-18,173.9499969482422,173.9499969482422,168.64999389648438,170.0,164.25814819335938,34777
2018-09-19,170.0,175.0,170.0,173.10000610351562,167.25344848632812,150484
2018-09-21,174.8000030517578,175.5,158.64999389648438,168.0500030517578,162.3740234375,117064
2018-09-24,171.9499969482422,171.9499969482422,163.64999389648438,164.10000610351562,158.5574188232422,53397
2018-09-25,163.10000610351562,165.0,160.0,162.10000610351562,156.62498474121094,137449
2018-09-26,164.4499969482422,164.85000610351562,160.0,162.8000030517578,157.30133056640625,30171
2018-09-27,164.75,164.75,158.6999969482422,159.8000030517578,154.4026641845703,69705
2018-09-28,160.5,162.10000610351562,151.3000030517578,154.25,149.0401153564453,171011
2018-10-01,156.5500030517578,164.5,150.0,159.6999969482422,154.3060302734375,72416
2018-10-03,162.0,167.9499969482422,155.75,159.6999969482422,154.3060302734375,86356
2018-10-04,159.6999969482422,161.5,155.5,157.5,152.1803436279297,43381
2018-10-05,159.0,161.4499969482422,157.14999389648438,158.25,152.90501403808594,52606
2018-10-08,156.0,161.0,155.3000030517578,160.0500030517578,154.6442108154297,48611
2018-10-09,162.39999389648438,163.5500030517578,155.0,155.5500030517578,150.29620361328125,32138
2018-10-10,157.8000030517578,163.4499969482422,157.0,162.10000610351562,156.62498474121094,50821
2018-10-11,158.0500030517578,164.10000610351562,155.60000610351562,160.3000030517578,154.88577270507812,82441
2018-10-12,164.8000030517578,164.8000030517578,157.10000610351562,158.5,153.1465606689453,43849
2018-10-15,159.89999389648438,159.89999389648438,156.10000610351562,157.0,151.6972198486328,520427
2018-10-16,158.75,160.6999969482422,156.60000610351562,159.60000610351562,154.20941162109375,262520
2018-10-17,161.0,163.35000610351562,159.0,160.9499969482422,155.51380920410156,148297
2018-10-19,161.89999389648438,161.89999389648438,155.5,157.8000030517578,152.47021484375,29761
2018-10-22,159.5,159.5,155.0,155.64999389648438,150.392822265625,33432
2018-10-23,155.0,156.4499969482422,150.0,152.0,146.86611938476562,101906
2018-10-24,154.25,155.0,152.4499969482422,154.3000030517578,149.0884246826172,24079
2018-10-25,154.0,158.85000610351562,152.6999969482422,156.4499969482422,151.16580200195312,29921
2018-10-26,158.35000610351562,158.35000610351562,151.6999969482422,152.35000610351562,147.2042999267578,25628
2018-10-29,154.5,155.5,152.39999389648438,153.64999389648438,148.4603729248047,25861
2018-10-30,154.64999389648438,155.75,152.0,153.5500030517578,148.36375427246094,23343
2018-10-31,156.0,163.0,153.75,160.60000610351562,155.17564392089844,27508
2018-11-01,162.64999389648438,166.9499969482422,159.5,165.1999969482422,159.62026977539062,43615
2018-11-02,167.0,170.1999969482422,165.1999969482422,166.85000610351562,161.21453857421875,58162
2018-11-05,171.25,173.89999389648438,161.25,171.6999969482422,165.90072631835938,98141
2018-11-06,172.89999389648438,172.9499969482422,170.0,171.35000610351562,165.5625457763672,23358
2018-11-07,173.89999389648438,174.0,172.10000610351562,173.4499969482422,167.5916290283203,12881
2018-11-09,174.0,178.0,171.25,175.8000030517578,169.8622589111328,31137
2018-11-12,177.1999969482422,180.89999389648438,175.6999969482422,179.85000610351562,173.7754669189453,78753
2018-11-13,177.8000030517578,186.8000030517578,177.3000030517578,181.4499969482422,175.3214111328125,143721
2018-11-14,182.9499969482422,192.10000610351562,176.0,178.25,172.2294921875,1688515
2018-11-15,182.85000610351562,184.8000030517578,178.6999969482422,180.5500030517578,174.4518280029297,129358
2018-11-16,187.0,188.85000610351562,184.25,187.3000030517578,180.9738311767578,602660
2018-11-19,190.0,199.8000030517578,187.4499969482422,196.25,189.6215362548828,794568
2018-11-20,197.5,199.89999389648438,190.5,194.4499969482422,187.88233947753906,294976
2018-11-21,194.8000030517578,196.8000030517578,191.25,194.0,187.44754028320312,122694
2018-11-22,192.5500030517578,196.6999969482422,192.0,193.75,187.2059783935547,146217
2018-11-26,193.75,194.75,180.5,186.10000610351562,179.8143768310547,171961
2018-11-27,186.64999389648438,189.89999389648438,184.60000610351562,186.9499969482422,180.63565063476562,74472
2018-11-28,188.25,189.0,185.1999969482422,185.8000030517578,179.5244903564453,50845
2018-11-29,185.14999389648438,194.25,184.0500030517578,185.75,179.47618103027344,140840
2018-11-30,186.5,194.5500030517578,185.0500030517578,191.25,184.79042053222656,159195
2018-12-03,191.25,194.5,191.0500030517578,192.39999389648438,185.9015655517578,66446
2018-12-04,193.10000610351562,193.14999389648438,186.1999969482422,188.8000030517578,182.4231719970703,66237
2018-12-05,188.8000030517578,188.8000030517578,184.89999389648438,186.14999389648438,179.8626708984375,54248
2018-12-06,184.5500030517578,190.5,184.0,186.0,179.71774291992188,71309
2018-12-07,186.0,194.3000030517578,185.5500030517578,186.89999389648438,180.58734130859375,564816
2018-12-10,186.0,186.0,181.75,184.5500030517578,178.31671142578125,143110
2018-12-11,183.75,190.0,182.25,189.25,182.85797119140625,41149
2018-12-12,186.3000030517578,214.5,186.3000030517578,208.8000030517578,201.74766540527344,988412
2018-12-13,212.39999389648438,215.0,207.6999969482422,211.5,204.35646057128906,531026
2018-12-14,211.5,219.3000030517578,207.39999389648438,215.14999389648438,207.88316345214844,448082
2018-12-17,215.9499969482422,223.85000610351562,212.14999389648438,218.39999389648438,211.02340698242188,372054
2018-12-18,217.39999389648438,222.0,213.0,215.5,208.2213592529297,163229
2018-12-19,216.5,217.0,205.0,206.0500030517578,199.09054565429688,236365
2018-12-20,205.0,209.0500030517578,200.5,202.3000030517578,195.46719360351562,211040
2018-12-21,203.64999389648438,206.35000610351562,198.14999389648438,200.1999969482422,193.43812561035156,152981
2018-12-24,201.0,204.89999389648438,195.64999389648438,198.14999389648438,191.45736694335938,155945
2018-12-26,198.0,199.35000610351562,189.3000030517578,192.1999969482422,185.7083282470703,193738
2018-12-27,193.89999389648438,197.89999389648438,193.5,194.6999969482422,188.12388610839844,64333
2018-12-28,195.9499969482422,201.89999389648438,195.9499969482422,197.85000610351562,191.16751098632812,95743
2018-12-31,198.0,209.75,196.0500030517578,207.5500030517578,200.53988647460938,164714
2019-01-01,208.8000030517578,209.89999389648438,205.5500030517578,206.6999969482422,199.7185821533203,92200
2019-01-02,205.85000610351562,212.39999389648438,203.5500030517578,208.64999389648438,201.60272216796875,213942
2019-01-03,206.6999969482422,211.1999969482422,203.0,204.6999969482422,197.7861328125,96519
2019-01-04,205.75,207.39999389648438,197.0,198.35000610351562,191.65061950683594,161444
2019-01-07,200.1999969482422,204.10000610351562,200.0,201.4499969482422,194.64590454101562,125490
2019-01-08,202.25,204.0,201.0,202.8000030517578,195.9503173828125,135257
2019-01-09,204.0,206.0,199.10000610351562,200.4499969482422,193.6796875,45984
2019-01-10,201.35000610351562,204.39999389648438,200.35000610351562,203.0500030517578,196.19186401367188,49962
2019-01-11,204.89999389648438,208.0,203.5500030517578,204.60000610351562,197.6895294189453,104164
2019-01-14,204.60000610351562,212.0,204.0,209.60000610351562,202.5206298828125,142294
2019-01-15,211.6999969482422,215.6999969482422,205.60000610351562,214.64999389648438,207.4000701904297,252412
2019-01-16,214.4499969482422,217.8000030517578,214.4499969482422,216.0500030517578,208.75277709960938,129976
2019-01-17,216.0500030517578,219.3000030517578,212.60000610351562,216.60000610351562,209.28421020507812,112421
2019-01-18,215.5500030517578,216.5,206.25,208.5500030517578,201.506103515625,57300
2019-01-21,210.0,210.0,206.8000030517578,208.85000610351562,201.7959747314453,95913
2019-01-22,209.5500030517578,209.60000610351562,200.5,201.8000030517578,194.98410034179688,54421
2019-01-23,201.0,209.60000610351562,201.0,203.0,196.1435546875,527473
2019-01-24,204.60000610351562,205.89999389648438,199.10000610351562,200.75,193.96954345703125,67624
2019-01-25,201.89999389648438,204.6999969482422,187.5,190.10000610351562,183.67926025390625,293890
2019-01-28,191.0,191.9499969482422,175.8000030517578,178.85000610351562,172.8092498779297,111339
2019-01-29,178.39999389648438,189.60000610351562,175.3000030517578,186.85000610351562,180.53903198242188,86558
2019-01-30,188.35000610351562,193.75,185.9499969482422,187.60000610351562,181.26370239257812,72597
2019-01-31,187.0,189.5,183.0,187.8000030517578,181.4569549560547,63644
2019-02-01,189.5,192.60000610351562,187.85000610351562,190.64999389648438,184.21067810058594,64758
2019-02-04,191.89999389648438,195.0,187.0,189.64999389648438,183.24444580078125,125937
2019-02-05,190.0,190.5500030517578,180.60000610351562,183.89999389648438,177.68865966796875,156350
2019-02-06,183.5500030517578,192.64999389648438,183.5500030517578,187.3000030517578,180.9738311767578,93255
2019-02-07,187.1999969482422,192.14999389648438,187.0,189.39999389648438,183.0028839111328,58561
2019-02-08,188.0,191.35000610351562,186.25,187.9499969482422,181.60186767578125,58597
2019-02-11,185.0,188.25,181.60000610351562,183.85000610351562,177.64036560058594,61503
2019-02-12,184.5,191.0,181.3000030517578,189.60000610351562,183.19615173339844,80234
2019-02-14,187.89999389648438,189.89999389648438,185.35000610351562,187.5,181.1670684814453,43034
2019-02-15,187.89999389648438,187.89999389648438,182.10000610351562,183.3000030517578,177.1089324951172,54378
2019-02-18,184.60000610351562,188.10000610351562,180.0,182.14999389648438,175.99777221679688,51098
2019-02-19,181.5,186.75,181.5,184.5500030517578,178.31671142578125,101499
2019-02-20,185.0,189.0,183.3000030517578,187.60000610351562,181.26370239257812,48665
2019-02-21,187.0,191.0,184.60000610351562,186.1999969482422,179.91098022460938,90926
2019-02-22,185.0,188.60000610351562,184.1999969482422,186.0500030517578,179.76605224609375,37714
2019-02-25,190.0,199.0,189.60000610351562,197.5500030517578,190.87762451171875,277492
2019-02-26,195.6999969482422,204.60000610351562,189.5500030517578,199.0,192.27865600585938,173313
2019-02-27,202.5500030517578,208.5,198.0,199.6999969482422,192.9550018310547,144559
2019-02-28,200.3000030517578,211.9499969482422,200.1999969482422,205.6999969482422,198.75234985351562,292890
2019-03-01,208.8000030517578,212.75,206.0,206.60000610351562,199.62196350097656,129675
2019-03-05,202.35000610351562,206.60000610351562,202.0,202.8000030517578,195.9503173828125,120656
2019-03-06,203.5,209.4499969482422,201.14999389648438,203.25,196.38511657714844,127183
2019-03-07,203.0,207.0,198.0500030517578,199.6999969482422,192.9550018310547,113702
2019-03-08,197.6999969482422,201.8000030517578,197.6999969482422,200.60000610351562,193.82461547851562,55977
2019-03-11,199.5,202.39999389648438,198.1999969482422,199.1999969482422,192.47190856933594,69882
2019-03-12,200.89999389648438,207.6999969482422,199.5,201.89999389648438,195.08070373535156,225190
2019-03-13,202.0,202.89999389648438,197.60000610351562,198.10000610351562,191.4090576171875,60678
2019-03-14,198.85000610351562,199.60000610351562,196.6999969482422,197.5500030517578,190.87762451171875,35059
2019-03-15,196.10000610351562,198.89999389648438,193.1999969482422,194.6999969482422,188.12388610839844,79466
2019-03-18,193.10000610351562,196.0,191.0,191.89999389648438,185.41845703125,56297
2019-03-19,191.25,194.5,191.25,192.8000030517578,186.28807067871094,33231
2019-03-20,193.25,194.6999969482422,189.0500030517578,191.14999389648438,184.69378662109375,40925
2019-03-22,191.9499969482422,194.4499969482422,190.5,194.0500030517578,187.495849609375,411953
2019-03-25,192.85000610351562,192.85000610351562,187.0,188.1999969482422,181.8434295654297,75431
2019-03-26,188.89999389648438,193.5,188.85000610351562,189.5,183.0995330810547,50925
2019-03-27,190.4499969482422,193.0,189.0500030517578,189.9499969482422,183.53433227539062,59368
2019-03-28,192.0,192.60000610351562,190.3000030517578,191.60000610351562,185.12860107421875,31810
2019-04-01,192.75,192.75,187.5,188.5,182.13330078125,65330
2019-04-02,189.5500030517578,190.5,186.35000610351562,189.1999969482422,182.8096466064453,49741
2019-04-03,187.9499969482422,190.9499969482422,185.25,186.85000610351562,180.53903198242188,67714
2019-04-04,186.6999969482422,186.6999969482422,183.5,184.1999969482422,177.97853088378906,54741
2019-04-05,186.0,204.10000610351562,184.1999969482422,197.64999389648438,190.9742431640625,958028
2019-04-08,196.0,203.0,193.0500030517578,194.9499969482422,188.36544799804688,112347
2019-04-09,194.25,199.0,192.3000030517578,194.1999969482422,187.64077758789062,62287
2019-04-10,195.0,197.3000030517578,194.0,196.0500030517578,189.4282989501953,44717
2019-04-11,196.3000030517578,197.9499969482422,192.1999969482422,192.85000610351562,186.3363800048828,26926
2019-04-12,192.0,195.4499969482422,192.0,194.3000030517578,187.73741149902344,48711
2019-04-15,193.39999389648438,194.8000030517578,192.5500030517578,193.9499969482422,187.3992156982422,43041
2019-04-16,193.10000610351562,196.0,192.8000030517578,193.8000030517578,187.25428771972656,53830
2019-04-18,192.5500030517578,196.5,190.64999389648438,192.10000610351562,185.61170959472656,37137
2019-04-22,193.0,193.0,190.0,192.0500030517578,185.5634002685547,27864
2019-04-23,192.8000030517578,194.0,187.25,188.14999389648438,181.79510498046875,21911
2019-04-24,190.3000030517578,190.5,186.6999969482422,189.5,183.0995330810547,28794
2019-04-25,189.0,195.0,188.5500030517578,193.10000610351562,186.57794189453125,66378
2019-04-26,191.60000610351562,197.8000030517578,191.60000610351562,193.4499969482422,186.91610717773438,117469
2019-04-30,191.6999969482422,193.5,186.0,186.85000610351562,180.53903198242188,25389
2019-05-02,187.9499969482422,188.89999389648438,186.0,187.75,181.40863037109375,21241
2019-05-03,189.5,194.64999389648438,187.0,192.3000030517578,185.80496215820312,48746
2019-05-06,192.0,192.89999389648438,189.25,189.60000610351562,183.19615173339844,31014
2019-05-07,191.8000030517578,191.8000030517578,180.0,183.0500030517578,176.8673858642578,51972
2019-05-08,184.89999389648438,184.89999389648438,173.0,175.75,169.81393432617188,237796
2019-05-09,175.64999389648438,175.64999389648438,168.5500030517578,169.0500030517578,163.34024047851562,61808
2019-05-10,172.0,175.0,167.0,171.4499969482422,165.65916442871094,40614
2019-05-13,168.0,171.64999389648438,161.5,165.14999389648438,159.5719451904297,64067
2019-05-14,162.0,169.75,160.0500030517578,166.1999969482422,160.58648681640625,67299
2019-05-15,167.0,167.85000610351562,164.14999389648438,166.10000610351562,160.48988342285156,35063
2019-05-16,166.8000030517578,170.0,165.64999389648438,168.14999389648438,162.4706268310547,24976
2019-05-17,169.8000030517578,173.0,167.39999389648438,172.35000610351562,166.52877807617188,42320
2019-05-20,174.5,177.4499969482422,171.9499969482422,175.64999389648438,169.71730041503906,84469
2019-05-21,176.5,177.8000030517578,170.5500030517578,174.0,168.123046875,21754
2019-05-22,172.0,177.35000610351562,170.4499969482422,172.5,166.6737060546875,41679
2019-05-23,173.0,175.5500030517578,165.3000030517578,168.85000610351562,163.14698791503906,100846
2019-05-24,168.0,175.0,168.0,174.14999389648438,168.26797485351562,48150
2019-05-27,175.60000610351562,180.39999389648438,175.0,177.1999969482422,171.21495056152344,44426
2019-05-28,178.0,180.0500030517578,175.5,176.4499969482422,170.49029541015625,47121
2019-05-29,177.1999969482422,177.1999969482422,173.35000610351562,174.14999389648438,168.26797485351562,21461
2019-05-30,173.0,173.0,167.14999389648438,168.10000610351562,162.42233276367188,68509
2019-05-31,168.5,173.4499969482422,167.3000030517578,169.0,163.2919158935547,44513
2019-06-03,169.10000610351562,171.5,169.0,169.9499969482422,164.2098388671875,58975
2019-06-04,173.25,173.25,168.64999389648438,170.35000610351562,164.59632873535156,59706
2019-06-06,170.3000030517578,170.75,168.25,169.9499969482422,164.2098388671875,46770
2019-06-07,170.0,170.89999389648438,168.0,170.0,164.25814819335938,58661
2019-06-10,168.14999389648438,170.8000030517578,166.5,167.5,161.8425750732422,21663
2019-06-11,167.60000610351562,169.4499969482422,166.0,167.0,161.35948181152344,81994
2019-06-12,166.89999389648438,167.60000610351562,164.0,164.9499969482422,159.3787078857422,55265
2019-06-13,164.0,165.75,162.0,163.0500030517578,157.5428924560547,20915
2019-06-14,162.0,163.14999389648438,160.0,160.85000610351562,155.4171905517578,23104
2019-06-17,160.85000610351562,160.85000610351562,155.14999389648438,157.6999969482422,152.3735809326172,61112
2019-06-18,157.5,159.5500030517578,156.25,157.64999389648438,152.3252716064453,20965
2019-06-19,157.25,158.6999969482422,155.89999389648438,157.39999389648438,152.08370971679688,25878
2019-06-20,156.0,159.89999389648438,153.10000610351562,158.1999969482422,152.85670471191406,19758
2019-06-21,155.1999969482422,160.60000610351562,155.0,156.25,150.97256469726562,17877
2019-06-24,156.0,162.6999969482422,155.1999969482422,156.1999969482422,150.9242401123047,13517
2019-06-25,154.64999389648438,157.5,154.64999389648438,156.60000610351562,151.3107452392578,15553
2019-06-26,156.39999389648438,159.64999389648438,156.14999389648438,157.85000610351562,152.51852416992188,12800
2019-06-27,158.0500030517578,162.60000610351562,158.0500030517578,161.89999389648438,156.43173217773438,23187
2019-06-28,160.0,165.0,160.0,164.3000030517578,158.75067138671875,34690
2019-07-01,164.3000030517578,165.0,163.0,163.64999389648438,158.12261962890625,13827
2019-07-02,163.0500030517578,165.1999969482422,161.14999389648438,161.89999389648438,156.43173217773438,10445
2019-07-03,162.0,163.75,159.1999969482422,161.0,155.5621337890625,8226
2019-07-04,160.5,163.10000610351562,159.0,161.0500030517578,155.61044311523438,11161
2019-07-05,159.89999389648438,162.5,155.0500030517578,157.39999389648438,152.08370971679688,14675
2019-07-08,156.9499969482422,159.0,151.0,153.6999969482422,148.50869750976562,30813
2019-07-09,153.3000030517578,154.89999389648438,152.0,153.14999389648438,147.97726440429688,13156
2019-07-10,151.9499969482422,154.85000610351562,151.0500030517578,152.1999969482422,147.05935668945312,14865
2019-07-11,152.35000610351562,153.89999389648438,151.10000610351562,151.75,146.6245574951172,6046
2019-07-12,151.5,153.39999389648438,150.5,151.14999389648438,146.04481506347656,13641
2019-07-15,151.5,152.89999389648438,150.0500030517578,150.35000610351562,145.27183532714844,6516
2019-07-16,150.0,152.35000610351562,139.5500030517578,140.8000030517578,136.04440307617188,96801
2019-07-17,141.9499969482422,142.0,123.0,128.25,123.91828155517578,257003
2019-07-18,130.0,132.5500030517578,126.5,127.30000305175781,123.00037384033203,39506
2019-07-19,127.30000305175781,128.0,123.0,124.69999694824219,120.4881820678711,24952
2019-07-22,124.69999694824219,132.0,120.0,125.30000305175781,121.06791687011719,40739
2019-07-23,125.30000305175781,128.64999389648438,125.30000305175781,126.9000015258789,122.61387634277344,11935
2019-07-24,126.0,126.75,124.5,125.4000015258789,121.16454315185547,15365
2019-07-25,123.0999984741211,129.10000610351562,122.75,125.4000015258789,121.16454315185547,9913
2019-07-26,126.9000015258789,126.9000015258789,122.5,123.44999694824219,119.2803955078125,29482
2019-07-29,123.44999694824219,124.69999694824219,114.19999694824219,114.80000305175781,110.92256164550781,72446
2019-07-30,116.69999694824219,116.69999694824219,108.5,109.25,105.56002044677734,61210
2019-07-31,108.0,108.8499984741211,101.5999984741211,102.44999694824219,98.98968505859375,190162
2019-08-01,102.69999694824219,106.9000015258789,92.05000305175781,93.44999694824219,92.64482879638672,266342
2019-08-02,93.19999694824219,93.19999694824219,74.80000305175781,75.05000305175781,74.40337371826172,2346973
2019-08-05,75.0,82.55000305175781,74.0,77.94999694824219,77.27837371826172,1100051
2019-08-06,77.19999694824219,85.69999694824219,77.19999694824219,85.69999694824219,84.96160125732422,1048272
2019-08-07,89.9000015258789,92.9000015258789,77.5999984741211,81.30000305175781,80.59951782226562,858121
2019-08-08,81.9000015258789,85.0,78.5,84.8499984741211,84.11892700195312,109143
2019-08-09,83.1500015258789,90.0,82.0,83.69999694824219,82.97883605957031,179190
2019-08-13,81.0999984741211,84.5,78.5,79.25,78.56717681884766,129506
2019-08-14,80.0,87.1500015258789,79.30000305175781,87.1500015258789,86.39911651611328,238082
2019-08-16,86.94999694824219,92.6500015258789,86.0,88.6500015258789,87.88619232177734,136760
2019-08-19,88.6500015258789,91.80000305175781,88.0,88.4000015258789,87.63834381103516,574066
2019-08-20,90.9000015258789,91.0,87.5,90.4000015258789,89.62110900878906,445309
2019-08-21,89.0,91.80000305175781,87.5,89.6500015258789,88.87757110595703,761866
2019-08-22,91.0,91.69999694824219,88.4000015258789,88.9000015258789,88.134033203125,42187
2019-08-23,88.0,90.0,87.5,89.1500015258789,88.38188171386719,25444
2019-08-26,91.0,95.5,90.0999984741211,93.0999984741211,92.29784393310547,327687
2019-08-27,94.0,99.0,92.19999694824219,95.9000015258789,95.07372283935547,148733
2019-08-28,98.0,98.0,95.0999984741211,96.55000305175781,95.71812438964844,157634
2019-08-29,97.4000015258789,97.4000015258789,92.0999984741211,93.0,92.1987075805664,35253
2019-08-30,92.5,96.0,92.5,95.30000305175781,94.47889709472656,278534
2019-09-03,92.5,95.0,92.5,93.9000015258789,93.09095764160156,31899
2019-09-04,93.0,95.30000305175781,93.0,94.5,93.68578338623047,25724
2019-09-05,93.55000305175781,95.69999694824219,93.4000015258789,94.75,93.93363189697266,12562
2019-09-06,97.44999694824219,98.19999694824219,94.4000015258789,97.25,96.41209411621094,37478
2019-09-09,96.0999984741211,98.6500015258789,94.0999984741211,95.3499984741211,94.52845764160156,39924
2019-09-11,94.5,104.0,94.5,100.30000305175781,99.4358139038086,110593
2019-09-12,101.4000015258789,104.5,100.0,100.0999984741211,99.23753356933594,89943
2019-09-13,102.94999694824219,102.94999694824219,100.0,100.94999694824219,100.08020782470703,29771
2019-09-16,100.5,100.9000015258789,98.44999694824219,99.4000015258789,98.54357147216797,49870
2019-09-17,98.55000305175781,100.44999694824219,96.0,97.30000305175781,96.46166229248047,41305
2019-09-18,96.3499984741211,97.6500015258789,93.5999984741211,96.25,95.42070770263672,32060
2019-09-19,96.4000015258789,97.80000305175781,93.0,95.69999694824219,94.87544250488281,38828
2019-09-20,96.0,105.25,94.0,99.94999694824219,99.08882141113281,162434
2019-09-23,100.5999984741211,105.0,98.05000305175781,100.6500015258789,99.78279876708984,1178200
2019-09-24,100.6500015258789,108.0999984741211,99.5,107.1500015258789,106.22679138183594,322233
2019-09-25,107.0,107.5999984741211,102.30000305175781,105.80000305175781,104.888427734375,71698
2019-09-26,105.5,106.44999694824219,103.6500015258789,105.94999694824219,105.0371322631836,81892
2019-09-27,106.9000015258789,108.0,103.0,103.6500015258789,102.75695037841797,35216
2019-09-30,103.5,105.5,99.19999694824219,104.25,103.35177612304688,47074
2019-10-01,106.9000015258789,106.9000015258789,100.0,101.0,100.1297836303711,129077
2019-10-03,100.9000015258789,101.05000305175781,93.0,94.05000305175781,93.23966217041016,170481
2019-10-04,95.55000305175781,97.6500015258789,92.0,92.4000015258789,91.6038818359375,38756
2019-10-07,92.5999984741211,95.5999984741211,90.4000015258789,91.8499984741211,91.0586166381836,27705
2019-10-09,91.3499984741211,100.5,87.5999984741211,94.55000305175781,93.73535919189453,662145
2019-10-10,97.0,102.9000015258789,94.0,95.69999694824219,94.87544250488281,25298
2019-10-11,96.5999984741211,99.8499984741211,93.0,97.30000305175781,96.46166229248047,42880
2019-10-14,97.0,100.5,96.1500015258789,100.0999984741211,99.23753356933594,32680
2019-10-15,100.9000015258789,109.5,100.75,105.19999694824219,104.29359436035156,944321
2019-10-16,106.44999694824219,106.44999694824219,100.5999984741211,102.25,101.36901092529297,76079
2019-10-17,102.8499984741211,105.80000305175781,99.0,103.94999694824219,103.05435943603516,129651
2019-10-18,102.4000015258789,104.9000015258789,102.0,102.44999694824219,101.5672836303711,56445
2019-10-22,101.0999984741211,105.94999694824219,100.0999984741211,104.6500015258789,103.74833679199219,373027
2019-10-23,104.30000305175781,105.75,102.55000305175781,105.0,104.0953140258789,109130
2019-10-24,105.0999984741211,110.30000305175781,103.94999694824219,106.19999694824219,105.28497314453125,140000
2019-10-25,107.9000015258789,108.5,104.05000305175781,105.05000305175781,104.14488983154297,57141
2019-10-29,99.9000015258789,106.5,96.05000305175781,105.4000015258789,104.49187469482422,206181
2019-10-30,106.44999694824219,121.19999694824219,103.1500015258789,109.75,108.80438995361328,280466
2019-10-31,109.9000015258789,113.4000015258789,108.0,109.05000305175781,108.11042785644531,71148
2019-11-01,107.69999694824219,112.0,107.69999694824219,109.1500015258789,108.20956420898438,42745
2019-11-04,108.0,110.94999694824219,105.5,106.30000305175781,105.38411712646484,45199
2019-11-05,106.5,111.0,105.0,106.94999694824219,106.02851104736328,266246
2019-11-06,105.25,107.05000305175781,104.0999984741211,105.0,104.0953140258789,36800
2019-11-07,106.0,107.0,103.4000015258789,104.0999984741211,103.20307159423828,37402
2019-11-08,105.80000305175781,105.80000305175781,103.05000305175781,105.05000305175781,104.14488983154297,67467
2019-11-11,105.80000305175781,109.0,101.4000015258789,102.75,101.86470031738281,48590
2019-11-13,101.0,104.30000305175781,100.05000305175781,100.80000305175781,99.93151092529297,33046
2019-11-14,100.0,101.0,97.69999694824219,98.0,97.15563201904297,36200
2019-11-15,98.44999694824219,101.5999984741211,98.4000015258789,99.0,98.14701080322266,39491
2019-11-18,100.0,100.1500015258789,97.19999694824219,98.0,97.15563201904297,22982
2019-11-19,99.9000015258789,99.9000015258789,98.05000305175781,98.4000015258789,97.55218505859375,22320
2019-11-20,98.0,98.44999694824219,96.94999694824219,97.4000015258789,96.56079864501953,16902
2019-11-21,97.0,98.3499984741211,96.55000305175781,96.9000015258789,96.06510925292969,22155
2019-11-22,98.55000305175781,99.30000305175781,95.30000305175781,98.19999694824219,97.3539047241211,29903
2019-11-25,98.19999694824219,99.9000015258789,97.1500015258789,97.44999694824219,96.61036682128906,20462
2019-11-26,97.44999694824219,100.0,97.44999694824219,98.19999694824219,97.3539047241211,16182
2019-11-27,99.75,99.75,98.0,99.1500015258789,98.29572296142578,28535
2019-11-28,99.25,99.8499984741211,97.4000015258789,98.4000015258789,97.55218505859375,21980
2019-11-29,97.5,99.44999694824219,95.05000305175781,95.6500015258789,94.82588195800781,58242
2019-12-02,95.5,96.9000015258789,94.5,95.0,94.18148040771484,24051
2019-12-03,94.5,97.44999694824219,94.0,94.44999694824219,93.63621520996094,19235
2019-12-04,95.8499984741211,95.8499984741211,93.44999694824219,94.4000015258789,93.5866470336914,15643
2019-12-05,94.69999694824219,95.0999984741211,93.5,93.9000015258789,93.09095764160156,10183
2019-12-06,93.9000015258789,95.5,91.1500015258789,92.19999694824219,91.40560150146484,22150
2019-12-09,92.19999694824219,94.9000015258789,91.0999984741211,92.25,91.45516967773438,8187
2019-12-10,91.05000305175781,92.80000305175781,89.25,89.5999984741211,88.8280029296875,14023
2019-12-11,90.5,90.9000015258789,87.5999984741211,88.0999984741211,87.34092712402344,13244
2019-12-12,87.3499984741211,91.05000305175781,87.3499984741211,89.69999694824219,88.92713928222656,16150
2019-12-13,91.5999984741211,93.25,90.75,91.5,90.71163177490234,13635
2019-12-16,91.0,94.9000015258789,91.0,94.19999694824219,93.38836669921875,15867
2019-12-17,95.9000015258789,96.9000015258789,94.4000015258789,96.0999984741211,95.2719955444336,18395
2019-12-18,96.8499984741211,98.0,94.05000305175781,94.5,93.68578338623047,17235
2019-12-19,97.8499984741211,97.8499984741211,94.0,95.25,94.4293212890625,11903
2019-12-20,96.80000305175781,96.80000305175781,94.05000305175781,94.44999694824219,93.63621520996094,8504
2019-12-23,93.0,95.94999694824219,89.0999984741211,91.4000015258789,90.61249542236328,36464
2019-12-24,93.3499984741211,93.3499984741211,91.05000305175781,91.4000015258789,90.61249542236328,14093
2019-12-26,92.5,97.94999694824219,91.4000015258789,95.5,94.67716979980469,48134
2019-12-27,95.5,97.80000305175781,94.0999984741211,95.0,94.18148040771484,24059
2019-12-30,95.0999984741211,97.5,94.0,94.75,93.93363189697266,17412
2019-12-31,94.5,97.0999984741211,94.5,96.05000305175781,95.2224349975586,14926
2020-01-01,95.69999694824219,98.30000305175781,95.69999694824219,97.25,96.41209411621094,21801
2020-01-02,99.6500015258789,102.30000305175781,98.05000305175781,99.5,98.64270782470703,73005
2020-01-03,100.0,102.05000305175781,97.3499984741211,97.75,96.90778350830078,43336
2020-01-06,95.44999694824219,96.94999694824219,94.0,94.3499984741211,93.53707885742188,24000
2020-01-07,94.6500015258789,97.80000305175781,94.6500015258789,95.5,94.67716979980469,9547
2020-01-08,93.5,96.0,92.0,93.5,92.69440460205078,33356
2020-01-09,96.1500015258789,96.19999694824219,94.0999984741211,95.6500015258789,94.82588195800781,15132
2020-01-10,95.6500015258789,109.9000015258789,95.0,102.25,101.36901092529297,682680
2020-01-13,102.5,107.80000305175781,101.30000305175781,105.25,104.3431625366211,424932
2020-01-14,106.4000015258789,108.5,104.0,107.55000305175781,106.62335205078125,179955
2020-01-15,108.0,112.4000015258789,106.30000305175781,111.1500015258789,110.19232940673828,137356
2020-01-16,112.30000305175781,114.05000305175781,111.19999694824219,112.0,111.03500366210938,92484
2020-01-17,114.5999984741211,114.5999984741211,109.5,110.3499984741211,109.39922332763672,61234
2020-01-20,109.0,111.5,105.5,106.3499984741211,105.43368530273438,34190
2020-01-21,106.30000305175781,106.9000015258789,104.0999984741211,104.5,103.59962463378906,41503
2020-01-22,106.4000015258789,106.4000015258789,103.0,103.5,102.60823822021484,20039
2020-01-23,104.5,104.5,100.69999694824219,101.19999694824219,100.32805633544922,34395
2020-01-24,101.25,104.5,101.25,103.9000015258789,103.00479888916016,74552
2020-01-27,103.0,103.80000305175781,101.30000305175781,102.4000015258789,101.5177230834961,22883
2020-01-28,103.3499984741211,103.3499984741211,99.5999984741211,100.05000305175781,99.1879653930664,13716
2020-01-29,100.5,101.69999694824219,99.25,99.5,98.64270782470703,18320
2020-01-30,100.5999984741211,100.5999984741211,96.8499984741211,97.9000015258789,97.0564956665039,24469
2020-01-31,97.55000305175781,99.5,95.0999984741211,96.05000305175781,95.2224349975586,19215
2020-02-03,93.0,95.0,92.55000305175781,93.19999694824219,92.39698028564453,21052
2020-02-04,92.80000305175781,95.69999694824219,92.80000305175781,93.30000305175781,92.49612426757812,28417
2020-02-05,93.55000305175781,97.5999984741211,93.55000305175781,97.0,96.16424560546875,19671
2020-02-06,97.0,99.19999694824219,95.0999984741211,96.0999984741211,95.2719955444336,14437
2020-02-07,95.25,98.0,95.25,97.44999694824219,96.61036682128906,17915
2020-02-10,97.44999694824219,97.5,95.19999694824219,95.4000015258789,94.57803344726562,9436
2020-02-11,95.05000305175781,100.0,95.05000305175781,95.5,94.67716979980469,42173
2020-02-12,95.1500015258789,95.6500015258789,93.0,93.3499984741211,92.54569244384766,22698
2020-02-13,93.25,98.69999694824219,93.25,94.9000015258789,94.08234405517578,11841
2020-02-14,95.4000015258789,99.0,94.94999694824219,95.69999694824219,94.87544250488281,22276
2020-02-17,94.0999984741211,95.94999694824219,92.55000305175781,92.8499984741211,92.05000305175781,11571
2020-02-18,93.05000305175781,93.6500015258789,90.0,90.5999984741211,90.5999984741211,23897
2020-02-19,92.0,93.4000015258789,90.1500015258789,92.0999984741211,92.0999984741211,24103
2020-02-20,92.94999694824219,97.4000015258789,92.0999984741211,95.8499984741211,95.8499984741211,30956
2020-02-24,95.5,95.5,92.25,92.94999694824219,92.94999694824219,11224
2020-02-25,92.94999694824219,94.5,91.0,92.69999694824219,92.69999694824219,17139
2020-02-26,90.5,92.5999984741211,90.0,90.19999694824219,90.19999694824219,21463
2020-02-27,90.0,90.19999694824219,83.0,86.0,86.0,36907
2020-02-28,85.80000305175781,85.80000305175781,80.0999984741211,82.94999694824219,82.94999694824219,50108
2020-03-02,84.0,87.30000305175781,81.5,82.25,82.25,18585
2020-03-03,83.05000305175781,84.8499984741211,80.0,80.8499984741211,80.8499984741211,24223
2020-03-04,80.8499984741211,82.0,79.5,80.1500015258789,80.1500015258789,19282
2020-03-05,80.94999694824219,84.0,77.4000015258789,81.55000305175781,81.55000305175781,13791
2020-03-06,81.55000305175781,84.0,76.55000305175781,81.30000305175781,81.30000305175781,12208
2020-03-09,80.9000015258789,80.9000015258789,72.5,75.8499984741211,75.8499984741211,45560
2020-03-11,75.8499984741211,85.9000015258789,75.0,82.3499984741211,82.3499984741211,31224
2020-03-12,81.0,81.0,68.0,71.44999694824219,71.44999694824219,73415
2020-03-13,70.0,71.4000015258789,57.20000076293945,69.6500015258789,69.6500015258789,43410
2020-03-16,67.0999984741211,69.0,66.0,66.4000015258789,66.4000015258789,22178
2020-03-17,67.05000305175781,68.9000015258789,65.19999694824219,66.0,66.0,15008
2020-03-18,68.0,68.0,55.349998474121094,56.79999923706055,56.79999923706055,67491
2020-03-19,54.099998474121094,55.099998474121094,50.0,51.20000076293945,51.20000076293945,62497
2020-03-20,50.099998474121094,57.0,50.099998474121094,55.20000076293945,55.20000076293945,123410
2020-03-23,50.0,62.79999923706055,48.0,60.54999923706055,60.54999923706055,52593
2020-03-24,56.599998474121094,63.79999923706055,50.650001525878906,59.75,59.75,50445
2020-03-25,61.0,61.0,54.20000076293945,58.0,58.0,39791
2020-03-26,59.900001525878906,61.29999923706055,55.5,58.70000076293945,58.70000076293945,79480
2020-03-27,64.5,64.5,58.0,59.95000076293945,59.95000076293945,32253
2020-03-30,59.0,59.79999923706055,52.29999923706055,58.75,58.75,22379
2020-03-31,60.0,60.0,58.0,58.95000076293945,58.95000076293945,23471
2020-04-01,58.79999923706055,60.70000076293945,56.599998474121094,57.650001525878906,57.650001525878906,10251
2020-04-03,62.0,62.0,56.0,57.900001525878906,57.900001525878906,10955
2020-04-07,58.099998474121094,60.900001525878906,57.400001525878906,58.75,58.75,23660
2020-04-08,58.54999923706055,60.0,58.0,58.349998474121094,58.349998474121094,25907
2020-04-09,59.95000076293945,60.75,59.0,59.70000076293945,59.70000076293945,111358
2020-04-13,65.0,65.0,58.04999923706055,58.650001525878906,58.650001525878906,312323
2020-04-15,59.25,60.900001525878906,59.099998474121094,60.349998474121094,60.349998474121094,109043
2020-04-16,60.349998474121094,62.20000076293945,58.150001525878906,58.45000076293945,58.45000076293945,140711
2020-04-17,59.04999923706055,67.80000305175781,59.0,66.30000305175781,66.30000305175781,867506
2020-04-20,69.94999694824219,79.55000305175781,68.30000305175781,76.9000015258789,76.9000015258789,4122175
2020-04-21,72.0,75.0,71.0,72.1500015258789,72.1500015258789,283940
2020-04-22,72.1500015258789,74.0,67.5,71.05000305175781,71.05000305175781,195424
2020-04-23,74.0,74.0,70.05000305175781,70.9000015258789,70.9000015258789,84265
2020-04-24,70.19999694824219,72.0,68.19999694824219,68.94999694824219,68.94999694824219,71487
2020-04-27,68.9000015258789,76.69999694824219,68.75,75.30000305175781,75.30000305175781,503205
2020-04-28,75.8499984741211,75.8499984741211,71.5,72.05000305175781,72.05000305175781,110585
2020-04-29,72.0999984741211,74.1500015258789,70.5,71.80000305175781,71.80000305175781,83721
2020-04-30,72.30000305175781,73.6500015258789,70.25,71.0,71.0,128073
2020-05-04,69.94999694824219,69.94999694824219,67.0,67.44999694824219,67.44999694824219,88869
2020-05-05,68.69999694824219,69.80000305175781,65.55000305175781,65.94999694824219,65.94999694824219,61502
2020-05-06,67.94999694824219,67.94999694824219,63.099998474121094,64.0999984741211,64.0999984741211,138540
2020-05-07,66.0999984741211,67.94999694824219,64.5,65.6500015258789,65.6500015258789,129622
2020-05-08,66.0,66.8499984741211,62.95000076293945,64.05000305175781,64.05000305175781,91431
2020-05-11,65.30000305175781,65.30000305175781,63.400001525878906,63.900001525878906,63.900001525878906,73224
2020-05-12,63.04999923706055,63.900001525878906,61.099998474121094,62.400001525878906,62.400001525878906,73478
2020-05-13,68.0,68.0,62.849998474121094,64.0,64.0,174946
2020-05-14,63.0,64.5999984741211,62.5,63.25,63.25,46988
2020-05-15,63.79999923706055,64.05000305175781,62.29999923706055,63.20000076293945,63.20000076293945,42605
2020-05-18,62.45000076293945,62.95000076293945,58.20000076293945,58.79999923706055,58.79999923706055,104637
2020-05-19,56.0,60.0,56.0,58.400001525878906,58.400001525878906,52490
2020-05-20,58.29999923706055,61.0,57.099998474121094,59.650001525878906,59.650001525878906,74049
2020-05-21,59.95000076293945,62.5,59.5,60.650001525878906,60.650001525878906,56181
2020-05-22,60.650001525878906,60.95000076293945,58.25,59.20000076293945,59.20000076293945,42697
2020-05-26,60.0,60.95000076293945,58.5,59.099998474121094,59.099998474121094,26637
2020-05-27,59.099998474121094,60.5,58.5,59.650001525878906,59.650001525878906,27048
2020-05-28,59.95000076293945,70.4000015258789,59.5,68.0,68.0,626201
2020-05-29,66.1500015258789,67.0,64.19999694824219,66.0,66.0,98740
2020-06-01,66.6500015258789,69.69999694824219,66.0,67.55000305175781,67.55000305175781,120902
2020-06-02,67.9000015258789,67.9000015258789,66.1500015258789,66.44999694824219,66.44999694824219,89414
2020-06-03,66.80000305175781,69.05000305175781,66.5,66.69999694824219,66.69999694824219,159897
2020-06-04,67.30000305175781,67.30000305175781,65.0,65.75,65.75,101974
2020-06-05,66.44999694824219,71.0,66.44999694824219,67.94999694824219,67.94999694824219,230825
