Date,Open,High,Low,Close,Adj Close,Volume
2012-08-28,12.050000190734863,12.649999618530273,12.050000190734863,12.649999618530273,12.649999618530273,4756
2012-08-29,13.25,13.25,12.949999809265137,12.949999809265137,12.949999809265137,210
2012-08-30,13.550000190734863,13.550000190734863,13.050000190734863,13.050000190734863,13.050000190734863,6
2012-08-31,13.600000381469727,13.600000381469727,12.399999618530273,12.399999618530273,12.399999618530273,502
2012-09-03,13.020000457763672,13.020000457763672,11.789999961853027,11.789999961853027,11.789999961853027,251
2012-09-04,11.789999961853027,11.789999961853027,11.789999961853027,11.789999961853027,11.789999961853027,0
2012-09-05,11.210000038146973,11.210000038146973,11.210000038146973,11.210000038146973,11.210000038146973,5
2012-09-06,10.649999618530273,10.649999618530273,10.649999618530273,10.649999618530273,10.649999618530273,20
2012-09-07,10.119999885559082,10.119999885559082,10.119999885559082,10.119999885559082,10.119999885559082,600
2012-09-10,9.300000190734863,9.979999542236328,8.949999809265137,9.979999542236328,9.979999542236328,5105
2012-09-11,10.350000381469727,10.350000381469727,10.350000381469727,10.350000381469727,10.350000381469727,1
2012-09-12,8.5,10.449999809265137,8.430000305175781,8.449999809265137,8.449999809265137,1540
2012-09-13,9.899999618530273,9.899999618530273,8.260000228881836,9.470000267028809,9.470000267028809,169
2012-09-14,11.0,11.0,8.550000190734863,10.0,10.0,1158
2012-09-17,10.600000381469727,10.600000381469727,10.600000381469727,10.600000381469727,10.600000381469727,9
2012-09-18,11.229999542236328,11.229999542236328,9.979999542236328,9.979999542236328,9.979999542236328,28
2012-09-20,9.979999542236328,9.979999542236328,9.979999542236328,9.979999542236328,9.979999542236328,0
2012-09-21,10.489999771118164,10.489999771118164,9.600000381469727,9.600000381469727,9.600000381469727,110
2012-09-24,11.489999771118164,11.489999771118164,7.690000057220459,8.369999885559082,8.369999885559082,1900
2012-09-25,8.380000114440918,8.380000114440918,8.380000114440918,8.380000114440918,8.380000114440918,600
2012-09-26,9.890000343322754,9.890000343322754,9.880000114440918,9.880000114440918,9.880000114440918,2
2012-09-27,7.929999828338623,8.890000343322754,7.909999847412109,8.220000267028809,8.220000267028809,1848
2012-09-28,9.649999618530273,9.649999618530273,8.220000267028809,9.510000228881836,9.510000228881836,1550
2012-10-01,9.039999961853027,9.039999961853027,9.039999961853027,9.039999961853027,9.039999961853027,100
2012-10-03,8.59000015258789,8.989999771118164,7.239999771118164,7.289999961853027,7.289999961853027,1220
2012-10-04,8.529999732971191,8.6899995803833,7.289999961853027,7.300000190734863,7.300000190734863,359
2012-10-05,8.720000267028809,8.720000267028809,8.710000038146973,8.710000038146973,8.710000038146973,2
2012-10-08,8.449999809265137,8.829999923706055,7.300000190734863,8.829999923706055,8.829999923706055,601
2012-10-09,8.390000343322754,9.800000190734863,7.150000095367432,8.470000267028809,8.470000267028809,748
2012-10-10,8.470000267028809,8.470000267028809,8.470000267028809,8.470000267028809,8.470000267028809,0
2012-10-11,8.0,8.319999694824219,6.800000190734863,8.239999771118164,8.239999771118164,1903
2012-10-12,7.820000171661377,8.890000343322754,7.820000171661377,8.119999885559082,8.119999885559082,52
2012-10-15,7.75,7.75,6.510000228881836,7.039999961853027,7.039999961853027,1927
2012-10-16,7.039999961853027,7.539999961853027,7.039999961853027,7.53000020980835,7.53000020980835,202
2012-10-17,7.260000228881836,7.480000019073486,7.260000228881836,7.480000019073486,7.480000019073486,53
2012-10-18,7.179999828338623,7.579999923706055,6.5,7.409999847412109,7.409999847412109,57
2012-10-19,7.099999904632568,7.099999904632568,7.099999904632568,7.099999904632568,7.099999904632568,50
2012-10-22,6.739999771118164,7.0,6.619999885559082,7.0,7.0,320
2012-10-23,6.900000095367432,6.900000095367432,6.900000095367432,6.900000095367432,6.900000095367432,50
2012-10-25,6.349999904632568,6.940000057220459,5.769999980926514,6.03000020980835,6.03000020980835,4500
2012-10-29,6.96999979019165,6.96999979019165,6.96999979019165,6.96999979019165,6.96999979019165,510
2012-10-30,6.019999980926514,6.5,6.019999980926514,6.489999771118164,6.489999771118164,1746
2012-10-31,5.380000114440918,5.380000114440918,5.380000114440918,5.380000114440918,5.380000114440918,155
2012-11-01,5.380000114440918,5.380000114440918,5.380000114440918,5.380000114440918,5.380000114440918,0
2012-11-02,6.449999809265137,6.449999809265137,6.400000095367432,6.400000095367432,6.400000095367432,119
2012-11-05,7.650000095367432,7.650000095367432,7.650000095367432,7.650000095367432,7.650000095367432,35
2012-11-06,9.140000343322754,9.149999618530273,6.21999979019165,7.599999904632568,7.599999904632568,2618
2012-11-07,7.5,7.980000019073486,7.5,7.980000019073486,7.980000019073486,106
2012-11-08,7.980000019073486,7.980000019073486,7.980000019073486,7.980000019073486,7.980000019073486,0
2012-11-09,8.369999885559082,8.369999885559082,8.369999885559082,8.369999885559082,8.369999885559082,4
2012-11-12,8.369999885559082,8.369999885559082,8.369999885559082,8.369999885559082,8.369999885559082,2
2012-11-15,8.779999732971191,8.779999732971191,7.960000038146973,8.739999771118164,8.739999771118164,8
2012-11-16,9.149999618530273,9.149999618530273,8.399999618530273,8.399999618530273,8.399999618530273,1005
2012-11-19,8.399999618530273,8.399999618530273,8.399999618530273,8.399999618530273,8.399999618530273,0
2012-11-20,8.800000190734863,8.800000190734863,8.800000190734863,8.800000190734863,8.800000190734863,5
2012-11-21,8.800000190734863,8.800000190734863,8.800000190734863,8.800000190734863,8.800000190734863,25
2012-11-22,8.369999885559082,8.369999885559082,8.369999885559082,8.369999885559082,8.369999885559082,2
2012-11-23,8.369999885559082,8.369999885559082,8.369999885559082,8.369999885559082,8.369999885559082,100
2012-11-26,8.369999885559082,8.369999885559082,8.369999885559082,8.369999885559082,8.369999885559082,0
2012-11-27,8.369999885559082,8.369999885559082,8.369999885559082,8.369999885559082,8.369999885559082,0
2012-11-29,8.369999885559082,8.369999885559082,8.369999885559082,8.369999885559082,8.369999885559082,5
2012-11-30,8.369999885559082,8.369999885559082,8.369999885559082,8.369999885559082,8.369999885559082,1
2012-12-03,8.369999885559082,8.369999885559082,8.369999885559082,8.369999885559082,8.369999885559082,0
2012-12-04,8.369999885559082,8.369999885559082,8.369999885559082,8.369999885559082,8.369999885559082,0
2012-12-05,8.369999885559082,8.369999885559082,8.369999885559082,8.369999885559082,8.369999885559082,0
2012-12-06,8.369999885559082,8.369999885559082,8.369999885559082,8.369999885559082,8.369999885559082,0
2012-12-07,8.369999885559082,8.369999885559082,8.369999885559082,8.369999885559082,8.369999885559082,0
2012-12-10,8.369999885559082,8.369999885559082,8.369999885559082,8.369999885559082,8.369999885559082,0
2012-12-11,8.369999885559082,8.369999885559082,8.369999885559082,8.369999885559082,8.369999885559082,0
2012-12-12,8.369999885559082,8.369999885559082,8.369999885559082,8.369999885559082,8.369999885559082,0
2012-12-13,7.960000038146973,7.960000038146973,7.960000038146973,7.960000038146973,7.960000038146973,100
2012-12-14,7.570000171661377,7.570000171661377,7.570000171661377,7.570000171661377,7.570000171661377,100
2012-12-17,7.570000171661377,7.570000171661377,7.210000038146973,7.210000038146973,7.210000038146973,3
2012-12-18,6.849999904632568,6.849999904632568,6.849999904632568,6.849999904632568,6.849999904632568,459
2012-12-19,6.849999904632568,6.849999904632568,6.849999904632568,6.849999904632568,6.849999904632568,0
2012-12-20,6.849999904632568,6.849999904632568,6.849999904632568,6.849999904632568,6.849999904632568,0
2012-12-21,6.849999904632568,6.849999904632568,6.849999904632568,6.849999904632568,6.849999904632568,0
2012-12-24,6.849999904632568,6.849999904632568,6.849999904632568,6.849999904632568,6.849999904632568,0
2012-12-26,6.849999904632568,6.849999904632568,6.849999904632568,6.849999904632568,6.849999904632568,0
2012-12-27,6.510000228881836,6.510000228881836,6.510000228881836,6.510000228881836,6.510000228881836,100
2012-12-28,6.510000228881836,6.510000228881836,6.510000228881836,6.510000228881836,6.510000228881836,0
2012-12-31,6.190000057220459,6.190000057220459,6.190000057220459,6.190000057220459,6.190000057220459,300
2013-01-01,6.190000057220459,6.190000057220459,6.190000057220459,6.190000057220459,6.190000057220459,0
2013-01-02,6.190000057220459,6.190000057220459,6.190000057220459,6.190000057220459,6.190000057220459,0
2013-01-03,6.190000057220459,6.190000057220459,6.190000057220459,6.190000057220459,6.190000057220459,0
2013-01-04,6.190000057220459,6.190000057220459,6.190000057220459,6.190000057220459,6.190000057220459,0
2013-01-07,6.190000057220459,6.190000057220459,6.190000057220459,6.190000057220459,6.190000057220459,0
2013-01-08,6.190000057220459,6.190000057220459,6.190000057220459,6.190000057220459,6.190000057220459,0
2013-01-09,6.190000057220459,6.190000057220459,6.190000057220459,6.190000057220459,6.190000057220459,81
2013-01-10,6.190000057220459,6.190000057220459,6.190000057220459,6.190000057220459,6.190000057220459,0
2013-01-11,6.190000057220459,6.190000057220459,6.190000057220459,6.190000057220459,6.190000057220459,0
2013-01-14,6.190000057220459,6.190000057220459,6.190000057220459,6.190000057220459,6.190000057220459,0
2013-01-15,6.190000057220459,6.190000057220459,6.190000057220459,6.190000057220459,6.190000057220459,0
2013-01-16,6.190000057220459,6.190000057220459,6.190000057220459,6.190000057220459,6.190000057220459,0
2013-01-17,6.190000057220459,6.190000057220459,6.190000057220459,6.190000057220459,6.190000057220459,0
2013-01-18,6.190000057220459,6.190000057220459,6.190000057220459,6.190000057220459,6.190000057220459,0
2013-01-21,6.190000057220459,6.190000057220459,6.190000057220459,6.190000057220459,6.190000057220459,0
2013-01-22,6.190000057220459,6.190000057220459,6.190000057220459,6.190000057220459,6.190000057220459,0
2013-01-23,6.190000057220459,6.190000057220459,6.190000057220459,6.190000057220459,6.190000057220459,0
2013-01-24,6.190000057220459,6.190000057220459,6.190000057220459,6.190000057220459,6.190000057220459,0
2013-01-25,6.190000057220459,6.190000057220459,6.190000057220459,6.190000057220459,6.190000057220459,0
2013-01-28,6.190000057220459,6.190000057220459,6.190000057220459,6.190000057220459,6.190000057220459,0
2013-01-29,6.489999771118164,6.489999771118164,5.889999866485596,5.889999866485596,5.889999866485596,8
2013-01-30,5.889999866485596,5.889999866485596,5.889999866485596,5.889999866485596,5.889999866485596,0
2013-01-31,5.889999866485596,5.889999866485596,5.889999866485596,5.889999866485596,5.889999866485596,0
2013-02-01,5.599999904632568,5.599999904632568,5.599999904632568,5.599999904632568,5.599999904632568,1
2013-02-04,5.599999904632568,5.599999904632568,5.599999904632568,5.599999904632568,5.599999904632568,0
2013-02-05,5.599999904632568,5.599999904632568,5.599999904632568,5.599999904632568,5.599999904632568,0
2013-02-06,5.599999904632568,5.599999904632568,5.599999904632568,5.599999904632568,5.599999904632568,0
2013-02-07,5.599999904632568,5.599999904632568,5.599999904632568,5.599999904632568,5.599999904632568,0
2013-02-08,5.599999904632568,5.599999904632568,5.599999904632568,5.599999904632568,5.599999904632568,0
2013-02-11,5.599999904632568,5.599999904632568,5.599999904632568,5.599999904632568,5.599999904632568,0
2013-02-12,5.599999904632568,5.599999904632568,5.599999904632568,5.599999904632568,5.599999904632568,0
2013-02-13,5.599999904632568,5.599999904632568,5.599999904632568,5.599999904632568,5.599999904632568,0
2013-02-14,5.599999904632568,5.599999904632568,5.599999904632568,5.599999904632568,5.599999904632568,0
2013-02-15,5.599999904632568,5.599999904632568,5.599999904632568,5.599999904632568,5.599999904632568,0
2013-02-18,5.599999904632568,5.599999904632568,5.599999904632568,5.599999904632568,5.599999904632568,0
2013-02-19,5.599999904632568,5.599999904632568,5.599999904632568,5.599999904632568,5.599999904632568,0
2013-02-20,5.599999904632568,5.599999904632568,5.599999904632568,5.599999904632568,5.599999904632568,0
2013-02-21,5.599999904632568,5.599999904632568,5.599999904632568,5.599999904632568,5.599999904632568,0
2013-02-22,5.329999923706055,5.329999923706055,5.329999923706055,5.329999923706055,5.329999923706055,10
2013-02-25,5.329999923706055,5.329999923706055,5.329999923706055,5.329999923706055,5.329999923706055,0
2013-02-26,5.329999923706055,5.329999923706055,5.329999923706055,5.329999923706055,5.329999923706055,0
2013-02-27,5.329999923706055,5.329999923706055,5.329999923706055,5.329999923706055,5.329999923706055,0
2013-02-28,5.329999923706055,5.329999923706055,5.329999923706055,5.329999923706055,5.329999923706055,0
2013-03-01,5.329999923706055,5.329999923706055,5.329999923706055,5.329999923706055,5.329999923706055,0
2013-03-04,5.590000152587891,5.590000152587891,5.590000152587891,5.590000152587891,5.590000152587891,7
2013-03-05,5.590000152587891,5.590000152587891,5.590000152587891,5.590000152587891,5.590000152587891,0
2013-03-06,5.590000152587891,5.590000152587891,5.590000152587891,5.590000152587891,5.590000152587891,0
2013-03-07,5.590000152587891,5.590000152587891,5.590000152587891,5.590000152587891,5.590000152587891,0
2013-03-08,5.590000152587891,5.590000152587891,5.590000152587891,5.590000152587891,5.590000152587891,0
2013-03-11,5.590000152587891,5.590000152587891,5.590000152587891,5.590000152587891,5.590000152587891,0
2013-03-12,5.590000152587891,5.590000152587891,5.590000152587891,5.590000152587891,5.590000152587891,0
2013-03-13,5.590000152587891,5.590000152587891,5.590000152587891,5.590000152587891,5.590000152587891,25
2013-03-14,5.590000152587891,5.590000152587891,5.590000152587891,5.590000152587891,5.590000152587891,0
2013-03-15,5.590000152587891,5.590000152587891,5.590000152587891,5.590000152587891,5.590000152587891,0
2013-03-18,5.590000152587891,5.590000152587891,5.590000152587891,5.590000152587891,5.590000152587891,0
2013-03-19,5.590000152587891,5.590000152587891,5.590000152587891,5.590000152587891,5.590000152587891,0
2013-03-20,5.590000152587891,5.590000152587891,5.590000152587891,5.590000152587891,5.590000152587891,0
2013-03-21,5.590000152587891,5.590000152587891,5.590000152587891,5.590000152587891,5.590000152587891,0
2013-03-22,5.590000152587891,5.590000152587891,5.590000152587891,5.590000152587891,5.590000152587891,0
2013-03-25,5.590000152587891,5.590000152587891,5.590000152587891,5.590000152587891,5.590000152587891,0
2013-03-26,5.590000152587891,5.590000152587891,5.590000152587891,5.590000152587891,5.590000152587891,0
2013-03-28,5.590000152587891,5.590000152587891,5.590000152587891,5.590000152587891,5.590000152587891,0
2013-04-01,5.590000152587891,5.590000152587891,5.590000152587891,5.590000152587891,5.590000152587891,0
2013-04-02,5.590000152587891,5.590000152587891,5.590000152587891,5.590000152587891,5.590000152587891,0
2013-04-03,5.590000152587891,5.590000152587891,5.590000152587891,5.590000152587891,5.590000152587891,0
2013-04-04,5.590000152587891,5.590000152587891,5.590000152587891,5.590000152587891,5.590000152587891,0
2013-04-05,5.590000152587891,5.590000152587891,5.590000152587891,5.590000152587891,5.590000152587891,0
2013-04-08,5.590000152587891,5.590000152587891,5.590000152587891,5.590000152587891,5.590000152587891,0
2013-04-09,5.590000152587891,5.590000152587891,5.590000152587891,5.590000152587891,5.590000152587891,0
2013-04-10,5.590000152587891,5.590000152587891,5.590000152587891,5.590000152587891,5.590000152587891,0
2013-04-11,5.590000152587891,5.590000152587891,5.590000152587891,5.590000152587891,5.590000152587891,0
2013-04-12,5.590000152587891,5.590000152587891,5.590000152587891,5.590000152587891,5.590000152587891,0
2013-04-15,5.590000152587891,5.590000152587891,5.590000152587891,5.590000152587891,5.590000152587891,0
2013-04-16,5.590000152587891,5.590000152587891,5.590000152587891,5.590000152587891,5.590000152587891,0
2013-04-17,5.590000152587891,5.590000152587891,5.590000152587891,5.590000152587891,5.590000152587891,0
2013-04-18,5.590000152587891,5.590000152587891,5.590000152587891,5.590000152587891,5.590000152587891,0
2013-04-22,5.590000152587891,5.590000152587891,5.590000152587891,5.590000152587891,5.590000152587891,0
2013-04-23,5.590000152587891,5.590000152587891,5.590000152587891,5.590000152587891,5.590000152587891,0
2013-04-25,5.590000152587891,5.590000152587891,5.590000152587891,5.590000152587891,5.590000152587891,0
2013-04-26,5.590000152587891,5.590000152587891,5.590000152587891,5.590000152587891,5.590000152587891,0
2013-04-29,5.590000152587891,5.590000152587891,5.590000152587891,5.590000152587891,5.590000152587891,0
2013-04-30,5.590000152587891,5.590000152587891,5.590000152587891,5.590000152587891,5.590000152587891,0
2013-05-02,5.590000152587891,5.590000152587891,5.590000152587891,5.590000152587891,5.590000152587891,0
2013-05-03,5.590000152587891,5.590000152587891,5.590000152587891,5.590000152587891,5.590000152587891,0
2013-05-06,5.590000152587891,5.590000152587891,5.590000152587891,5.590000152587891,5.590000152587891,0
2013-05-07,5.590000152587891,5.590000152587891,5.590000152587891,5.590000152587891,5.590000152587891,0
2013-05-08,5.590000152587891,5.590000152587891,5.590000152587891,5.590000152587891,5.590000152587891,0
2013-05-09,5.590000152587891,5.590000152587891,5.590000152587891,5.590000152587891,5.590000152587891,0
2013-05-10,5.590000152587891,5.590000152587891,5.590000152587891,5.590000152587891,5.590000152587891,0
2013-05-13,5.590000152587891,5.590000152587891,5.590000152587891,5.590000152587891,5.590000152587891,0
2013-05-14,5.590000152587891,5.590000152587891,5.590000152587891,5.590000152587891,5.590000152587891,0
2013-05-15,5.590000152587891,5.590000152587891,5.590000152587891,5.590000152587891,5.590000152587891,0
2013-05-16,5.590000152587891,5.590000152587891,5.590000152587891,5.590000152587891,5.590000152587891,0
2013-05-17,5.590000152587891,5.590000152587891,5.590000152587891,5.590000152587891,5.590000152587891,0
2013-05-20,5.590000152587891,5.590000152587891,5.590000152587891,5.590000152587891,5.590000152587891,0
2013-05-21,5.590000152587891,5.590000152587891,5.590000152587891,5.590000152587891,5.590000152587891,0
2013-05-22,5.590000152587891,5.590000152587891,5.590000152587891,5.590000152587891,5.590000152587891,0
2013-05-23,5.590000152587891,5.590000152587891,5.590000152587891,5.590000152587891,5.590000152587891,0
2013-05-24,5.590000152587891,5.590000152587891,5.590000152587891,5.590000152587891,5.590000152587891,0
2013-05-27,5.590000152587891,5.590000152587891,5.590000152587891,5.590000152587891,5.590000152587891,0
2013-05-28,5.590000152587891,5.590000152587891,5.590000152587891,5.590000152587891,5.590000152587891,0
2013-05-29,5.590000152587891,5.590000152587891,5.590000152587891,5.590000152587891,5.590000152587891,0
2013-05-30,5.590000152587891,5.590000152587891,5.590000152587891,5.590000152587891,5.590000152587891,0
2013-05-31,5.590000152587891,5.590000152587891,5.590000152587891,5.590000152587891,5.590000152587891,0
2013-06-03,5.590000152587891,5.590000152587891,5.590000152587891,5.590000152587891,5.590000152587891,0
2013-06-04,5.590000152587891,5.590000152587891,5.590000152587891,5.590000152587891,5.590000152587891,0
2013-06-05,5.590000152587891,5.590000152587891,5.590000152587891,5.590000152587891,5.590000152587891,0
2013-06-06,5.590000152587891,5.590000152587891,5.590000152587891,5.590000152587891,5.590000152587891,0
2013-06-07,5.590000152587891,5.590000152587891,5.590000152587891,5.590000152587891,5.590000152587891,0
2013-06-10,5.590000152587891,5.590000152587891,5.590000152587891,5.590000152587891,5.590000152587891,0
2013-06-11,5.590000152587891,5.590000152587891,5.590000152587891,5.590000152587891,5.590000152587891,0
2013-06-12,5.590000152587891,5.590000152587891,5.590000152587891,5.590000152587891,5.590000152587891,0
2013-06-13,5.590000152587891,5.590000152587891,5.590000152587891,5.590000152587891,5.590000152587891,0
2013-06-14,5.590000152587891,5.590000152587891,5.590000152587891,5.590000152587891,5.590000152587891,0
2013-06-17,5.590000152587891,5.590000152587891,5.590000152587891,5.590000152587891,5.590000152587891,0
2013-06-18,5.590000152587891,5.590000152587891,5.590000152587891,5.590000152587891,5.590000152587891,0
2013-06-19,5.590000152587891,5.590000152587891,5.590000152587891,5.590000152587891,5.590000152587891,0
2013-06-20,5.590000152587891,5.590000152587891,5.590000152587891,5.590000152587891,5.590000152587891,0
2013-06-21,5.590000152587891,5.590000152587891,5.590000152587891,5.590000152587891,5.590000152587891,0
2013-06-24,5.590000152587891,5.590000152587891,5.590000152587891,5.590000152587891,5.590000152587891,0
2013-06-25,5.590000152587891,5.590000152587891,5.590000152587891,5.590000152587891,5.590000152587891,0
2013-06-26,5.590000152587891,5.590000152587891,5.590000152587891,5.590000152587891,5.590000152587891,0
2013-06-27,5.590000152587891,5.590000152587891,5.590000152587891,5.590000152587891,5.590000152587891,0
2013-06-28,5.590000152587891,5.590000152587891,5.590000152587891,5.590000152587891,5.590000152587891,0
2013-07-01,5.590000152587891,5.590000152587891,5.590000152587891,5.590000152587891,5.590000152587891,0
2013-07-02,5.590000152587891,5.590000152587891,5.590000152587891,5.590000152587891,5.590000152587891,0
2013-07-03,5.590000152587891,5.590000152587891,5.590000152587891,5.590000152587891,5.590000152587891,0
2013-07-04,5.590000152587891,5.590000152587891,5.590000152587891,5.590000152587891,5.590000152587891,0
2013-07-05,5.590000152587891,5.590000152587891,5.590000152587891,5.590000152587891,5.590000152587891,0
2013-07-08,5.590000152587891,5.590000152587891,5.590000152587891,5.590000152587891,5.590000152587891,0
2013-07-09,5.590000152587891,5.590000152587891,5.590000152587891,5.590000152587891,5.590000152587891,0
2013-07-10,5.590000152587891,5.590000152587891,5.590000152587891,5.590000152587891,5.590000152587891,0
2013-07-11,5.590000152587891,5.590000152587891,5.590000152587891,5.590000152587891,5.590000152587891,0
2013-07-12,5.590000152587891,5.590000152587891,5.590000152587891,5.590000152587891,5.590000152587891,0
2013-07-15,5.590000152587891,5.590000152587891,5.590000152587891,5.590000152587891,5.590000152587891,0
2013-07-16,5.590000152587891,5.590000152587891,5.590000152587891,5.590000152587891,5.590000152587891,0
2013-07-17,5.590000152587891,5.590000152587891,5.590000152587891,5.590000152587891,5.590000152587891,0
2013-07-18,5.590000152587891,5.590000152587891,5.590000152587891,5.590000152587891,5.590000152587891,0
2013-07-19,5.590000152587891,5.590000152587891,5.590000152587891,5.590000152587891,5.590000152587891,0
2013-07-22,5.590000152587891,5.590000152587891,5.590000152587891,5.590000152587891,5.590000152587891,0
2013-07-23,5.590000152587891,5.590000152587891,5.590000152587891,5.590000152587891,5.590000152587891,0
2013-07-24,5.590000152587891,5.590000152587891,5.590000152587891,5.590000152587891,5.590000152587891,0
2013-07-25,5.590000152587891,5.590000152587891,5.590000152587891,5.590000152587891,5.590000152587891,0
2013-07-26,5.590000152587891,5.590000152587891,5.590000152587891,5.590000152587891,5.590000152587891,0
2013-07-29,5.590000152587891,5.590000152587891,5.590000152587891,5.590000152587891,5.590000152587891,0
2013-07-30,5.590000152587891,5.590000152587891,5.590000152587891,5.590000152587891,5.590000152587891,0
2013-07-31,5.590000152587891,5.590000152587891,5.590000152587891,5.590000152587891,5.590000152587891,0
2013-08-01,5.590000152587891,5.590000152587891,5.590000152587891,5.590000152587891,5.590000152587891,0
2013-08-02,5.590000152587891,5.590000152587891,5.590000152587891,5.590000152587891,5.590000152587891,0
2013-08-05,5.590000152587891,5.590000152587891,5.590000152587891,5.590000152587891,5.590000152587891,0
2013-08-06,5.590000152587891,5.590000152587891,5.590000152587891,5.590000152587891,5.590000152587891,0
2013-08-07,5.590000152587891,5.590000152587891,5.590000152587891,5.590000152587891,5.590000152587891,0
2013-08-08,5.590000152587891,5.590000152587891,5.590000152587891,5.590000152587891,5.590000152587891,0
2013-08-12,5.590000152587891,5.590000152587891,5.590000152587891,5.590000152587891,5.590000152587891,0
2013-08-13,5.590000152587891,5.590000152587891,5.590000152587891,5.590000152587891,5.590000152587891,0
2013-08-14,5.590000152587891,5.590000152587891,5.590000152587891,5.590000152587891,5.590000152587891,0
2013-08-16,5.590000152587891,5.590000152587891,5.590000152587891,5.590000152587891,5.590000152587891,0
2013-08-19,5.590000152587891,5.590000152587891,5.590000152587891,5.590000152587891,5.590000152587891,0
2013-08-20,5.590000152587891,5.590000152587891,5.590000152587891,5.590000152587891,5.590000152587891,0
2013-08-21,5.590000152587891,5.590000152587891,5.590000152587891,5.590000152587891,5.590000152587891,0
2013-08-22,5.590000152587891,5.590000152587891,5.590000152587891,5.590000152587891,5.590000152587891,0
2013-08-23,5.590000152587891,5.590000152587891,5.590000152587891,5.590000152587891,5.590000152587891,0
2013-08-26,5.590000152587891,5.590000152587891,5.590000152587891,5.590000152587891,5.590000152587891,0
2013-08-27,5.590000152587891,5.590000152587891,5.590000152587891,5.590000152587891,5.590000152587891,0
2013-08-28,5.590000152587891,5.590000152587891,5.590000152587891,5.590000152587891,5.590000152587891,0
2013-08-29,5.590000152587891,5.590000152587891,5.590000152587891,5.590000152587891,5.590000152587891,0
2013-08-30,5.590000152587891,5.590000152587891,5.590000152587891,5.590000152587891,5.590000152587891,0
2013-09-02,5.590000152587891,5.590000152587891,5.590000152587891,5.590000152587891,5.590000152587891,0
2013-09-03,5.590000152587891,5.590000152587891,5.590000152587891,5.590000152587891,5.590000152587891,0
2013-09-04,5.590000152587891,5.590000152587891,5.590000152587891,5.590000152587891,5.590000152587891,0
2013-09-05,5.590000152587891,5.590000152587891,5.590000152587891,5.590000152587891,5.590000152587891,0
2013-09-06,5.590000152587891,5.590000152587891,5.590000152587891,5.590000152587891,5.590000152587891,0
2013-09-10,5.590000152587891,5.590000152587891,5.590000152587891,5.590000152587891,5.590000152587891,0
2013-09-11,5.590000152587891,5.590000152587891,5.590000152587891,5.590000152587891,5.590000152587891,0
2013-09-12,5.590000152587891,5.590000152587891,5.590000152587891,5.590000152587891,5.590000152587891,0
2013-09-13,5.590000152587891,5.590000152587891,5.590000152587891,5.590000152587891,5.590000152587891,0
2013-09-16,5.590000152587891,5.590000152587891,5.590000152587891,5.590000152587891,5.590000152587891,0
2013-09-17,5.590000152587891,5.590000152587891,5.590000152587891,5.590000152587891,5.590000152587891,0
2013-09-18,5.590000152587891,5.590000152587891,5.590000152587891,5.590000152587891,5.590000152587891,0
2013-09-19,5.590000152587891,5.590000152587891,5.590000152587891,5.590000152587891,5.590000152587891,0
2013-09-20,5.590000152587891,5.590000152587891,5.590000152587891,5.590000152587891,5.590000152587891,0
2013-09-23,5.590000152587891,5.590000152587891,5.590000152587891,5.590000152587891,5.590000152587891,0
2013-09-24,5.590000152587891,5.590000152587891,5.590000152587891,5.590000152587891,5.590000152587891,0
2013-09-25,5.590000152587891,5.590000152587891,5.590000152587891,5.590000152587891,5.590000152587891,0
2013-09-26,5.590000152587891,5.590000152587891,5.590000152587891,5.590000152587891,5.590000152587891,0
2013-09-27,5.590000152587891,5.590000152587891,5.590000152587891,5.590000152587891,5.590000152587891,0
2013-09-30,5.590000152587891,5.590000152587891,5.590000152587891,5.590000152587891,5.590000152587891,0
2013-10-01,5.590000152587891,5.590000152587891,5.590000152587891,5.590000152587891,5.590000152587891,0
2013-10-03,5.590000152587891,5.590000152587891,5.590000152587891,5.590000152587891,5.590000152587891,0
2013-10-04,5.590000152587891,5.590000152587891,5.590000152587891,5.590000152587891,5.590000152587891,0
2013-10-07,5.590000152587891,5.590000152587891,5.590000152587891,5.590000152587891,5.590000152587891,0
2013-10-08,5.590000152587891,5.590000152587891,5.590000152587891,5.590000152587891,5.590000152587891,0
2013-10-09,5.590000152587891,5.590000152587891,5.590000152587891,5.590000152587891,5.590000152587891,0
2013-10-10,5.590000152587891,5.590000152587891,5.590000152587891,5.590000152587891,5.590000152587891,0
2013-10-11,5.590000152587891,5.590000152587891,5.590000152587891,5.590000152587891,5.590000152587891,0
2013-10-14,5.590000152587891,5.590000152587891,5.590000152587891,5.590000152587891,5.590000152587891,0
2013-10-15,5.590000152587891,5.590000152587891,5.590000152587891,5.590000152587891,5.590000152587891,0
2013-10-17,5.590000152587891,5.590000152587891,5.590000152587891,5.590000152587891,5.590000152587891,0
2013-10-18,5.590000152587891,5.590000152587891,5.590000152587891,5.590000152587891,5.590000152587891,0
2013-10-21,5.590000152587891,5.590000152587891,5.590000152587891,5.590000152587891,5.590000152587891,0
2013-10-22,5.590000152587891,5.590000152587891,5.590000152587891,5.590000152587891,5.590000152587891,0
2013-10-23,5.590000152587891,5.590000152587891,5.590000152587891,5.590000152587891,5.590000152587891,0
2013-10-24,5.590000152587891,5.590000152587891,5.590000152587891,5.590000152587891,5.590000152587891,0
2013-10-25,5.590000152587891,5.590000152587891,5.590000152587891,5.590000152587891,5.590000152587891,0
2013-10-28,5.590000152587891,5.590000152587891,5.590000152587891,5.590000152587891,5.590000152587891,0
2013-10-29,5.590000152587891,5.590000152587891,5.590000152587891,5.590000152587891,5.590000152587891,0
2013-10-30,5.590000152587891,5.590000152587891,5.590000152587891,5.590000152587891,5.590000152587891,0
2013-10-31,5.590000152587891,5.590000152587891,5.590000152587891,5.590000152587891,5.590000152587891,0
2013-11-01,5.590000152587891,5.590000152587891,5.590000152587891,5.590000152587891,5.590000152587891,0
2013-11-05,5.590000152587891,5.590000152587891,5.590000152587891,5.590000152587891,5.590000152587891,0
2013-11-06,5.590000152587891,5.590000152587891,5.590000152587891,5.590000152587891,5.590000152587891,0
2013-11-07,5.590000152587891,5.590000152587891,5.590000152587891,5.590000152587891,5.590000152587891,0
2013-11-08,5.590000152587891,5.590000152587891,5.590000152587891,5.590000152587891,5.590000152587891,0
2013-11-11,5.590000152587891,5.590000152587891,5.590000152587891,5.590000152587891,5.590000152587891,0
2013-11-12,5.590000152587891,5.590000152587891,5.590000152587891,5.590000152587891,5.590000152587891,0
2013-11-13,5.590000152587891,5.590000152587891,5.590000152587891,5.590000152587891,5.590000152587891,0
2013-11-14,5.590000152587891,5.590000152587891,5.590000152587891,5.590000152587891,5.590000152587891,0
2013-11-18,5.590000152587891,5.590000152587891,5.590000152587891,5.590000152587891,5.590000152587891,0
2013-11-19,5.590000152587891,5.590000152587891,5.590000152587891,5.590000152587891,5.590000152587891,0
2013-11-20,5.590000152587891,5.590000152587891,5.590000152587891,5.590000152587891,5.590000152587891,0
2013-11-21,5.320000171661377,5.320000171661377,5.320000171661377,5.320000171661377,5.320000171661377,62
2013-11-22,5.320000171661377,5.320000171661377,5.320000171661377,5.320000171661377,5.320000171661377,0
2013-11-25,5.320000171661377,5.320000171661377,5.320000171661377,5.320000171661377,5.320000171661377,0
2013-11-26,5.320000171661377,5.320000171661377,5.320000171661377,5.320000171661377,5.320000171661377,0
2013-11-27,5.320000171661377,5.320000171661377,5.320000171661377,5.320000171661377,5.320000171661377,0
2013-11-28,5.320000171661377,5.320000171661377,5.320000171661377,5.320000171661377,5.320000171661377,0
2013-11-29,5.320000171661377,5.320000171661377,5.320000171661377,5.320000171661377,5.320000171661377,0
2013-12-02,5.320000171661377,5.320000171661377,5.320000171661377,5.320000171661377,5.320000171661377,0
2013-12-03,5.320000171661377,5.320000171661377,5.320000171661377,5.320000171661377,5.320000171661377,0
2013-12-04,5.320000171661377,5.320000171661377,5.320000171661377,5.320000171661377,5.320000171661377,0
2013-12-05,5.320000171661377,5.320000171661377,5.320000171661377,5.320000171661377,5.320000171661377,0
2013-12-06,5.320000171661377,5.320000171661377,5.320000171661377,5.320000171661377,5.320000171661377,0
2013-12-09,5.320000171661377,5.320000171661377,5.320000171661377,5.320000171661377,5.320000171661377,0
2013-12-10,5.320000171661377,5.320000171661377,5.320000171661377,5.320000171661377,5.320000171661377,0
2013-12-11,5.320000171661377,5.320000171661377,5.320000171661377,5.320000171661377,5.320000171661377,0
2013-12-12,5.320000171661377,5.320000171661377,5.320000171661377,5.320000171661377,5.320000171661377,0
2013-12-13,5.320000171661377,5.320000171661377,5.320000171661377,5.320000171661377,5.320000171661377,0
2013-12-16,5.320000171661377,5.320000171661377,5.320000171661377,5.320000171661377,5.320000171661377,0
2013-12-17,5.320000171661377,5.320000171661377,5.320000171661377,5.320000171661377,5.320000171661377,0
2013-12-18,5.320000171661377,5.320000171661377,5.320000171661377,5.320000171661377,5.320000171661377,0
2013-12-19,5.320000171661377,5.320000171661377,5.320000171661377,5.320000171661377,5.320000171661377,0
2013-12-20,5.059999942779541,5.059999942779541,5.059999942779541,5.059999942779541,5.059999942779541,133
2013-12-23,5.059999942779541,5.059999942779541,5.059999942779541,5.059999942779541,5.059999942779541,0
2013-12-24,5.059999942779541,5.059999942779541,5.059999942779541,5.059999942779541,5.059999942779541,0
2013-12-26,5.059999942779541,5.059999942779541,5.059999942779541,5.059999942779541,5.059999942779541,0
2013-12-27,5.059999942779541,5.059999942779541,5.059999942779541,5.059999942779541,5.059999942779541,0
2013-12-30,5.059999942779541,5.059999942779541,5.059999942779541,5.059999942779541,5.059999942779541,0
2013-12-31,5.059999942779541,5.059999942779541,5.059999942779541,5.059999942779541,5.059999942779541,0
2014-01-01,5.059999942779541,5.059999942779541,5.059999942779541,5.059999942779541,5.059999942779541,0
2014-01-02,5.059999942779541,5.059999942779541,5.059999942779541,5.059999942779541,5.059999942779541,133
2014-01-03,5.059999942779541,5.059999942779541,5.059999942779541,5.059999942779541,5.059999942779541,0
2014-01-06,5.059999942779541,5.059999942779541,5.059999942779541,5.059999942779541,5.059999942779541,0
2014-01-07,5.059999942779541,5.059999942779541,5.059999942779541,5.059999942779541,5.059999942779541,0
2014-01-08,5.059999942779541,5.059999942779541,5.059999942779541,5.059999942779541,5.059999942779541,0
2014-01-09,5.059999942779541,5.059999942779541,5.059999942779541,5.059999942779541,5.059999942779541,0
2014-01-10,5.059999942779541,5.059999942779541,5.059999942779541,5.059999942779541,5.059999942779541,0
2014-01-13,5.059999942779541,5.059999942779541,5.059999942779541,5.059999942779541,5.059999942779541,0
2014-01-14,5.059999942779541,5.059999942779541,5.059999942779541,5.059999942779541,5.059999942779541,0
2014-01-15,5.059999942779541,5.059999942779541,5.059999942779541,5.059999942779541,5.059999942779541,0
2014-01-16,5.059999942779541,5.059999942779541,5.059999942779541,5.059999942779541,5.059999942779541,0
2014-01-17,5.059999942779541,5.059999942779541,5.059999942779541,5.059999942779541,5.059999942779541,0
2014-01-20,5.059999942779541,5.059999942779541,5.059999942779541,5.059999942779541,5.059999942779541,0
2014-01-21,5.059999942779541,5.059999942779541,5.059999942779541,5.059999942779541,5.059999942779541,0
2014-01-22,5.059999942779541,5.059999942779541,5.059999942779541,5.059999942779541,5.059999942779541,0
2014-01-23,5.059999942779541,5.059999942779541,5.059999942779541,5.059999942779541,5.059999942779541,0
2014-01-24,5.059999942779541,5.059999942779541,5.059999942779541,5.059999942779541,5.059999942779541,0
2014-01-27,5.059999942779541,5.059999942779541,5.059999942779541,5.059999942779541,5.059999942779541,0
2014-01-28,5.059999942779541,5.059999942779541,5.059999942779541,5.059999942779541,5.059999942779541,0
2014-01-29,5.059999942779541,5.059999942779541,5.059999942779541,5.059999942779541,5.059999942779541,0
2014-01-30,5.059999942779541,5.059999942779541,5.059999942779541,5.059999942779541,5.059999942779541,0
2014-01-31,5.059999942779541,5.059999942779541,5.059999942779541,5.059999942779541,5.059999942779541,0
2014-02-03,5.059999942779541,5.059999942779541,5.059999942779541,5.059999942779541,5.059999942779541,0
2014-02-04,5.059999942779541,5.059999942779541,5.059999942779541,5.059999942779541,5.059999942779541,0
2014-02-05,5.059999942779541,5.059999942779541,5.059999942779541,5.059999942779541,5.059999942779541,0
2014-02-06,5.059999942779541,5.059999942779541,5.059999942779541,5.059999942779541,5.059999942779541,0
2014-02-07,5.059999942779541,5.059999942779541,5.059999942779541,5.059999942779541,5.059999942779541,0
2014-02-10,5.059999942779541,5.059999942779541,5.059999942779541,5.059999942779541,5.059999942779541,0
2014-02-11,5.059999942779541,5.059999942779541,5.059999942779541,5.059999942779541,5.059999942779541,0
2014-02-12,5.059999942779541,5.059999942779541,5.059999942779541,5.059999942779541,5.059999942779541,0
2014-02-13,5.059999942779541,5.059999942779541,5.059999942779541,5.059999942779541,5.059999942779541,0
2014-02-14,5.309999942779541,5.309999942779541,5.309999942779541,5.309999942779541,5.309999942779541,25
2014-02-17,5.309999942779541,5.309999942779541,5.309999942779541,5.309999942779541,5.309999942779541,0
2014-02-18,5.570000171661377,5.570000171661377,5.570000171661377,5.570000171661377,5.570000171661377,25
2014-02-19,5.570000171661377,5.570000171661377,5.570000171661377,5.570000171661377,5.570000171661377,0
2014-02-20,5.570000171661377,5.570000171661377,5.570000171661377,5.570000171661377,5.570000171661377,0
2014-02-21,5.570000171661377,5.570000171661377,5.570000171661377,5.570000171661377,5.570000171661377,0
2014-02-24,5.840000152587891,5.840000152587891,5.840000152587891,5.840000152587891,5.840000152587891,25
2014-02-25,6.130000114440918,6.130000114440918,6.130000114440918,6.130000114440918,6.130000114440918,720
2014-02-26,6.130000114440918,6.429999828338623,6.130000114440918,6.429999828338623,6.429999828338623,783
2014-02-28,6.429999828338623,6.429999828338623,6.429999828338623,6.429999828338623,6.429999828338623,0
2014-03-03,6.429999828338623,6.429999828338623,6.429999828338623,6.429999828338623,6.429999828338623,0
2014-03-04,6.429999828338623,6.429999828338623,6.429999828338623,6.429999828338623,6.429999828338623,0
2014-03-05,6.75,6.75,6.75,6.75,6.75,1
2014-03-06,6.75,6.75,6.75,6.75,6.75,0
2014-03-07,6.75,6.75,6.75,6.75,6.75,0
2014-03-10,6.75,6.75,6.75,6.75,6.75,0
2014-03-11,6.75,6.75,6.75,6.75,6.75,0
2014-03-12,6.75,6.75,6.75,6.75,6.75,0
2014-03-13,6.75,6.75,6.75,6.75,6.75,0
2014-03-14,7.079999923706055,7.079999923706055,7.079999923706055,7.079999923706055,7.079999923706055,1
2014-03-18,7.079999923706055,7.079999923706055,7.079999923706055,7.079999923706055,7.079999923706055,0
2014-03-19,7.429999828338623,7.429999828338623,7.429999828338623,7.429999828338623,7.429999828338623,1
2014-03-20,7.429999828338623,7.429999828338623,7.429999828338623,7.429999828338623,7.429999828338623,0
2014-03-21,7.429999828338623,7.429999828338623,7.429999828338623,7.429999828338623,7.429999828338623,0
2014-03-24,7.429999828338623,7.429999828338623,7.429999828338623,7.429999828338623,7.429999828338623,0
2014-03-25,7.429999828338623,7.429999828338623,7.429999828338623,7.429999828338623,7.429999828338623,0
2014-03-26,7.429999828338623,7.429999828338623,7.429999828338623,7.429999828338623,7.429999828338623,0
2014-03-27,7.429999828338623,7.429999828338623,7.429999828338623,7.429999828338623,7.429999828338623,0
2014-03-28,7.429999828338623,7.429999828338623,7.429999828338623,7.429999828338623,7.429999828338623,0
2014-03-31,7.429999828338623,7.429999828338623,7.429999828338623,7.429999828338623,7.429999828338623,0
2014-04-01,7.429999828338623,7.429999828338623,7.429999828338623,7.429999828338623,7.429999828338623,0
2014-04-02,7.429999828338623,7.429999828338623,7.429999828338623,7.429999828338623,7.429999828338623,0
2014-04-03,7.429999828338623,7.429999828338623,7.429999828338623,7.429999828338623,7.429999828338623,0
2014-04-04,7.429999828338623,7.429999828338623,7.429999828338623,7.429999828338623,7.429999828338623,1
2014-04-07,7.429999828338623,7.429999828338623,7.429999828338623,7.429999828338623,7.429999828338623,0
2014-04-09,7.429999828338623,7.429999828338623,7.429999828338623,7.429999828338623,7.429999828338623,0
2014-04-10,7.429999828338623,7.429999828338623,7.429999828338623,7.429999828338623,7.429999828338623,0
2014-04-11,7.429999828338623,7.429999828338623,7.429999828338623,7.429999828338623,7.429999828338623,0
2014-04-15,7.429999828338623,7.429999828338623,7.429999828338623,7.429999828338623,7.429999828338623,0
2014-04-16,7.429999828338623,7.429999828338623,7.429999828338623,7.429999828338623,7.429999828338623,0
2014-04-17,7.429999828338623,7.429999828338623,7.429999828338623,7.429999828338623,7.429999828338623,0
2014-04-21,7.429999828338623,7.429999828338623,7.429999828338623,7.429999828338623,7.429999828338623,0
2014-04-22,7.429999828338623,7.429999828338623,7.429999828338623,7.429999828338623,7.429999828338623,0
2014-04-23,7.429999828338623,7.429999828338623,7.429999828338623,7.429999828338623,7.429999828338623,0
2014-04-24,7.429999828338623,7.429999828338623,7.429999828338623,7.429999828338623,7.429999828338623,0
2014-04-25,7.429999828338623,7.429999828338623,7.429999828338623,7.429999828338623,7.429999828338623,0
2014-04-28,7.429999828338623,7.429999828338623,7.429999828338623,7.429999828338623,7.429999828338623,0
2014-04-29,7.429999828338623,7.429999828338623,7.429999828338623,7.429999828338623,7.429999828338623,0
2014-04-30,7.429999828338623,7.429999828338623,7.429999828338623,7.429999828338623,7.429999828338623,0
2014-05-02,7.429999828338623,7.429999828338623,7.429999828338623,7.429999828338623,7.429999828338623,1
2014-05-05,7.429999828338623,7.429999828338623,7.429999828338623,7.429999828338623,7.429999828338623,0
2014-05-06,7.429999828338623,7.429999828338623,7.429999828338623,7.429999828338623,7.429999828338623,0
2014-05-07,7.429999828338623,7.429999828338623,7.429999828338623,7.429999828338623,7.429999828338623,0
2014-05-08,7.429999828338623,7.429999828338623,7.429999828338623,7.429999828338623,7.429999828338623,0
2014-05-09,7.429999828338623,7.429999828338623,7.429999828338623,7.429999828338623,7.429999828338623,0
2014-05-12,7.429999828338623,7.429999828338623,7.429999828338623,7.429999828338623,7.429999828338623,0
2014-05-13,7.429999828338623,7.429999828338623,7.429999828338623,7.429999828338623,7.429999828338623,0
2014-05-14,7.429999828338623,7.429999828338623,7.429999828338623,7.429999828338623,7.429999828338623,0
2014-05-15,7.429999828338623,7.429999828338623,7.429999828338623,7.429999828338623,7.429999828338623,0
2014-05-16,7.429999828338623,7.429999828338623,7.429999828338623,7.429999828338623,7.429999828338623,0
2014-05-19,7.429999828338623,7.429999828338623,7.429999828338623,7.429999828338623,7.429999828338623,0
2014-05-20,7.429999828338623,7.429999828338623,7.429999828338623,7.429999828338623,7.429999828338623,0
2014-05-21,7.429999828338623,7.429999828338623,7.429999828338623,7.429999828338623,7.429999828338623,0
2014-05-22,7.429999828338623,7.429999828338623,7.429999828338623,7.429999828338623,7.429999828338623,0
2014-05-23,7.429999828338623,7.429999828338623,7.429999828338623,7.429999828338623,7.429999828338623,0
2014-05-26,7.429999828338623,7.429999828338623,7.429999828338623,7.429999828338623,7.429999828338623,0
2014-05-27,7.429999828338623,7.429999828338623,7.429999828338623,7.429999828338623,7.429999828338623,0
2014-05-28,7.429999828338623,7.429999828338623,7.429999828338623,7.429999828338623,7.429999828338623,0
2014-05-29,7.429999828338623,7.429999828338623,7.429999828338623,7.429999828338623,7.429999828338623,0
2014-05-30,7.429999828338623,7.429999828338623,7.429999828338623,7.429999828338623,7.429999828338623,0
2014-06-02,7.429999828338623,7.429999828338623,7.429999828338623,7.429999828338623,7.429999828338623,0
2014-06-03,7.429999828338623,7.429999828338623,7.429999828338623,7.429999828338623,7.429999828338623,0
2014-06-04,7.429999828338623,7.429999828338623,7.429999828338623,7.429999828338623,7.429999828338623,0
2014-06-05,7.429999828338623,7.429999828338623,7.429999828338623,7.429999828338623,7.429999828338623,0
2014-06-06,7.429999828338623,7.429999828338623,7.429999828338623,7.429999828338623,7.429999828338623,0
2014-06-09,7.429999828338623,7.429999828338623,7.429999828338623,7.429999828338623,7.429999828338623,0
2014-06-10,7.429999828338623,7.429999828338623,7.429999828338623,7.429999828338623,7.429999828338623,0
2014-06-11,7.429999828338623,7.429999828338623,7.429999828338623,7.429999828338623,7.429999828338623,0
2014-06-12,7.800000190734863,7.800000190734863,7.800000190734863,7.800000190734863,7.800000190734863,1
2014-06-13,7.800000190734863,7.800000190734863,7.800000190734863,7.800000190734863,7.800000190734863,0
2014-06-16,7.409999847412109,7.409999847412109,7.409999847412109,7.409999847412109,7.409999847412109,20
2014-06-17,7.409999847412109,7.409999847412109,7.409999847412109,7.409999847412109,7.409999847412109,0
2014-06-18,7.78000020980835,7.78000020980835,7.78000020980835,7.78000020980835,7.78000020980835,1
2014-06-19,7.78000020980835,7.78000020980835,7.78000020980835,7.78000020980835,7.78000020980835,0
2014-06-20,7.78000020980835,7.78000020980835,7.78000020980835,7.78000020980835,7.78000020980835,0
2014-06-23,7.78000020980835,7.78000020980835,7.78000020980835,7.78000020980835,7.78000020980835,0
2014-06-24,7.78000020980835,7.78000020980835,7.78000020980835,7.78000020980835,7.78000020980835,0
2014-06-25,7.78000020980835,7.78000020980835,7.78000020980835,7.78000020980835,7.78000020980835,0
2014-06-26,7.78000020980835,7.78000020980835,7.78000020980835,7.78000020980835,7.78000020980835,0
2014-06-27,7.78000020980835,7.78000020980835,7.78000020980835,7.78000020980835,7.78000020980835,0
2014-06-30,7.78000020980835,7.78000020980835,7.78000020980835,7.78000020980835,7.78000020980835,0
2014-07-01,8.149999618530273,8.149999618530273,8.149999618530273,8.149999618530273,8.149999618530273,1
2014-07-02,8.550000190734863,8.550000190734863,8.550000190734863,8.550000190734863,8.550000190734863,100
2014-07-03,8.550000190734863,8.550000190734863,8.550000190734863,8.550000190734863,8.550000190734863,0
2014-07-04,8.550000190734863,8.550000190734863,8.550000190734863,8.550000190734863,8.550000190734863,0
2014-07-07,8.550000190734863,8.550000190734863,8.550000190734863,8.550000190734863,8.550000190734863,0
2014-07-08,8.550000190734863,8.550000190734863,8.550000190734863,8.550000190734863,8.550000190734863,0
2014-07-09,8.550000190734863,8.550000190734863,8.550000190734863,8.550000190734863,8.550000190734863,0
2014-07-10,8.550000190734863,8.550000190734863,8.550000190734863,8.550000190734863,8.550000190734863,0
2014-07-11,8.550000190734863,8.550000190734863,8.550000190734863,8.550000190734863,8.550000190734863,0
2014-07-14,8.550000190734863,8.550000190734863,8.550000190734863,8.550000190734863,8.550000190734863,0
2014-07-15,8.550000190734863,8.550000190734863,8.550000190734863,8.550000190734863,8.550000190734863,0
2014-07-16,8.550000190734863,8.550000190734863,8.550000190734863,8.550000190734863,8.550000190734863,0
2014-07-17,8.550000190734863,8.550000190734863,8.550000190734863,8.550000190734863,8.550000190734863,0
2014-07-18,8.550000190734863,8.550000190734863,8.550000190734863,8.550000190734863,8.550000190734863,0
2014-07-21,8.550000190734863,8.550000190734863,8.550000190734863,8.550000190734863,8.550000190734863,0
2014-07-22,8.550000190734863,8.550000190734863,8.550000190734863,8.550000190734863,8.550000190734863,0
2014-07-23,8.550000190734863,8.550000190734863,8.550000190734863,8.550000190734863,8.550000190734863,2
2014-07-24,8.550000190734863,8.550000190734863,8.550000190734863,8.550000190734863,8.550000190734863,0
2014-07-25,8.550000190734863,8.550000190734863,8.550000190734863,8.550000190734863,8.550000190734863,0
2014-07-28,8.550000190734863,8.550000190734863,8.550000190734863,8.550000190734863,8.550000190734863,0
2014-07-30,8.550000190734863,8.550000190734863,8.550000190734863,8.550000190734863,8.550000190734863,0
2014-07-31,8.550000190734863,8.550000190734863,8.550000190734863,8.550000190734863,8.550000190734863,0
2014-08-01,8.550000190734863,8.550000190734863,8.550000190734863,8.550000190734863,8.550000190734863,0
2014-08-04,8.550000190734863,8.550000190734863,8.550000190734863,8.550000190734863,8.550000190734863,0
2014-08-05,8.550000190734863,8.550000190734863,8.550000190734863,8.550000190734863,8.550000190734863,0
2014-08-06,8.550000190734863,8.550000190734863,8.550000190734863,8.550000190734863,8.550000190734863,0
2014-08-07,8.550000190734863,8.550000190734863,8.550000190734863,8.550000190734863,8.550000190734863,0
2014-08-08,8.550000190734863,8.550000190734863,8.550000190734863,8.550000190734863,8.550000190734863,0
2014-08-11,8.550000190734863,8.550000190734863,8.550000190734863,8.550000190734863,8.550000190734863,0
2014-08-12,8.550000190734863,8.550000190734863,8.550000190734863,8.550000190734863,8.550000190734863,0
2014-08-13,8.550000190734863,8.550000190734863,8.550000190734863,8.550000190734863,8.550000190734863,0
2014-08-14,8.550000190734863,8.550000190734863,8.550000190734863,8.550000190734863,8.550000190734863,0
2014-08-18,8.550000190734863,8.550000190734863,8.550000190734863,8.550000190734863,8.550000190734863,0
2014-08-19,8.550000190734863,8.550000190734863,8.550000190734863,8.550000190734863,8.550000190734863,0
2014-08-20,8.550000190734863,8.550000190734863,8.550000190734863,8.550000190734863,8.550000190734863,0
2014-08-21,8.550000190734863,8.550000190734863,8.550000190734863,8.550000190734863,8.550000190734863,0
2014-08-22,8.550000190734863,8.550000190734863,8.550000190734863,8.550000190734863,8.550000190734863,0
2014-08-25,8.550000190734863,8.550000190734863,8.550000190734863,8.550000190734863,8.550000190734863,0
2014-08-26,8.550000190734863,8.550000190734863,8.550000190734863,8.550000190734863,8.550000190734863,0
2014-08-27,8.550000190734863,8.550000190734863,8.550000190734863,8.550000190734863,8.550000190734863,0
2014-08-28,8.550000190734863,8.550000190734863,8.550000190734863,8.550000190734863,8.550000190734863,0
2014-09-01,8.550000190734863,8.550000190734863,8.550000190734863,8.550000190734863,8.550000190734863,0
2014-09-02,8.550000190734863,8.550000190734863,8.550000190734863,8.550000190734863,8.550000190734863,0
2014-09-03,8.550000190734863,8.550000190734863,8.550000190734863,8.550000190734863,8.550000190734863,0
2014-09-04,8.899999618530273,8.899999618530273,8.899999618530273,8.899999618530273,8.899999618530273,100
2014-09-05,8.899999618530273,8.899999618530273,8.899999618530273,8.899999618530273,8.899999618530273,0
2014-09-08,8.899999618530273,8.899999618530273,8.899999618530273,8.899999618530273,8.899999618530273,0
2014-09-09,8.899999618530273,8.899999618530273,8.899999618530273,8.899999618530273,8.899999618530273,0
2014-09-10,8.899999618530273,8.899999618530273,8.899999618530273,8.899999618530273,8.899999618530273,0
2014-09-11,8.899999618530273,8.899999618530273,8.899999618530273,8.899999618530273,8.899999618530273,0
2014-09-12,8.899999618530273,8.899999618530273,8.899999618530273,8.899999618530273,8.899999618530273,0
2014-09-15,8.899999618530273,8.899999618530273,8.899999618530273,8.899999618530273,8.899999618530273,500
2014-09-16,8.5,8.5,8.5,8.5,8.5,500
2014-09-17,8.5,8.5,8.5,8.5,8.5,740
2014-09-18,8.5,8.5,8.5,8.5,8.5,0
2014-09-19,8.5,8.5,8.5,8.5,8.5,0
2014-09-22,8.5,8.5,8.5,8.5,8.5,20
2014-09-23,8.5,8.5,8.5,8.5,8.5,0
2014-09-24,8.5,8.5,8.5,8.5,8.5,0
2014-09-25,8.199999809265137,8.199999809265137,8.199999809265137,8.199999809265137,8.199999809265137,62
2014-09-26,8.199999809265137,8.199999809265137,8.199999809265137,8.199999809265137,8.199999809265137,0
2014-09-29,8.199999809265137,8.199999809265137,8.199999809265137,8.199999809265137,8.199999809265137,0
2014-09-30,8.199999809265137,8.199999809265137,8.199999809265137,8.199999809265137,8.199999809265137,0
2014-10-01,8.199999809265137,8.199999809265137,8.199999809265137,8.199999809265137,8.199999809265137,0
2014-10-07,8.199999809265137,8.199999809265137,8.199999809265137,8.199999809265137,8.199999809265137,0
2014-10-08,8.199999809265137,8.199999809265137,8.199999809265137,8.199999809265137,8.199999809265137,0
2014-10-09,8.199999809265137,8.199999809265137,8.199999809265137,8.199999809265137,8.199999809265137,0
2014-10-10,8.199999809265137,8.199999809265137,8.199999809265137,8.199999809265137,8.199999809265137,0
2014-10-13,8.199999809265137,8.199999809265137,8.199999809265137,8.199999809265137,8.199999809265137,0
2014-10-14,8.199999809265137,8.199999809265137,8.199999809265137,8.199999809265137,8.199999809265137,0
2014-10-15,8.199999809265137,8.199999809265137,8.199999809265137,8.199999809265137,8.199999809265137,0
2014-10-16,8.199999809265137,8.199999809265137,8.199999809265137,8.199999809265137,8.199999809265137,0
2014-10-17,8.199999809265137,8.199999809265137,8.199999809265137,8.199999809265137,8.199999809265137,0
2014-10-20,8.199999809265137,8.199999809265137,8.199999809265137,8.199999809265137,8.199999809265137,0
2014-10-21,8.199999809265137,8.199999809265137,8.199999809265137,8.199999809265137,8.199999809265137,0
2014-10-22,8.199999809265137,8.199999809265137,8.199999809265137,8.199999809265137,8.199999809265137,0
2014-10-27,8.199999809265137,8.199999809265137,8.199999809265137,8.199999809265137,8.199999809265137,0
2014-10-28,8.199999809265137,8.199999809265137,8.199999809265137,8.199999809265137,8.199999809265137,0
2014-10-29,8.25,8.25,8.25,8.25,8.25,2480
2014-10-30,8.25,8.25,8.25,8.25,8.25,0
2014-10-31,8.25,8.25,8.25,8.25,8.25,200
2014-11-03,8.25,8.25,8.25,8.25,8.25,0
2014-11-05,8.25,8.25,8.25,8.25,8.25,0
2014-11-07,8.25,8.25,8.25,8.25,8.25,0
2014-11-10,8.25,8.25,8.25,8.25,8.25,0
2014-11-11,8.25,8.25,8.25,8.25,8.25,0
2014-11-12,8.25,8.25,8.25,8.25,8.25,0
2014-11-13,8.25,8.25,8.25,8.25,8.25,500
2014-11-14,8.25,8.25,8.25,8.25,8.25,0
2014-11-17,8.25,8.25,8.25,8.25,8.25,0
2014-11-18,8.25,8.25,8.25,8.25,8.25,0
2014-11-19,8.25,8.25,8.25,8.25,8.25,0
2014-11-20,8.25,8.25,8.25,8.25,8.25,0
2014-11-21,8.25,8.25,8.25,8.25,8.25,0
2014-11-24,8.25,8.25,8.25,8.25,8.25,0
2014-11-25,8.25,8.25,8.25,8.25,8.25,0
2014-11-26,8.25,8.25,8.25,8.25,8.25,0
2014-11-27,8.25,8.25,8.25,8.25,8.25,0
2014-11-28,8.25,8.25,8.25,8.25,8.25,0
2014-12-01,8.25,8.25,8.25,8.25,8.25,0
2014-12-02,8.25,8.25,8.25,8.25,8.25,0
2014-12-03,8.25,8.25,8.25,8.25,8.25,0
2014-12-04,8.25,8.25,8.25,8.25,8.25,0
2014-12-05,8.25,8.25,8.25,8.25,8.25,0
2014-12-08,8.25,8.25,8.25,8.25,8.25,0
2014-12-09,8.25,8.25,8.25,8.25,8.25,0
2014-12-10,8.25,8.25,8.25,8.25,8.25,0
2014-12-11,8.25,8.25,8.25,8.25,8.25,0
2014-12-12,8.25,8.25,8.25,8.25,8.25,0
2014-12-15,8.25,8.25,8.25,8.25,8.25,0
2014-12-16,8.25,8.25,8.25,8.25,8.25,0
2014-12-17,8.25,8.25,8.25,8.25,8.25,0
2014-12-18,8.25,8.25,8.25,8.25,8.25,0
2014-12-19,8.25,8.25,8.25,8.25,8.25,0
2014-12-22,8.25,8.25,8.25,8.25,8.25,0
2014-12-23,8.25,8.25,8.25,8.25,8.25,0
2014-12-24,8.25,8.25,8.25,8.25,8.25,0
2014-12-26,8.25,8.25,8.25,8.25,8.25,0
2014-12-29,8.25,8.25,8.25,8.25,8.25,0
2014-12-30,8.25,8.25,8.25,8.25,8.25,0
2014-12-31,8.25,8.25,8.25,8.25,8.25,0
2015-01-01,8.25,8.25,8.25,8.25,8.25,0
2015-01-02,8.25,8.25,8.25,8.25,8.25,0
2015-01-05,8.25,8.25,8.25,8.25,8.25,0
2015-01-06,8.25,8.25,8.25,8.25,8.25,0
2015-01-07,8.25,8.25,8.25,8.25,8.25,0
2015-01-08,8.25,8.25,8.25,8.25,8.25,0
2015-01-09,8.25,8.25,8.25,8.25,8.25,0
2015-01-12,8.25,8.25,8.25,8.25,8.25,0
2015-01-13,7.840000152587891,7.840000152587891,7.840000152587891,7.840000152587891,7.840000152587891,420
2015-01-14,7.840000152587891,7.840000152587891,7.840000152587891,7.840000152587891,7.840000152587891,0
2015-01-15,7.840000152587891,7.840000152587891,7.840000152587891,7.840000152587891,7.840000152587891,0
2015-01-16,7.840000152587891,7.840000152587891,7.840000152587891,7.840000152587891,7.840000152587891,0
2015-01-19,7.840000152587891,7.840000152587891,7.840000152587891,7.840000152587891,7.840000152587891,0
2015-01-20,7.840000152587891,7.840000152587891,7.840000152587891,7.840000152587891,7.840000152587891,0
2015-01-21,7.840000152587891,7.840000152587891,7.840000152587891,7.840000152587891,7.840000152587891,0
2015-01-22,7.840000152587891,7.840000152587891,7.840000152587891,7.840000152587891,7.840000152587891,0
2015-01-23,8.229999542236328,8.229999542236328,8.229999542236328,8.229999542236328,8.229999542236328,124
2015-01-27,8.229999542236328,8.229999542236328,8.229999542236328,8.229999542236328,8.229999542236328,0
2015-01-28,8.229999542236328,8.229999542236328,8.229999542236328,8.229999542236328,8.229999542236328,0
2015-01-29,8.229999542236328,8.229999542236328,8.229999542236328,8.229999542236328,8.229999542236328,0
2015-01-30,8.229999542236328,8.229999542236328,8.229999542236328,8.229999542236328,8.229999542236328,0
2015-02-02,8.229999542236328,8.229999542236328,8.229999542236328,8.229999542236328,8.229999542236328,0
2015-02-03,8.229999542236328,8.229999542236328,8.229999542236328,8.229999542236328,8.229999542236328,0
2015-02-04,8.229999542236328,8.229999542236328,8.229999542236328,8.229999542236328,8.229999542236328,0
2015-02-05,8.229999542236328,8.229999542236328,8.229999542236328,8.229999542236328,8.229999542236328,0
2015-02-06,8.0,8.229999542236328,8.0,8.229999542236328,8.229999542236328,0
2015-02-09,8.229999542236328,8.229999542236328,8.229999542236328,8.229999542236328,8.229999542236328,0
2015-02-10,8.229999542236328,8.229999542236328,8.229999542236328,8.229999542236328,8.229999542236328,0
2015-02-11,8.229999542236328,8.229999542236328,8.229999542236328,8.229999542236328,8.229999542236328,0
2015-02-12,8.229999542236328,8.229999542236328,8.229999542236328,8.229999542236328,8.229999542236328,0
2015-02-13,8.600000381469727,8.600000381469727,8.600000381469727,8.600000381469727,8.600000381469727,500
2015-02-16,8.600000381469727,8.600000381469727,8.600000381469727,8.600000381469727,8.600000381469727,0
2015-02-18,8.600000381469727,8.600000381469727,8.600000381469727,8.600000381469727,8.600000381469727,0
2015-02-19,8.600000381469727,8.600000381469727,8.600000381469727,8.600000381469727,8.600000381469727,0
2015-02-20,8.600000381469727,8.600000381469727,8.600000381469727,8.600000381469727,8.600000381469727,0
2015-02-23,8.600000381469727,8.600000381469727,8.600000381469727,8.600000381469727,8.600000381469727,0
2015-02-24,8.600000381469727,8.600000381469727,8.600000381469727,8.600000381469727,8.600000381469727,0
2015-02-25,8.600000381469727,8.600000381469727,8.600000381469727,8.600000381469727,8.600000381469727,0
2015-02-26,8.600000381469727,8.600000381469727,8.600000381469727,8.600000381469727,8.600000381469727,0
2015-02-27,9.029999732971191,9.029999732971191,9.029999732971191,9.029999732971191,9.029999732971191,1
2015-03-02,9.029999732971191,9.029999732971191,9.029999732971191,9.029999732971191,9.029999732971191,0
2015-03-03,9.029999732971191,9.029999732971191,9.029999732971191,9.029999732971191,9.029999732971191,0
2015-03-04,9.029999732971191,9.029999732971191,9.029999732971191,9.029999732971191,9.029999732971191,0
2015-03-05,9.029999732971191,9.029999732971191,9.029999732971191,9.029999732971191,9.029999732971191,0
2015-03-09,9.029999732971191,9.029999732971191,9.029999732971191,9.029999732971191,9.029999732971191,0
2015-03-10,9.029999732971191,9.029999732971191,9.029999732971191,9.029999732971191,9.029999732971191,0
2015-03-11,9.029999732971191,9.029999732971191,9.029999732971191,9.029999732971191,9.029999732971191,0
2015-03-12,9.029999732971191,9.029999732971191,9.029999732971191,9.029999732971191,9.029999732971191,0
2015-03-13,9.029999732971191,9.029999732971191,9.029999732971191,9.029999732971191,9.029999732971191,0
2015-03-16,9.029999732971191,9.029999732971191,9.029999732971191,9.029999732971191,9.029999732971191,0
2015-03-17,9.029999732971191,9.029999732971191,9.029999732971191,9.029999732971191,9.029999732971191,0
2015-03-18,9.479999542236328,9.479999542236328,9.479999542236328,9.479999542236328,9.479999542236328,1000
2015-03-19,9.949999809265137,9.949999809265137,9.949999809265137,9.949999809265137,9.949999809265137,1730
2015-03-20,10.4399995803833,10.4399995803833,10.4399995803833,10.4399995803833,10.4399995803833,1197
2015-03-23,10.960000038146973,10.960000038146973,10.960000038146973,10.960000038146973,10.960000038146973,1607
2015-03-24,10.420000076293945,11.5,10.420000076293945,11.5,11.5,7700
2015-03-25,11.0,11.0,11.0,11.0,11.0,2000
2015-03-26,11.489999771118164,11.489999771118164,11.489999771118164,11.489999771118164,11.489999771118164,800
2015-03-27,10.920000076293945,10.920000076293945,10.920000076293945,10.920000076293945,10.920000076293945,500
2015-03-30,10.380000114440918,10.380000114440918,10.380000114440918,10.380000114440918,10.380000114440918,1000
2015-03-31,10.380000114440918,10.380000114440918,10.380000114440918,10.380000114440918,10.380000114440918,0
2015-04-01,10.380000114440918,10.380000114440918,10.380000114440918,10.380000114440918,10.380000114440918,0
2015-04-06,9.869999885559082,9.869999885559082,9.869999885559082,9.869999885559082,9.869999885559082,0
2015-04-07,9.869999885559082,9.869999885559082,9.869999885559082,9.869999885559082,9.869999885559082,0
2015-04-08,9.869999885559082,9.869999885559082,9.869999885559082,9.869999885559082,9.869999885559082,0
2015-04-09,9.399999618530273,9.399999618530273,9.399999618530273,9.399999618530273,9.399999618530273,500
2015-04-10,9.399999618530273,9.399999618530273,9.399999618530273,9.399999618530273,9.399999618530273,0
2015-04-13,9.399999618530273,9.399999618530273,9.399999618530273,9.399999618530273,9.399999618530273,0
2015-04-15,9.399999618530273,9.399999618530273,9.399999618530273,9.399999618530273,9.399999618530273,0
2015-04-16,9.399999618530273,9.399999618530273,9.399999618530273,9.399999618530273,9.399999618530273,0
2015-04-17,9.399999618530273,9.399999618530273,9.399999618530273,9.399999618530273,9.399999618530273,0
2015-04-20,9.850000381469727,9.850000381469727,9.850000381469727,9.850000381469727,9.850000381469727,1
2015-04-21,9.850000381469727,9.850000381469727,9.850000381469727,9.850000381469727,9.850000381469727,0
2015-04-22,9.850000381469727,9.850000381469727,9.850000381469727,9.850000381469727,9.850000381469727,0
2015-04-23,9.850000381469727,9.850000381469727,9.850000381469727,9.850000381469727,9.850000381469727,0
2015-04-24,9.850000381469727,9.850000381469727,9.850000381469727,9.850000381469727,9.850000381469727,0
2015-04-27,10.0,10.0,10.0,10.0,10.0,1
2015-04-28,9.5,9.5,9.5,9.5,9.5,833
2015-04-29,9.5,9.5,9.5,9.5,9.5,0
2015-04-30,9.029999732971191,9.9399995803833,9.029999732971191,9.9399995803833,9.9399995803833,501
2015-05-04,9.5,9.5,9.5,9.5,9.5,300
2015-05-05,9.5,9.5,9.5,9.5,9.5,0
2015-05-06,9.5,9.5,9.5,9.5,9.5,0
2015-05-07,9.5,9.5,9.5,9.5,9.5,0
2015-05-08,9.5,9.5,9.5,9.5,9.5,0
2015-05-11,9.5,9.5,9.5,9.5,9.5,0
2015-05-12,9.5,9.5,9.5,9.5,9.5,0
2015-05-13,9.5,9.5,9.5,9.5,9.5,0
2015-05-14,9.5,9.5,9.5,9.5,9.5,0
2015-05-15,9.5,9.5,9.5,9.5,9.5,0
2015-05-18,9.5,9.5,9.5,9.5,9.5,0
2015-05-19,9.5,9.5,9.5,9.5,9.5,0
2015-05-20,9.5,9.5,9.5,9.5,9.5,0
2015-05-21,9.5,9.5,9.5,9.5,9.5,0
2015-05-22,9.5,9.5,9.5,9.5,9.5,0
2015-05-25,9.5,9.5,9.5,9.5,9.5,0
2015-05-26,9.899999618530273,9.899999618530273,9.899999618530273,9.899999618530273,9.899999618530273,1
2015-05-27,9.899999618530273,9.899999618530273,9.899999618530273,9.899999618530273,9.899999618530273,0
2015-05-28,9.899999618530273,9.899999618530273,9.899999618530273,9.899999618530273,9.899999618530273,0
2015-05-29,9.899999618530273,9.899999618530273,9.899999618530273,9.899999618530273,9.899999618530273,0
2015-06-01,9.899999618530273,9.899999618530273,9.899999618530273,9.899999618530273,9.899999618530273,0
2015-06-02,9.899999618530273,9.899999618530273,9.899999618530273,9.899999618530273,9.899999618530273,0
2015-06-03,9.899999618530273,9.899999618530273,9.899999618530273,9.899999618530273,9.899999618530273,0
2015-06-04,9.899999618530273,9.899999618530273,9.899999618530273,9.899999618530273,9.899999618530273,0
2015-06-05,9.449999809265137,9.449999809265137,9.449999809265137,9.449999809265137,9.449999809265137,500
2015-06-08,9.449999809265137,9.449999809265137,9.449999809265137,9.449999809265137,9.449999809265137,0
2015-06-09,9.449999809265137,9.449999809265137,9.449999809265137,9.449999809265137,9.449999809265137,0
2015-06-10,9.449999809265137,9.449999809265137,9.449999809265137,9.449999809265137,9.449999809265137,0
2015-06-11,9.449999809265137,9.449999809265137,9.449999809265137,9.449999809265137,9.449999809265137,0
2015-06-12,9.0,9.0,9.0,9.0,9.0,100
2015-06-15,8.600000381469727,8.600000381469727,8.600000381469727,8.600000381469727,8.600000381469727,100
2015-06-16,8.600000381469727,8.600000381469727,8.600000381469727,8.600000381469727,8.600000381469727,0
2015-06-17,8.199999809265137,8.199999809265137,8.199999809265137,8.199999809265137,8.199999809265137,150
2015-06-18,7.800000190734863,7.800000190734863,7.800000190734863,7.800000190734863,7.800000190734863,100
2015-06-19,7.800000190734863,7.800000190734863,7.5,7.5,7.5,1500
2015-06-22,7.869999885559082,7.869999885559082,7.199999809265137,7.199999809265137,7.199999809265137,1100
2015-06-23,7.199999809265137,7.199999809265137,7.199999809265137,7.199999809265137,7.199999809265137,0
2015-06-24,7.199999809265137,7.199999809265137,7.199999809265137,7.199999809265137,7.199999809265137,0
2015-06-25,7.199999809265137,7.199999809265137,7.199999809265137,7.199999809265137,7.199999809265137,0
2015-06-26,7.199999809265137,7.199999809265137,7.199999809265137,7.199999809265137,7.199999809265137,0
2015-06-29,7.199999809265137,7.199999809265137,7.199999809265137,7.199999809265137,7.199999809265137,0
2015-06-30,7.199999809265137,7.199999809265137,7.199999809265137,7.199999809265137,7.199999809265137,0
2015-07-01,7.199999809265137,7.199999809265137,7.199999809265137,7.199999809265137,7.199999809265137,0
2015-07-02,7.199999809265137,7.199999809265137,7.199999809265137,7.199999809265137,7.199999809265137,0
2015-07-03,7.199999809265137,7.199999809265137,7.199999809265137,7.199999809265137,7.199999809265137,1
2015-07-06,7.199999809265137,7.199999809265137,7.199999809265137,7.199999809265137,7.199999809265137,0
2015-07-07,7.199999809265137,7.199999809265137,7.199999809265137,7.199999809265137,7.199999809265137,0
2015-07-08,7.199999809265137,7.199999809265137,7.199999809265137,7.199999809265137,7.199999809265137,0
2015-07-09,7.199999809265137,7.199999809265137,7.199999809265137,7.199999809265137,7.199999809265137,0
2015-07-10,7.199999809265137,7.199999809265137,7.199999809265137,7.199999809265137,7.199999809265137,0
2015-07-13,7.199999809265137,7.199999809265137,7.199999809265137,7.199999809265137,7.199999809265137,0
2015-07-14,7.199999809265137,7.199999809265137,7.199999809265137,7.199999809265137,7.199999809265137,0
2015-07-15,7.199999809265137,7.199999809265137,7.199999809265137,7.199999809265137,7.199999809265137,0
2015-07-16,7.199999809265137,7.199999809265137,7.199999809265137,7.199999809265137,7.199999809265137,0
2015-07-17,6.849999904632568,6.849999904632568,6.849999904632568,6.849999904632568,6.849999904632568,5000
2015-07-20,7.190000057220459,7.190000057220459,7.190000057220459,7.190000057220459,7.190000057220459,700
2015-07-21,7.539999961853027,7.539999961853027,7.539999961853027,7.539999961853027,7.539999961853027,10
2015-07-22,7.539999961853027,7.539999961853027,7.539999961853027,7.539999961853027,7.539999961853027,0
2015-07-23,7.539999961853027,7.539999961853027,7.539999961853027,7.539999961853027,7.539999961853027,0
2015-07-24,7.539999961853027,7.539999961853027,7.539999961853027,7.539999961853027,7.539999961853027,0
2015-07-27,7.539999961853027,7.539999961853027,7.539999961853027,7.539999961853027,7.539999961853027,0
2015-07-28,7.539999961853027,7.539999961853027,7.539999961853027,7.539999961853027,7.539999961853027,0
2015-07-29,7.539999961853027,7.539999961853027,7.539999961853027,7.539999961853027,7.539999961853027,0
2015-07-30,7.539999961853027,7.539999961853027,7.539999961853027,7.539999961853027,7.539999961853027,0
2015-07-31,7.539999961853027,7.539999961853027,7.539999961853027,7.539999961853027,7.539999961853027,0
2015-08-03,7.539999961853027,7.539999961853027,7.539999961853027,7.539999961853027,7.539999961853027,0
2015-08-04,7.539999961853027,7.539999961853027,7.539999961853027,7.539999961853027,7.539999961853027,0
2015-08-05,7.539999961853027,7.539999961853027,7.539999961853027,7.539999961853027,7.539999961853027,0
2015-08-06,7.539999961853027,7.539999961853027,7.539999961853027,7.539999961853027,7.539999961853027,0
2015-08-07,7.539999961853027,7.539999961853027,7.539999961853027,7.539999961853027,7.539999961853027,0
2015-08-10,7.909999847412109,7.909999847412109,7.909999847412109,7.909999847412109,7.909999847412109,1
2015-08-11,7.909999847412109,7.909999847412109,7.909999847412109,7.909999847412109,7.909999847412109,0
2015-08-12,7.909999847412109,7.909999847412109,7.909999847412109,7.909999847412109,7.909999847412109,0
2015-08-13,7.909999847412109,7.909999847412109,7.909999847412109,7.909999847412109,7.909999847412109,0
2015-08-14,7.909999847412109,7.909999847412109,7.909999847412109,7.909999847412109,7.909999847412109,0
2015-08-17,7.909999847412109,7.909999847412109,7.909999847412109,7.909999847412109,7.909999847412109,0
2015-08-18,7.909999847412109,7.909999847412109,7.909999847412109,7.909999847412109,7.909999847412109,0
2015-08-19,7.909999847412109,7.909999847412109,7.909999847412109,7.909999847412109,7.909999847412109,0
2015-08-20,7.909999847412109,7.909999847412109,7.909999847412109,7.909999847412109,7.909999847412109,0
2015-08-21,7.909999847412109,7.909999847412109,7.909999847412109,7.909999847412109,7.909999847412109,0
2015-08-24,7.909999847412109,7.909999847412109,7.909999847412109,7.909999847412109,7.909999847412109,0
2015-08-25,7.909999847412109,7.909999847412109,7.909999847412109,7.909999847412109,7.909999847412109,0
2015-08-26,7.909999847412109,7.909999847412109,7.909999847412109,7.909999847412109,7.909999847412109,0
2015-08-27,7.909999847412109,7.909999847412109,7.909999847412109,7.909999847412109,7.909999847412109,0
2015-08-28,7.909999847412109,7.909999847412109,7.909999847412109,7.909999847412109,7.909999847412109,0
2015-08-31,7.909999847412109,7.909999847412109,7.909999847412109,7.909999847412109,7.909999847412109,0
2015-09-01,7.909999847412109,7.909999847412109,7.909999847412109,7.909999847412109,7.909999847412109,0
2015-09-02,7.909999847412109,7.909999847412109,7.909999847412109,7.909999847412109,7.909999847412109,0
2015-09-03,7.909999847412109,7.909999847412109,7.909999847412109,7.909999847412109,7.909999847412109,0
2015-09-04,7.909999847412109,7.909999847412109,7.909999847412109,7.909999847412109,7.909999847412109,0
2015-09-07,7.909999847412109,7.909999847412109,7.909999847412109,7.909999847412109,7.909999847412109,0
2015-09-08,7.909999847412109,7.909999847412109,7.909999847412109,7.909999847412109,7.909999847412109,0
2015-09-09,7.909999847412109,7.909999847412109,7.909999847412109,7.909999847412109,7.909999847412109,0
2015-09-10,7.909999847412109,7.909999847412109,7.909999847412109,7.909999847412109,7.909999847412109,0
2015-09-11,7.909999847412109,7.909999847412109,7.909999847412109,7.909999847412109,7.909999847412109,0
2015-09-14,7.909999847412109,7.909999847412109,7.909999847412109,7.909999847412109,7.909999847412109,0
2015-09-15,7.909999847412109,7.909999847412109,7.909999847412109,7.909999847412109,7.909999847412109,0
2015-09-16,7.909999847412109,7.909999847412109,7.909999847412109,7.909999847412109,7.909999847412109,0
2015-09-18,7.909999847412109,7.909999847412109,7.909999847412109,7.909999847412109,7.909999847412109,0
2015-09-21,7.909999847412109,7.909999847412109,7.909999847412109,7.909999847412109,7.909999847412109,0
2015-09-22,7.909999847412109,7.909999847412109,7.909999847412109,7.909999847412109,7.909999847412109,0
2015-09-23,7.909999847412109,7.909999847412109,7.909999847412109,7.909999847412109,7.909999847412109,0
2015-09-24,7.909999847412109,7.909999847412109,7.909999847412109,7.909999847412109,7.909999847412109,0
2015-09-28,7.900000095367432,7.900000095367432,7.519999980926514,7.519999980926514,7.519999980926514,271000
2015-09-29,7.519999980926514,7.519999980926514,7.519999980926514,7.519999980926514,7.519999980926514,0
2015-09-30,7.519999980926514,7.519999980926514,7.519999980926514,7.519999980926514,7.519999980926514,0
2015-10-01,7.519999980926514,7.519999980926514,7.519999980926514,7.519999980926514,7.519999980926514,0
2015-10-05,7.889999866485596,7.889999866485596,7.889999866485596,7.889999866485596,7.889999866485596,500
2015-10-06,7.599999904632568,7.599999904632568,7.599999904632568,7.599999904632568,7.599999904632568,376
2015-10-07,7.599999904632568,7.599999904632568,7.599999904632568,7.599999904632568,7.599999904632568,0
2015-10-08,7.599999904632568,7.599999904632568,7.599999904632568,7.599999904632568,7.599999904632568,0
2015-10-09,7.599999904632568,7.599999904632568,7.599999904632568,7.599999904632568,7.599999904632568,0
2015-10-12,7.599999904632568,7.599999904632568,7.599999904632568,7.599999904632568,7.599999904632568,0
2015-10-13,7.599999904632568,7.599999904632568,7.599999904632568,7.599999904632568,7.599999904632568,0
2015-10-14,7.599999904632568,7.599999904632568,7.599999904632568,7.599999904632568,7.599999904632568,0
2015-10-15,7.599999904632568,7.599999904632568,7.599999904632568,7.599999904632568,7.599999904632568,0
2015-10-16,7.599999904632568,7.599999904632568,7.599999904632568,7.599999904632568,7.599999904632568,0
2015-10-19,7.599999904632568,7.599999904632568,7.599999904632568,7.599999904632568,7.599999904632568,0
2015-10-20,7.980000019073486,7.980000019073486,7.980000019073486,7.980000019073486,7.980000019073486,43
2015-10-21,7.980000019073486,7.980000019073486,7.980000019073486,7.980000019073486,7.980000019073486,0
2015-10-23,7.980000019073486,7.980000019073486,7.980000019073486,7.980000019073486,7.980000019073486,0
2015-10-26,7.980000019073486,7.980000019073486,7.980000019073486,7.980000019073486,7.980000019073486,0
2015-10-27,7.980000019073486,7.980000019073486,7.980000019073486,7.980000019073486,7.980000019073486,0
2015-10-28,8.369999885559082,8.369999885559082,8.369999885559082,8.369999885559082,8.369999885559082,200
2015-10-29,8.779999732971191,8.779999732971191,8.779999732971191,8.779999732971191,8.779999732971191,50
2015-10-30,8.350000381469727,8.350000381469727,8.350000381469727,8.350000381469727,8.350000381469727,100
2015-11-02,8.350000381469727,8.350000381469727,8.350000381469727,8.350000381469727,8.350000381469727,0
2015-11-03,8.760000228881836,8.760000228881836,8.760000228881836,8.760000228881836,8.760000228881836,682
2015-11-04,8.760000228881836,8.760000228881836,8.760000228881836,8.760000228881836,8.760000228881836,50
2015-11-05,8.760000228881836,8.760000228881836,8.760000228881836,8.760000228881836,8.760000228881836,0
2015-11-06,8.760000228881836,8.760000228881836,8.760000228881836,8.760000228881836,8.760000228881836,0
2015-11-09,8.760000228881836,8.760000228881836,8.760000228881836,8.760000228881836,8.760000228881836,0
2015-11-10,8.760000228881836,8.760000228881836,8.760000228881836,8.760000228881836,8.760000228881836,0
2015-11-13,8.760000228881836,8.760000228881836,8.760000228881836,8.760000228881836,8.760000228881836,0
2015-11-16,8.760000228881836,8.760000228881836,8.760000228881836,8.760000228881836,8.760000228881836,0
2015-11-17,8.760000228881836,8.760000228881836,8.760000228881836,8.760000228881836,8.760000228881836,0
2015-11-18,8.760000228881836,8.760000228881836,8.760000228881836,8.760000228881836,8.760000228881836,0
2015-11-19,8.760000228881836,8.760000228881836,8.760000228881836,8.760000228881836,8.760000228881836,1
2015-11-20,8.760000228881836,8.760000228881836,8.760000228881836,8.760000228881836,8.760000228881836,0
2015-11-23,8.760000228881836,8.760000228881836,8.760000228881836,8.760000228881836,8.760000228881836,0
2015-11-24,8.760000228881836,8.760000228881836,8.760000228881836,8.760000228881836,8.760000228881836,0
2015-11-26,9.1899995803833,9.1899995803833,9.1899995803833,9.1899995803833,9.1899995803833,310
2015-11-27,9.1899995803833,9.1899995803833,9.1899995803833,9.1899995803833,9.1899995803833,0
2015-11-30,9.1899995803833,9.1899995803833,9.1899995803833,9.1899995803833,9.1899995803833,0
2015-12-01,9.640000343322754,9.640000343322754,9.640000343322754,9.640000343322754,9.640000343322754,25
2015-12-02,9.640000343322754,9.640000343322754,9.640000343322754,9.640000343322754,9.640000343322754,1
2015-12-03,9.640000343322754,9.640000343322754,9.640000343322754,9.640000343322754,9.640000343322754,0
2015-12-04,9.640000343322754,9.640000343322754,9.640000343322754,9.640000343322754,9.640000343322754,0
2015-12-07,9.640000343322754,9.640000343322754,9.640000343322754,9.640000343322754,9.640000343322754,0
2015-12-08,9.640000343322754,9.640000343322754,9.640000343322754,9.640000343322754,9.640000343322754,0
2015-12-09,9.640000343322754,9.640000343322754,9.640000343322754,9.640000343322754,9.640000343322754,0
2015-12-10,9.640000343322754,9.640000343322754,9.640000343322754,9.640000343322754,9.640000343322754,0
2015-12-11,9.640000343322754,9.640000343322754,9.640000343322754,9.640000343322754,9.640000343322754,0
2015-12-14,9.640000343322754,9.640000343322754,9.640000343322754,9.640000343322754,9.640000343322754,0
2015-12-15,9.640000343322754,9.640000343322754,9.640000343322754,9.640000343322754,9.640000343322754,0
2015-12-16,9.640000343322754,9.640000343322754,9.640000343322754,9.640000343322754,9.640000343322754,0
2015-12-17,9.640000343322754,9.640000343322754,9.640000343322754,9.640000343322754,9.640000343322754,0
2015-12-18,9.640000343322754,9.640000343322754,9.640000343322754,9.640000343322754,9.640000343322754,0
2015-12-21,9.640000343322754,9.640000343322754,9.640000343322754,9.640000343322754,9.640000343322754,0
2015-12-22,9.640000343322754,9.640000343322754,9.640000343322754,9.640000343322754,9.640000343322754,0
2015-12-23,9.640000343322754,9.640000343322754,9.640000343322754,9.640000343322754,9.640000343322754,0
2015-12-24,9.640000343322754,9.640000343322754,9.640000343322754,9.640000343322754,9.640000343322754,0
2015-12-28,9.640000343322754,9.640000343322754,9.640000343322754,9.640000343322754,9.640000343322754,0
2015-12-29,9.640000343322754,9.640000343322754,9.640000343322754,9.640000343322754,9.640000343322754,0
2015-12-30,9.640000343322754,9.640000343322754,9.640000343322754,9.640000343322754,9.640000343322754,0
2015-12-31,9.640000343322754,9.640000343322754,9.640000343322754,9.640000343322754,9.640000343322754,0
2016-01-01,9.640000343322754,9.640000343322754,9.640000343322754,9.640000343322754,9.640000343322754,0
2016-01-04,9.640000343322754,9.640000343322754,9.640000343322754,9.640000343322754,9.640000343322754,0
2016-01-05,9.899999618530273,9.899999618530273,9.899999618530273,9.899999618530273,9.899999618530273,1
2016-01-06,9.899999618530273,9.899999618530273,9.899999618530273,9.899999618530273,9.899999618530273,0
2016-01-07,9.899999618530273,9.899999618530273,9.899999618530273,9.899999618530273,9.899999618530273,0
2016-01-08,9.899999618530273,9.899999618530273,9.899999618530273,9.899999618530273,9.899999618530273,0
2016-01-11,9.899999618530273,9.899999618530273,9.899999618530273,9.899999618530273,9.899999618530273,0
2016-01-12,9.899999618530273,9.899999618530273,9.899999618530273,9.899999618530273,9.899999618530273,0
2016-01-13,9.899999618530273,9.899999618530273,9.899999618530273,9.899999618530273,9.899999618530273,0
2016-01-14,9.899999618530273,9.899999618530273,9.899999618530273,9.899999618530273,9.899999618530273,0
2016-01-15,9.899999618530273,9.899999618530273,9.899999618530273,9.899999618530273,9.899999618530273,0
2016-01-18,9.899999618530273,9.899999618530273,9.899999618530273,9.899999618530273,9.899999618530273,0
2016-01-19,9.899999618530273,9.899999618530273,9.899999618530273,9.899999618530273,9.899999618530273,0
2016-01-20,9.899999618530273,9.899999618530273,9.899999618530273,9.899999618530273,9.899999618530273,0
2016-01-21,9.899999618530273,9.899999618530273,9.899999618530273,9.899999618530273,9.899999618530273,0
2016-01-22,9.899999618530273,9.899999618530273,9.899999618530273,9.899999618530273,9.899999618530273,0
2016-01-25,9.899999618530273,9.899999618530273,9.899999618530273,9.899999618530273,9.899999618530273,0
2016-01-27,9.899999618530273,9.899999618530273,9.899999618530273,9.899999618530273,9.899999618530273,0
2016-01-28,9.899999618530273,9.899999618530273,9.899999618530273,9.899999618530273,9.899999618530273,0
2016-01-29,9.899999618530273,9.899999618530273,9.899999618530273,9.899999618530273,9.899999618530273,0
2016-02-01,9.899999618530273,9.899999618530273,9.899999618530273,9.899999618530273,9.899999618530273,0
2016-02-02,9.899999618530273,9.899999618530273,9.899999618530273,9.899999618530273,9.899999618530273,0
2016-02-03,9.899999618530273,9.899999618530273,9.899999618530273,9.899999618530273,9.899999618530273,0
2016-02-04,9.899999618530273,9.899999618530273,9.899999618530273,9.899999618530273,9.899999618530273,0
2016-02-05,9.899999618530273,9.899999618530273,9.899999618530273,9.899999618530273,9.899999618530273,0
2016-02-08,9.899999618530273,9.899999618530273,9.899999618530273,9.899999618530273,9.899999618530273,0
2016-02-09,9.899999618530273,9.899999618530273,9.899999618530273,9.899999618530273,9.899999618530273,0
2016-02-10,9.899999618530273,9.899999618530273,9.899999618530273,9.899999618530273,9.899999618530273,0
2016-02-11,9.899999618530273,9.899999618530273,9.899999618530273,9.899999618530273,9.899999618530273,0
2016-02-12,9.899999618530273,9.899999618530273,9.899999618530273,9.899999618530273,9.899999618530273,0
2016-02-15,9.899999618530273,9.899999618530273,9.899999618530273,9.899999618530273,9.899999618530273,0
2016-02-16,9.899999618530273,9.899999618530273,9.899999618530273,9.899999618530273,9.899999618530273,0
2016-02-17,9.899999618530273,9.899999618530273,9.899999618530273,9.899999618530273,9.899999618530273,0
2016-02-18,9.899999618530273,9.899999618530273,9.899999618530273,9.899999618530273,9.899999618530273,0
2016-02-19,9.899999618530273,9.899999618530273,9.899999618530273,9.899999618530273,9.899999618530273,0
2016-02-22,9.899999618530273,9.899999618530273,9.899999618530273,9.899999618530273,9.899999618530273,0
2016-02-23,9.899999618530273,9.899999618530273,9.899999618530273,9.899999618530273,9.899999618530273,0
2016-02-24,9.899999618530273,9.899999618530273,9.899999618530273,9.899999618530273,9.899999618530273,0
2016-02-25,9.899999618530273,9.899999618530273,9.899999618530273,9.899999618530273,9.899999618530273,0
2016-02-26,9.899999618530273,9.899999618530273,9.899999618530273,9.899999618530273,9.899999618530273,0
2016-02-29,9.899999618530273,9.899999618530273,9.899999618530273,9.899999618530273,9.899999618530273,0
2016-03-01,9.899999618530273,9.899999618530273,9.899999618530273,9.899999618530273,9.899999618530273,0
2016-03-02,9.899999618530273,9.899999618530273,9.899999618530273,9.899999618530273,9.899999618530273,0
2016-03-03,9.899999618530273,9.899999618530273,9.899999618530273,9.899999618530273,9.899999618530273,0
2016-03-04,9.899999618530273,9.899999618530273,9.899999618530273,9.899999618530273,9.899999618530273,0
2016-03-08,9.899999618530273,9.899999618530273,9.899999618530273,9.899999618530273,9.899999618530273,0
2016-03-09,9.899999618530273,9.899999618530273,9.899999618530273,9.899999618530273,9.899999618530273,0
2016-03-10,9.899999618530273,9.899999618530273,9.899999618530273,9.899999618530273,9.899999618530273,0
2016-03-11,9.899999618530273,9.899999618530273,9.899999618530273,9.899999618530273,9.899999618530273,0
2016-03-14,9.899999618530273,9.899999618530273,9.899999618530273,9.899999618530273,9.899999618530273,0
2016-03-15,9.899999618530273,9.899999618530273,9.899999618530273,9.899999618530273,9.899999618530273,0
2016-03-16,9.899999618530273,9.899999618530273,9.899999618530273,9.899999618530273,9.899999618530273,0
2016-03-17,9.899999618530273,9.899999618530273,9.899999618530273,9.899999618530273,9.899999618530273,0
2016-03-18,9.899999618530273,9.899999618530273,9.899999618530273,9.899999618530273,9.899999618530273,0
2016-03-21,9.899999618530273,9.899999618530273,9.899999618530273,9.899999618530273,9.899999618530273,0
2016-03-22,9.899999618530273,9.899999618530273,9.899999618530273,9.899999618530273,9.899999618530273,0
2016-03-23,9.899999618530273,9.899999618530273,9.899999618530273,9.899999618530273,9.899999618530273,0
2016-03-28,9.899999618530273,9.899999618530273,9.899999618530273,9.899999618530273,9.899999618530273,0
2016-03-29,9.899999618530273,9.899999618530273,9.899999618530273,9.899999618530273,9.899999618530273,0
2016-03-30,9.899999618530273,9.899999618530273,9.899999618530273,9.899999618530273,9.899999618530273,0
2016-03-31,9.899999618530273,9.899999618530273,9.899999618530273,9.899999618530273,9.899999618530273,0
2016-04-01,9.899999618530273,9.899999618530273,9.899999618530273,9.899999618530273,9.899999618530273,0
2016-04-04,9.899999618530273,9.899999618530273,9.899999618530273,9.899999618530273,9.899999618530273,0
2016-04-05,9.899999618530273,9.899999618530273,9.899999618530273,9.899999618530273,9.899999618530273,0
2016-04-06,9.899999618530273,9.899999618530273,9.899999618530273,9.899999618530273,9.899999618530273,0
2016-04-07,9.899999618530273,9.899999618530273,9.899999618530273,9.899999618530273,9.899999618530273,0
2016-04-08,9.899999618530273,9.899999618530273,9.899999618530273,9.899999618530273,9.899999618530273,0
2016-04-11,9.899999618530273,9.899999618530273,9.899999618530273,9.899999618530273,9.899999618530273,0
2016-04-12,9.899999618530273,9.899999618530273,9.899999618530273,9.899999618530273,9.899999618530273,0
2016-04-13,9.899999618530273,9.899999618530273,9.899999618530273,9.899999618530273,9.899999618530273,0
2016-04-18,9.899999618530273,9.899999618530273,9.899999618530273,9.899999618530273,9.899999618530273,0
2016-04-20,9.899999618530273,9.899999618530273,9.899999618530273,9.899999618530273,9.899999618530273,0
2016-04-21,9.899999618530273,9.899999618530273,9.899999618530273,9.899999618530273,9.899999618530273,0
2016-04-22,9.899999618530273,9.899999618530273,9.899999618530273,9.899999618530273,9.899999618530273,0
2016-04-25,9.899999618530273,9.899999618530273,9.899999618530273,9.899999618530273,9.899999618530273,0
2016-04-26,9.899999618530273,9.899999618530273,9.899999618530273,9.899999618530273,9.899999618530273,0
2016-04-27,9.899999618530273,9.899999618530273,9.899999618530273,9.899999618530273,9.899999618530273,0
2016-04-28,9.899999618530273,9.899999618530273,9.899999618530273,9.899999618530273,9.899999618530273,0
2016-04-29,9.899999618530273,9.899999618530273,9.899999618530273,9.899999618530273,9.899999618530273,0
2016-05-02,9.899999618530273,9.899999618530273,9.899999618530273,9.899999618530273,9.899999618530273,0
2016-05-03,9.899999618530273,9.899999618530273,9.899999618530273,9.899999618530273,9.899999618530273,0
2016-05-04,9.899999618530273,9.899999618530273,9.899999618530273,9.899999618530273,9.899999618530273,0
2016-05-05,9.899999618530273,9.899999618530273,9.899999618530273,9.899999618530273,9.899999618530273,0
2016-05-06,9.899999618530273,9.899999618530273,9.899999618530273,9.899999618530273,9.899999618530273,0
2016-05-09,9.899999618530273,9.899999618530273,9.899999618530273,9.899999618530273,9.899999618530273,0
2016-05-10,9.899999618530273,9.899999618530273,9.899999618530273,9.899999618530273,9.899999618530273,0
2016-05-11,9.899999618530273,9.899999618530273,9.899999618530273,9.899999618530273,9.899999618530273,0
2016-05-12,9.899999618530273,9.899999618530273,9.899999618530273,9.899999618530273,9.899999618530273,0
2016-05-13,9.899999618530273,9.899999618530273,9.899999618530273,9.899999618530273,9.899999618530273,0
2016-05-16,9.899999618530273,9.899999618530273,9.899999618530273,9.899999618530273,9.899999618530273,0
2016-05-17,9.899999618530273,9.899999618530273,9.899999618530273,9.899999618530273,9.899999618530273,0
2016-05-18,9.899999618530273,9.899999618530273,9.899999618530273,9.899999618530273,9.899999618530273,0
2016-05-19,9.899999618530273,9.899999618530273,9.899999618530273,9.899999618530273,9.899999618530273,0
2016-05-20,9.899999618530273,9.899999618530273,9.899999618530273,9.899999618530273,9.899999618530273,0
2016-05-23,9.899999618530273,9.899999618530273,9.899999618530273,9.899999618530273,9.899999618530273,0
2016-05-24,9.899999618530273,9.899999618530273,9.899999618530273,9.899999618530273,9.899999618530273,0
2016-05-25,9.899999618530273,9.899999618530273,9.899999618530273,9.899999618530273,9.899999618530273,0
2016-05-26,9.899999618530273,9.899999618530273,9.899999618530273,9.899999618530273,9.899999618530273,0
2016-05-27,9.40999984741211,9.40999984741211,9.40999984741211,9.40999984741211,9.40999984741211,10
2016-05-30,9.40999984741211,9.40999984741211,9.40999984741211,9.40999984741211,9.40999984741211,0
2016-05-31,9.40999984741211,9.40999984741211,9.40999984741211,9.40999984741211,9.40999984741211,0
2016-06-01,9.40999984741211,9.40999984741211,9.40999984741211,9.40999984741211,9.40999984741211,0
2016-06-02,9.40999984741211,9.40999984741211,9.40999984741211,9.40999984741211,9.40999984741211,0
2016-06-03,8.9399995803833,8.9399995803833,8.9399995803833,8.9399995803833,8.9399995803833,1
2016-06-06,8.9399995803833,8.9399995803833,8.9399995803833,8.9399995803833,8.9399995803833,0
2016-06-07,8.9399995803833,8.9399995803833,8.9399995803833,8.9399995803833,8.9399995803833,0
2016-06-08,8.9399995803833,8.9399995803833,8.9399995803833,8.9399995803833,8.9399995803833,0
2016-06-09,8.9399995803833,8.9399995803833,8.9399995803833,8.9399995803833,8.9399995803833,0
2016-06-10,8.9399995803833,8.9399995803833,8.9399995803833,8.9399995803833,8.9399995803833,0
2016-06-13,8.9399995803833,8.9399995803833,8.9399995803833,8.9399995803833,8.9399995803833,0
2016-06-14,8.9399995803833,8.9399995803833,8.9399995803833,8.9399995803833,8.9399995803833,0
2016-06-15,8.9399995803833,8.9399995803833,8.9399995803833,8.9399995803833,8.9399995803833,0
2016-06-16,8.9399995803833,8.9399995803833,8.9399995803833,8.9399995803833,8.9399995803833,0
2016-06-17,8.9399995803833,8.9399995803833,8.9399995803833,8.9399995803833,8.9399995803833,0
2016-06-20,8.9399995803833,8.9399995803833,8.9399995803833,8.9399995803833,8.9399995803833,0
2016-06-21,8.9399995803833,8.9399995803833,8.9399995803833,8.9399995803833,8.9399995803833,0
2016-06-22,8.9399995803833,8.9399995803833,8.9399995803833,8.9399995803833,8.9399995803833,0
2016-06-23,8.550000190734863,8.550000190734863,8.550000190734863,8.550000190734863,8.550000190734863,400
2016-06-24,8.149999618530273,8.149999618530273,8.149999618530273,8.149999618530273,8.149999618530273,200
2016-06-27,7.800000190734863,7.800000190734863,7.800000190734863,7.800000190734863,7.800000190734863,200
2016-06-28,7.409999847412109,7.409999847412109,7.409999847412109,7.409999847412109,7.409999847412109,100
2016-06-29,7.039999961853027,7.039999961853027,7.039999961853027,7.039999961853027,7.039999961853027,200
2016-06-30,6.699999809265137,6.699999809265137,6.699999809265137,6.699999809265137,6.699999809265137,200
2016-07-01,6.519999980926514,6.519999980926514,6.519999980926514,6.519999980926514,6.519999980926514,250
2016-07-04,6.25,6.25,6.25,6.25,6.25,200
2016-07-05,6.0,6.0,6.0,6.0,6.0,100
2016-07-07,5.699999809265137,5.699999809265137,5.699999809265137,5.699999809265137,5.699999809265137,100
2016-07-08,5.420000076293945,5.420000076293945,5.420000076293945,5.420000076293945,5.420000076293945,100
2016-07-11,5.150000095367432,5.150000095367432,5.150000095367432,5.150000095367432,5.150000095367432,375
2016-07-12,5.150000095367432,5.150000095367432,5.150000095367432,5.150000095367432,5.150000095367432,0
2016-07-13,5.150000095367432,5.150000095367432,5.150000095367432,5.150000095367432,5.150000095367432,0
2016-07-14,5.150000095367432,5.150000095367432,5.150000095367432,5.150000095367432,5.150000095367432,0
2016-07-15,5.150000095367432,5.150000095367432,5.150000095367432,5.150000095367432,5.150000095367432,0
2016-07-18,5.150000095367432,5.150000095367432,5.150000095367432,5.150000095367432,5.150000095367432,0
2016-07-19,5.150000095367432,5.150000095367432,5.150000095367432,5.150000095367432,5.150000095367432,0
2016-07-20,5.150000095367432,5.150000095367432,5.150000095367432,5.150000095367432,5.150000095367432,0
2016-07-21,4.900000095367432,4.900000095367432,4.900000095367432,4.900000095367432,4.900000095367432,775
2016-07-22,4.900000095367432,4.900000095367432,4.900000095367432,4.900000095367432,4.900000095367432,0
2016-07-25,4.900000095367432,4.900000095367432,4.900000095367432,4.900000095367432,4.900000095367432,0
2016-07-26,4.900000095367432,4.900000095367432,4.900000095367432,4.900000095367432,4.900000095367432,0
2016-07-27,4.900000095367432,4.900000095367432,4.900000095367432,4.900000095367432,4.900000095367432,0
2016-07-28,4.900000095367432,4.900000095367432,4.900000095367432,4.900000095367432,4.900000095367432,0
2016-07-29,4.900000095367432,4.900000095367432,4.900000095367432,4.900000095367432,4.900000095367432,0
2016-08-01,4.900000095367432,4.900000095367432,4.900000095367432,4.900000095367432,4.900000095367432,0
2016-08-02,4.900000095367432,4.900000095367432,4.900000095367432,4.900000095367432,4.900000095367432,0
2016-08-03,4.900000095367432,4.900000095367432,4.900000095367432,4.900000095367432,4.900000095367432,0
2016-08-04,4.900000095367432,4.900000095367432,4.900000095367432,4.900000095367432,4.900000095367432,0
2016-08-05,4.900000095367432,4.900000095367432,4.900000095367432,4.900000095367432,4.900000095367432,0
2016-08-08,4.900000095367432,4.900000095367432,4.900000095367432,4.900000095367432,4.900000095367432,0
2016-08-09,4.900000095367432,4.900000095367432,4.900000095367432,4.900000095367432,4.900000095367432,0
2016-08-10,5.139999866485596,5.139999866485596,5.139999866485596,5.139999866485596,5.139999866485596,150
2016-08-11,5.139999866485596,5.139999866485596,5.139999866485596,5.139999866485596,5.139999866485596,70
2016-08-12,5.139999866485596,5.139999866485596,5.139999866485596,5.139999866485596,5.139999866485596,0
2016-08-16,5.139999866485596,5.139999866485596,5.139999866485596,5.139999866485596,5.139999866485596,0
2016-08-17,5.139999866485596,5.139999866485596,5.139999866485596,5.139999866485596,5.139999866485596,150
2016-08-18,5.389999866485596,5.389999866485596,5.389999866485596,5.389999866485596,5.389999866485596,248
2016-08-19,5.389999866485596,5.389999866485596,5.389999866485596,5.389999866485596,5.389999866485596,0
2016-08-22,5.389999866485596,5.389999866485596,5.389999866485596,5.389999866485596,5.389999866485596,0
2016-08-23,5.389999866485596,5.650000095367432,5.389999866485596,5.650000095367432,5.650000095367432,255
2016-08-24,5.650000095367432,5.650000095367432,5.650000095367432,5.650000095367432,5.650000095367432,0
2016-08-25,5.650000095367432,5.650000095367432,5.650000095367432,5.650000095367432,5.650000095367432,0
2016-08-26,5.650000095367432,5.650000095367432,5.650000095367432,5.650000095367432,5.650000095367432,0
2016-08-29,5.599999904632568,5.599999904632568,5.599999904632568,5.599999904632568,5.599999904632568,2418
2016-08-30,5.599999904632568,5.599999904632568,5.599999904632568,5.599999904632568,5.599999904632568,0
2016-08-31,5.599999904632568,5.599999904632568,5.599999904632568,5.599999904632568,5.599999904632568,0
2016-09-01,5.599999904632568,5.599999904632568,5.599999904632568,5.599999904632568,5.599999904632568,0
2016-09-02,5.599999904632568,5.599999904632568,5.599999904632568,5.599999904632568,5.599999904632568,0
2016-09-06,5.599999904632568,5.599999904632568,5.599999904632568,5.599999904632568,5.599999904632568,0
2016-09-07,5.599999904632568,5.599999904632568,5.599999904632568,5.599999904632568,5.599999904632568,0
2016-09-08,5.599999904632568,5.599999904632568,5.599999904632568,5.599999904632568,5.599999904632568,0
2016-09-09,5.599999904632568,5.599999904632568,5.599999904632568,5.599999904632568,5.599999904632568,0
2016-09-12,5.599999904632568,5.599999904632568,5.599999904632568,5.599999904632568,5.599999904632568,0
2016-09-14,5.599999904632568,5.599999904632568,5.599999904632568,5.599999904632568,5.599999904632568,0
2016-09-15,5.599999904632568,5.599999904632568,5.599999904632568,5.599999904632568,5.599999904632568,0
2016-09-16,5.880000114440918,5.880000114440918,5.880000114440918,5.880000114440918,5.880000114440918,1000
2016-09-19,5.880000114440918,5.880000114440918,5.880000114440918,5.880000114440918,5.880000114440918,0
2016-09-20,5.880000114440918,5.880000114440918,5.880000114440918,5.880000114440918,5.880000114440918,0
2016-09-21,5.880000114440918,5.880000114440918,5.880000114440918,5.880000114440918,5.880000114440918,0
2016-09-22,5.880000114440918,5.880000114440918,5.880000114440918,5.880000114440918,5.880000114440918,0
2016-09-23,6.170000076293945,6.170000076293945,6.170000076293945,6.170000076293945,6.170000076293945,1
2016-09-26,6.46999979019165,6.46999979019165,6.46999979019165,6.46999979019165,6.46999979019165,1
2016-09-27,6.46999979019165,6.46999979019165,6.46999979019165,6.46999979019165,6.46999979019165,0
2016-09-28,6.46999979019165,6.46999979019165,6.46999979019165,6.46999979019165,6.46999979019165,0
2016-09-29,6.46999979019165,6.46999979019165,6.46999979019165,6.46999979019165,6.46999979019165,0
2016-09-30,6.46999979019165,6.46999979019165,6.46999979019165,6.46999979019165,6.46999979019165,0
2016-10-03,6.46999979019165,6.46999979019165,6.46999979019165,6.46999979019165,6.46999979019165,0
2016-10-04,6.46999979019165,6.46999979019165,6.46999979019165,6.46999979019165,6.46999979019165,0
2016-10-05,6.46999979019165,6.46999979019165,6.46999979019165,6.46999979019165,6.46999979019165,0
2016-10-06,6.480000019073486,6.480000019073486,6.480000019073486,6.480000019073486,6.480000019073486,2288
2016-10-07,6.480000019073486,6.480000019073486,6.480000019073486,6.480000019073486,6.480000019073486,0
2016-10-10,6.480000019073486,6.480000019073486,6.480000019073486,6.480000019073486,6.480000019073486,0
2016-10-13,6.480000019073486,6.480000019073486,6.480000019073486,6.480000019073486,6.480000019073486,0
2016-10-14,6.480000019073486,6.480000019073486,6.480000019073486,6.480000019073486,6.480000019073486,0
2016-10-17,6.800000190734863,6.800000190734863,6.800000190734863,6.800000190734863,6.800000190734863,124
2016-10-18,7.139999866485596,7.139999866485596,7.139999866485596,7.139999866485596,7.139999866485596,105
2016-10-19,7.139999866485596,7.139999866485596,7.139999866485596,7.139999866485596,7.139999866485596,0
2016-10-20,7.139999866485596,7.139999866485596,7.139999866485596,7.139999866485596,7.139999866485596,0
2016-10-21,6.800000190734863,7.489999771118164,6.800000190734863,7.489999771118164,7.489999771118164,151
2016-10-24,7.860000133514404,7.860000133514404,7.860000133514404,7.860000133514404,7.860000133514404,4
2016-10-25,7.5,8.25,7.5,8.25,8.25,67
2016-10-26,8.25,8.25,8.25,8.25,8.25,0
2016-10-27,7.840000152587891,7.840000152587891,7.840000152587891,7.840000152587891,7.840000152587891,79
2016-10-28,7.840000152587891,7.840000152587891,7.840000152587891,7.840000152587891,7.840000152587891,0
2016-11-01,7.840000152587891,7.840000152587891,7.840000152587891,7.840000152587891,7.840000152587891,0
2016-11-02,8.640000343322754,8.640000343322754,8.640000343322754,8.640000343322754,8.640000343322754,4
2016-11-03,9.069999694824219,9.069999694824219,9.069999694824219,9.069999694824219,9.069999694824219,3
2016-11-04,9.399999618530273,9.399999618530273,9.399999618530273,9.399999618530273,9.399999618530273,10
2016-11-07,9.399999618530273,9.399999618530273,9.399999618530273,9.399999618530273,9.399999618530273,0
2016-11-08,9.399999618530273,9.399999618530273,9.399999618530273,9.399999618530273,9.399999618530273,0
2016-11-09,9.399999618530273,9.399999618530273,9.399999618530273,9.399999618530273,9.399999618530273,0
2016-11-10,9.399999618530273,9.399999618530273,9.399999618530273,9.399999618530273,9.399999618530273,0
2016-11-11,9.399999618530273,9.399999618530273,9.399999618530273,9.399999618530273,9.399999618530273,0
2016-11-15,9.399999618530273,9.399999618530273,9.399999618530273,9.399999618530273,9.399999618530273,0
2016-11-16,9.399999618530273,9.399999618530273,9.399999618530273,9.399999618530273,9.399999618530273,0
2016-11-17,9.399999618530273,9.399999618530273,9.399999618530273,9.399999618530273,9.399999618530273,0
2016-11-18,9.399999618530273,9.399999618530273,9.399999618530273,9.399999618530273,9.399999618530273,0
2016-11-21,9.399999618530273,9.399999618530273,9.399999618530273,9.399999618530273,9.399999618530273,1000
2016-11-22,9.399999618530273,9.399999618530273,9.399999618530273,9.399999618530273,9.399999618530273,0
2016-11-23,9.399999618530273,9.399999618530273,9.399999618530273,9.399999618530273,9.399999618530273,0
2016-11-24,9.399999618530273,9.399999618530273,9.399999618530273,9.399999618530273,9.399999618530273,0
2016-11-25,9.399999618530273,9.399999618530273,9.399999618530273,9.399999618530273,9.399999618530273,0
2016-11-28,9.399999618530273,9.399999618530273,9.399999618530273,9.399999618530273,9.399999618530273,0
2016-11-29,9.0,9.0,9.0,9.0,9.0,100
2016-11-30,9.0,9.0,9.0,9.0,9.0,0
2016-12-01,9.0,9.0,9.0,9.0,9.0,0
2016-12-02,9.449999809265137,9.449999809265137,9.449999809265137,9.449999809265137,9.449999809265137,2
2016-12-05,8.979999542236328,8.979999542236328,8.979999542236328,8.979999542236328,8.979999542236328,100
2016-12-06,8.539999961853027,8.539999961853027,8.539999961853027,8.539999961853027,8.539999961853027,100
2016-12-07,8.119999885559082,8.119999885559082,8.119999885559082,8.119999885559082,8.119999885559082,200
2016-12-08,8.5,8.5,8.5,8.5,8.5,54
2016-12-09,8.5,8.5,8.5,8.5,8.5,0
2016-12-12,8.5,8.5,8.5,8.5,8.5,0
2016-12-13,8.5,8.5,8.5,8.5,8.5,0
2016-12-14,8.5,8.5,8.5,8.5,8.5,0
2016-12-15,8.5,8.5,8.5,8.5,8.5,0
2016-12-16,8.5,8.5,8.5,8.5,8.5,0
2016-12-19,8.5,8.5,8.5,8.5,8.5,0
2016-12-20,8.5,8.5,8.5,8.5,8.5,0
2016-12-21,8.5,8.5,8.5,8.5,8.5,0
2016-12-22,8.5,8.5,8.5,8.5,8.5,0
2016-12-23,8.5,8.5,8.5,8.5,8.5,0
2016-12-26,8.079999923706055,8.079999923706055,8.079999923706055,8.079999923706055,8.079999923706055,286
2016-12-27,8.079999923706055,8.079999923706055,8.079999923706055,8.079999923706055,8.079999923706055,0
2016-12-28,8.079999923706055,8.079999923706055,8.079999923706055,8.079999923706055,8.079999923706055,0
2016-12-29,8.079999923706055,8.079999923706055,8.079999923706055,8.079999923706055,8.079999923706055,0
2016-12-30,8.079999923706055,8.079999923706055,8.079999923706055,8.079999923706055,8.079999923706055,0
2017-01-02,8.079999923706055,8.079999923706055,8.079999923706055,8.079999923706055,8.079999923706055,0
2017-01-03,8.079999923706055,8.079999923706055,8.079999923706055,8.079999923706055,8.079999923706055,0
2017-01-04,8.079999923706055,8.079999923706055,8.079999923706055,8.079999923706055,8.079999923706055,0
2017-01-05,8.079999923706055,8.079999923706055,8.079999923706055,8.079999923706055,8.079999923706055,0
2017-01-06,8.479999542236328,8.479999542236328,8.479999542236328,8.479999542236328,8.479999542236328,1031
2017-01-09,8.899999618530273,8.899999618530273,8.899999618530273,8.899999618530273,8.899999618530273,1150
2017-01-10,8.5,8.5,8.5,8.5,8.5,200
2017-01-11,8.5,8.5,8.5,8.5,8.5,0
2017-01-12,8.5,8.5,8.5,8.5,8.5,0
2017-01-13,8.5,8.5,8.5,8.5,8.5,0
2017-01-16,8.5,8.5,8.5,8.5,8.5,0
2017-01-17,8.5,8.5,8.5,8.5,8.5,0
2017-01-18,8.5,8.5,8.5,8.5,8.5,0
2017-01-19,8.5,8.5,8.5,8.5,8.5,0
2017-01-20,8.5,8.5,8.5,8.5,8.5,0
2017-01-23,8.5,8.5,8.5,8.5,8.5,0
2017-01-24,8.5,8.5,8.5,8.5,8.5,0
2017-01-25,8.5,8.5,8.5,8.5,8.5,0
2017-01-27,8.5,8.5,8.5,8.5,8.5,0
2017-01-30,8.5,8.5,8.5,8.5,8.5,0
2017-01-31,8.5,8.5,8.5,8.5,8.5,0
2017-02-01,8.920000076293945,8.920000076293945,8.920000076293945,8.920000076293945,8.920000076293945,6
2017-02-02,8.920000076293945,8.920000076293945,8.920000076293945,8.920000076293945,8.920000076293945,0
2017-02-03,8.920000076293945,8.920000076293945,8.920000076293945,8.920000076293945,8.920000076293945,0
2017-02-06,8.920000076293945,8.920000076293945,8.920000076293945,8.920000076293945,8.920000076293945,0
2017-02-07,8.920000076293945,8.920000076293945,8.920000076293945,8.920000076293945,8.920000076293945,0
2017-02-08,9.359999656677246,9.359999656677246,9.359999656677246,9.359999656677246,9.359999656677246,1021
2017-02-09,9.359999656677246,9.359999656677246,9.359999656677246,9.359999656677246,9.359999656677246,0
2017-02-10,9.359999656677246,9.359999656677246,9.359999656677246,9.359999656677246,9.359999656677246,0
2017-02-13,9.359999656677246,9.359999656677246,9.359999656677246,9.359999656677246,9.359999656677246,0
2017-02-14,9.359999656677246,9.359999656677246,9.359999656677246,9.359999656677246,9.359999656677246,0
2017-02-15,9.359999656677246,9.359999656677246,9.359999656677246,9.359999656677246,9.359999656677246,0
2017-02-16,9.359999656677246,9.359999656677246,9.359999656677246,9.359999656677246,9.359999656677246,0
2017-02-17,9.359999656677246,9.359999656677246,9.359999656677246,9.359999656677246,9.359999656677246,0
2017-02-20,9.819999694824219,9.819999694824219,9.819999694824219,9.819999694824219,9.819999694824219,9
2017-02-21,9.329999923706055,9.329999923706055,9.329999923706055,9.329999923706055,9.329999923706055,500
2017-02-22,9.789999961853027,9.789999961853027,9.789999961853027,9.789999961853027,9.789999961853027,756
2017-02-23,9.789999961853027,9.789999961853027,9.789999961853027,9.789999961853027,9.789999961853027,0
2017-02-27,9.789999961853027,9.789999961853027,9.789999961853027,9.789999961853027,9.789999961853027,0
2017-02-28,9.789999961853027,9.789999961853027,9.789999961853027,9.789999961853027,9.789999961853027,0
2017-03-01,9.789999961853027,9.789999961853027,9.789999961853027,9.789999961853027,9.789999961853027,0
2017-03-02,9.789999961853027,9.789999961853027,9.789999961853027,9.789999961853027,9.789999961853027,0
2017-03-03,9.3100004196167,9.3100004196167,9.3100004196167,9.3100004196167,9.3100004196167,7
2017-03-06,9.3100004196167,9.3100004196167,9.3100004196167,9.3100004196167,9.3100004196167,0
2017-03-07,9.770000457763672,9.770000457763672,9.770000457763672,9.770000457763672,9.770000457763672,251
2017-03-08,10.25,10.25,10.25,10.25,10.25,249
2017-03-09,10.25,10.25,10.25,10.25,10.25,0
2017-03-10,10.25,10.25,10.25,10.25,10.25,0
2017-03-14,10.760000228881836,10.760000228881836,10.760000228881836,10.760000228881836,10.760000228881836,750
2017-03-15,11.279999732971191,11.279999732971191,11.279999732971191,11.279999732971191,11.279999732971191,2
2017-03-16,11.75,11.75,11.5,11.5,11.5,125
2017-03-17,11.5,11.5,11.5,11.5,11.5,0
2017-03-20,10.930000305175781,10.930000305175781,10.930000305175781,10.930000305175781,10.930000305175781,202
2017-03-21,10.489999771118164,10.489999771118164,10.489999771118164,10.489999771118164,10.489999771118164,350
2017-03-22,9.970000267028809,9.970000267028809,9.970000267028809,9.970000267028809,9.970000267028809,500
2017-03-23,9.970000267028809,9.970000267028809,9.970000267028809,9.970000267028809,9.970000267028809,0
2017-03-24,9.970000267028809,9.970000267028809,9.970000267028809,9.970000267028809,9.970000267028809,0
2017-03-27,9.970000267028809,9.970000267028809,9.970000267028809,9.970000267028809,9.970000267028809,0
2017-03-28,9.970000267028809,9.970000267028809,9.970000267028809,9.970000267028809,9.970000267028809,0
2017-03-29,9.479999542236328,9.479999542236328,9.479999542236328,9.479999542236328,9.479999542236328,200
2017-03-30,9.010000228881836,9.010000228881836,9.010000228881836,9.010000228881836,9.010000228881836,699
2017-03-31,8.5600004196167,8.5600004196167,8.5600004196167,8.5600004196167,8.5600004196167,662
2017-04-03,8.5600004196167,8.5600004196167,8.5600004196167,8.5600004196167,8.5600004196167,0
2017-04-05,8.5600004196167,8.5600004196167,8.5600004196167,8.5600004196167,8.5600004196167,0
2017-04-06,8.979999542236328,8.979999542236328,8.979999542236328,8.979999542236328,8.979999542236328,100
2017-04-07,9.399999618530273,9.420000076293945,9.399999618530273,9.420000076293945,9.420000076293945,200
2017-04-10,9.420000076293945,9.420000076293945,9.420000076293945,9.420000076293945,9.420000076293945,0
2017-04-11,9.420000076293945,9.420000076293945,9.420000076293945,9.420000076293945,9.420000076293945,0
2017-04-12,9.420000076293945,9.420000076293945,9.420000076293945,9.420000076293945,9.420000076293945,0
2017-04-13,9.399999618530273,9.399999618530273,9.399999618530273,9.399999618530273,9.399999618530273,110
2017-04-17,9.399999618530273,9.399999618530273,9.399999618530273,9.399999618530273,9.399999618530273,0
2017-04-18,9.869999885559082,9.869999885559082,9.869999885559082,9.869999885559082,9.869999885559082,62
2017-04-19,9.869999885559082,9.869999885559082,9.869999885559082,9.869999885559082,9.869999885559082,0
2017-04-20,9.869999885559082,9.869999885559082,9.869999885559082,9.869999885559082,9.869999885559082,0
2017-04-21,9.869999885559082,9.869999885559082,9.869999885559082,9.869999885559082,9.869999885559082,0
2017-04-24,9.380000114440918,9.380000114440918,9.380000114440918,9.380000114440918,9.380000114440918,100
2017-04-25,9.380000114440918,9.380000114440918,9.380000114440918,9.380000114440918,9.380000114440918,999
2017-04-26,9.380000114440918,9.380000114440918,9.380000114440918,9.380000114440918,9.380000114440918,0
2017-04-27,9.380000114440918,9.380000114440918,9.380000114440918,9.380000114440918,9.380000114440918,0
2017-04-28,9.380000114440918,9.380000114440918,9.380000114440918,9.380000114440918,9.380000114440918,0
2017-05-02,9.380000114440918,9.380000114440918,9.380000114440918,9.380000114440918,9.380000114440918,0
2017-05-03,9.380000114440918,9.380000114440918,9.380000114440918,9.380000114440918,9.380000114440918,0
2017-05-04,9.380000114440918,9.380000114440918,9.380000114440918,9.380000114440918,9.380000114440918,0
2017-05-05,9.380000114440918,9.380000114440918,9.380000114440918,9.380000114440918,9.380000114440918,0
2017-05-08,9.380000114440918,9.380000114440918,9.380000114440918,9.380000114440918,9.380000114440918,0
2017-05-09,9.380000114440918,9.380000114440918,9.380000114440918,9.380000114440918,9.380000114440918,0
2017-05-10,8.920000076293945,8.920000076293945,8.920000076293945,8.920000076293945,8.920000076293945,552
2017-05-11,8.920000076293945,8.920000076293945,8.920000076293945,8.920000076293945,8.920000076293945,0
2017-05-12,8.920000076293945,8.920000076293945,8.920000076293945,8.920000076293945,8.920000076293945,0
2017-05-15,8.920000076293945,8.920000076293945,8.920000076293945,8.920000076293945,8.920000076293945,0
2017-05-16,8.920000076293945,8.920000076293945,8.920000076293945,8.920000076293945,8.920000076293945,0
2017-05-17,8.920000076293945,8.920000076293945,8.920000076293945,8.920000076293945,8.920000076293945,0
2017-05-18,8.920000076293945,8.920000076293945,8.920000076293945,8.920000076293945,8.920000076293945,0
2017-05-19,8.920000076293945,8.920000076293945,8.920000076293945,8.920000076293945,8.920000076293945,0
2017-05-22,8.920000076293945,8.920000076293945,8.920000076293945,8.920000076293945,8.920000076293945,0
2017-05-23,8.920000076293945,8.920000076293945,8.920000076293945,8.920000076293945,8.920000076293945,0
2017-05-24,8.920000076293945,8.920000076293945,8.920000076293945,8.920000076293945,8.920000076293945,0
2017-05-25,8.920000076293945,8.920000076293945,8.920000076293945,8.920000076293945,8.920000076293945,0
2017-05-26,8.920000076293945,8.920000076293945,8.920000076293945,8.920000076293945,8.920000076293945,0
2017-05-29,8.920000076293945,8.920000076293945,8.920000076293945,8.920000076293945,8.920000076293945,0
2017-05-30,8.920000076293945,8.920000076293945,8.920000076293945,8.920000076293945,8.920000076293945,0
2017-05-31,8.920000076293945,8.920000076293945,8.920000076293945,8.920000076293945,8.920000076293945,0
2017-06-01,8.920000076293945,8.920000076293945,8.920000076293945,8.920000076293945,8.920000076293945,0
2017-06-02,8.920000076293945,8.920000076293945,8.920000076293945,8.920000076293945,8.920000076293945,0
2017-06-05,8.920000076293945,8.920000076293945,8.920000076293945,8.920000076293945,8.920000076293945,0
2017-06-06,8.920000076293945,8.920000076293945,8.920000076293945,8.920000076293945,8.920000076293945,0
2017-06-07,8.920000076293945,8.920000076293945,8.920000076293945,8.920000076293945,8.920000076293945,0
2017-06-08,8.920000076293945,8.920000076293945,8.920000076293945,8.920000076293945,8.920000076293945,0
2017-06-09,9.359999656677246,9.359999656677246,9.359999656677246,9.359999656677246,9.359999656677246,79
2017-06-12,9.359999656677246,9.359999656677246,9.359999656677246,9.359999656677246,9.359999656677246,0
2017-06-13,9.359999656677246,9.359999656677246,9.359999656677246,9.359999656677246,9.359999656677246,0
2017-06-14,9.359999656677246,9.359999656677246,9.359999656677246,9.359999656677246,9.359999656677246,0
2017-06-15,9.359999656677246,9.359999656677246,9.359999656677246,9.359999656677246,9.359999656677246,0
2017-06-16,9.359999656677246,9.359999656677246,9.359999656677246,9.359999656677246,9.359999656677246,0
2017-06-19,8.899999618530273,8.899999618530273,8.899999618530273,8.899999618530273,8.899999618530273,700
2017-06-20,8.899999618530273,8.899999618530273,8.899999618530273,8.899999618530273,8.899999618530273,0
2017-06-21,8.899999618530273,8.899999618530273,8.899999618530273,8.899999618530273,8.899999618530273,0
2017-06-22,8.899999618530273,8.899999618530273,8.899999618530273,8.899999618530273,8.899999618530273,0
2017-06-23,8.899999618530273,8.899999618530273,8.899999618530273,8.899999618530273,8.899999618530273,0
2017-06-27,8.899999618530273,8.899999618530273,8.899999618530273,8.899999618530273,8.899999618530273,0
2017-06-28,8.899999618530273,8.899999618530273,8.899999618530273,8.899999618530273,8.899999618530273,0
2017-06-29,8.899999618530273,8.899999618530273,8.899999618530273,8.899999618530273,8.899999618530273,0
2017-06-30,8.899999618530273,8.899999618530273,8.899999618530273,8.899999618530273,8.899999618530273,0
2017-07-03,8.899999618530273,8.899999618530273,8.899999618530273,8.899999618530273,8.899999618530273,0
2017-07-04,8.899999618530273,8.899999618530273,8.899999618530273,8.899999618530273,8.899999618530273,0
2017-07-05,8.899999618530273,8.899999618530273,8.899999618530273,8.899999618530273,8.899999618530273,0
2017-07-06,8.899999618530273,8.899999618530273,8.899999618530273,8.899999618530273,8.899999618530273,0
2017-07-07,8.899999618530273,8.899999618530273,8.899999618530273,8.899999618530273,8.899999618530273,0
2017-07-10,8.899999618530273,8.899999618530273,8.899999618530273,8.899999618530273,8.899999618530273,0
2017-07-11,8.899999618530273,8.899999618530273,8.899999618530273,8.899999618530273,8.899999618530273,0
2017-07-12,8.899999618530273,8.899999618530273,8.899999618530273,8.899999618530273,8.899999618530273,0
2017-07-13,8.899999618530273,8.899999618530273,8.899999618530273,8.899999618530273,8.899999618530273,0
2017-07-14,8.460000038146973,8.460000038146973,8.460000038146973,8.460000038146973,8.460000038146973,310
2017-07-17,8.460000038146973,8.460000038146973,8.460000038146973,8.460000038146973,8.460000038146973,0
2017-07-18,8.460000038146973,8.460000038146973,8.460000038146973,8.460000038146973,8.460000038146973,0
2017-07-19,8.460000038146973,8.460000038146973,8.460000038146973,8.460000038146973,8.460000038146973,0
2017-07-20,8.460000038146973,8.460000038146973,8.460000038146973,8.460000038146973,8.460000038146973,0
2017-07-21,8.460000038146973,8.460000038146973,8.460000038146973,8.460000038146973,8.460000038146973,0
2017-07-24,8.460000038146973,8.460000038146973,8.460000038146973,8.460000038146973,8.460000038146973,0
2017-07-25,8.460000038146973,8.460000038146973,8.460000038146973,8.460000038146973,8.460000038146973,0
2017-07-26,8.460000038146973,8.460000038146973,8.460000038146973,8.460000038146973,8.460000038146973,0
2017-07-27,8.460000038146973,8.460000038146973,8.460000038146973,8.460000038146973,8.460000038146973,0
2017-07-28,8.460000038146973,8.460000038146973,8.460000038146973,8.460000038146973,8.460000038146973,0
2017-07-31,8.460000038146973,8.460000038146973,8.460000038146973,8.460000038146973,8.460000038146973,0
2017-08-01,8.460000038146973,8.460000038146973,8.460000038146973,8.460000038146973,8.460000038146973,0
2017-08-02,8.460000038146973,8.460000038146973,8.460000038146973,8.460000038146973,8.460000038146973,0
2017-08-03,8.460000038146973,8.460000038146973,8.460000038146973,8.460000038146973,8.460000038146973,0
2017-08-04,8.460000038146973,8.460000038146973,8.460000038146973,8.460000038146973,8.460000038146973,0
2017-08-07,8.460000038146973,8.460000038146973,8.460000038146973,8.460000038146973,8.460000038146973,0
2017-08-08,8.460000038146973,8.460000038146973,8.460000038146973,8.460000038146973,8.460000038146973,0
2017-08-09,8.460000038146973,8.460000038146973,8.460000038146973,8.460000038146973,8.460000038146973,0
2017-08-10,8.460000038146973,8.460000038146973,8.460000038146973,8.460000038146973,8.460000038146973,0
2017-08-11,8.460000038146973,8.460000038146973,8.460000038146973,8.460000038146973,8.460000038146973,0
2017-08-14,8.460000038146973,8.460000038146973,8.460000038146973,8.460000038146973,8.460000038146973,0
2017-08-16,8.460000038146973,8.460000038146973,8.460000038146973,8.460000038146973,8.460000038146973,0
2017-08-17,8.460000038146973,8.460000038146973,8.460000038146973,8.460000038146973,8.460000038146973,0
2017-08-18,8.460000038146973,8.460000038146973,8.460000038146973,8.460000038146973,8.460000038146973,0
2017-08-21,8.460000038146973,8.460000038146973,8.460000038146973,8.460000038146973,8.460000038146973,0
2017-08-22,8.460000038146973,8.460000038146973,8.460000038146973,8.460000038146973,8.460000038146973,0
2017-08-23,8.460000038146973,8.460000038146973,8.460000038146973,8.460000038146973,8.460000038146973,0
2017-08-24,8.460000038146973,8.460000038146973,8.460000038146973,8.460000038146973,8.460000038146973,0
2017-08-28,8.460000038146973,8.460000038146973,8.460000038146973,8.460000038146973,8.460000038146973,0
2017-08-29,8.460000038146973,8.460000038146973,8.460000038146973,8.460000038146973,8.460000038146973,0
2017-08-30,8.460000038146973,8.460000038146973,8.460000038146973,8.460000038146973,8.460000038146973,0
2017-08-31,8.460000038146973,8.460000038146973,8.460000038146973,8.460000038146973,8.460000038146973,0
2017-09-01,8.460000038146973,8.460000038146973,8.460000038146973,8.460000038146973,8.460000038146973,0
2017-09-04,8.460000038146973,8.460000038146973,8.460000038146973,8.460000038146973,8.460000038146973,0
2017-09-05,8.460000038146973,8.460000038146973,8.460000038146973,8.460000038146973,8.460000038146973,0
2017-09-06,8.460000038146973,8.460000038146973,8.460000038146973,8.460000038146973,8.460000038146973,0
2017-09-07,8.460000038146973,8.460000038146973,8.460000038146973,8.460000038146973,8.460000038146973,0
2017-09-08,8.460000038146973,8.460000038146973,8.460000038146973,8.460000038146973,8.460000038146973,0
2017-09-11,8.460000038146973,8.460000038146973,8.460000038146973,8.460000038146973,8.460000038146973,0
2017-09-12,8.460000038146973,8.460000038146973,8.460000038146973,8.460000038146973,8.460000038146973,0
2017-09-13,8.460000038146973,8.460000038146973,8.460000038146973,8.460000038146973,8.460000038146973,0
2017-09-14,8.460000038146973,8.460000038146973,8.460000038146973,8.460000038146973,8.460000038146973,0
2017-09-15,8.869999885559082,8.869999885559082,8.869999885559082,8.869999885559082,8.869999885559082,806
2017-09-18,8.869999885559082,8.869999885559082,8.869999885559082,8.869999885559082,8.869999885559082,0
2017-09-19,8.869999885559082,8.869999885559082,8.869999885559082,8.869999885559082,8.869999885559082,0
2017-09-20,9.3100004196167,9.3100004196167,9.3100004196167,9.3100004196167,9.3100004196167,1
2017-09-21,9.3100004196167,9.3100004196167,9.3100004196167,9.3100004196167,9.3100004196167,0
2017-09-22,9.3100004196167,9.3100004196167,9.3100004196167,9.3100004196167,9.3100004196167,0
2017-09-25,9.3100004196167,9.3100004196167,9.3100004196167,9.3100004196167,9.3100004196167,0
2017-09-26,9.3100004196167,9.3100004196167,9.3100004196167,9.3100004196167,9.3100004196167,0
2017-09-27,9.770000457763672,9.770000457763672,9.770000457763672,9.770000457763672,9.770000457763672,200
2017-09-28,9.770000457763672,9.770000457763672,9.770000457763672,9.770000457763672,9.770000457763672,0
2017-09-29,9.770000457763672,9.770000457763672,9.770000457763672,9.770000457763672,9.770000457763672,0
2017-10-03,9.289999961853027,9.289999961853027,9.289999961853027,9.289999961853027,9.289999961853027,200
2017-10-04,9.289999961853027,9.289999961853027,9.289999961853027,9.289999961853027,9.289999961853027,0
2017-10-05,9.289999961853027,9.289999961853027,9.289999961853027,9.289999961853027,9.289999961853027,0
2017-10-06,9.289999961853027,9.289999961853027,9.289999961853027,9.289999961853027,9.289999961853027,0
2017-10-09,9.289999961853027,9.289999961853027,9.289999961853027,9.289999961853027,9.289999961853027,0
2017-10-10,9.289999961853027,9.289999961853027,9.289999961853027,9.289999961853027,9.289999961853027,0
2017-10-11,9.289999961853027,9.289999961853027,9.289999961853027,9.289999961853027,9.289999961853027,0
2017-10-12,9.289999961853027,9.289999961853027,9.289999961853027,9.289999961853027,9.289999961853027,0
2017-10-13,9.289999961853027,9.289999961853027,9.289999961853027,9.289999961853027,9.289999961853027,0
2017-10-16,9.289999961853027,9.289999961853027,9.289999961853027,9.289999961853027,9.289999961853027,0
2017-10-17,9.75,9.75,9.75,9.75,9.75,310
2017-10-18,10.229999542236328,10.229999542236328,10.229999542236328,10.229999542236328,10.229999542236328,781
2017-10-19,10.229999542236328,10.229999542236328,10.229999542236328,10.229999542236328,10.229999542236328,0
2017-10-23,10.229999542236328,10.229999542236328,10.229999542236328,10.229999542236328,10.229999542236328,0
2017-10-24,10.229999542236328,10.229999542236328,10.229999542236328,10.229999542236328,10.229999542236328,0
2017-10-25,10.720000267028809,10.720000267028809,10.720000267028809,10.720000267028809,10.720000267028809,1000
2017-10-26,10.720000267028809,10.720000267028809,10.720000267028809,10.720000267028809,10.720000267028809,0
2017-10-27,10.199999809265137,11.25,10.199999809265137,11.25,11.25,586
2017-10-30,11.25,11.25,11.25,11.25,11.25,0
2017-10-31,11.25,11.25,11.25,11.25,11.25,0
2017-11-01,11.25,11.25,11.25,11.25,11.25,0
2017-11-02,11.25,11.25,11.25,11.25,11.25,0
2017-11-03,11.25,11.25,11.25,11.25,11.25,0
2017-11-06,11.0,11.0,11.0,11.0,11.0,11
2017-11-07,11.0,11.0,11.0,11.0,11.0,0
2017-11-08,11.0,11.0,11.0,11.0,11.0,0
2017-11-09,11.0,11.0,11.0,11.0,11.0,0
2017-11-10,11.0,11.0,11.0,11.0,11.0,0
2017-11-13,10.449999809265137,10.449999809265137,10.449999809265137,10.449999809265137,10.449999809265137,16
2017-11-14,10.449999809265137,10.449999809265137,10.449999809265137,10.449999809265137,10.449999809265137,0
2017-11-15,10.449999809265137,10.449999809265137,10.449999809265137,10.449999809265137,10.449999809265137,0
2017-11-16,10.449999809265137,10.449999809265137,10.449999809265137,10.449999809265137,10.449999809265137,0
2017-11-17,10.449999809265137,10.449999809265137,10.449999809265137,10.449999809265137,10.449999809265137,0
2017-11-20,10.449999809265137,10.449999809265137,10.449999809265137,10.449999809265137,10.449999809265137,0
2017-11-21,10.449999809265137,10.449999809265137,10.449999809265137,10.449999809265137,10.449999809265137,0
2017-11-22,9.930000305175781,10.949999809265137,9.930000305175781,10.949999809265137,10.949999809265137,320
2017-11-23,10.949999809265137,10.949999809265137,10.949999809265137,10.949999809265137,10.949999809265137,0
2017-11-24,10.5,10.5,10.5,10.5,10.5,23
2017-11-27,10.5,10.5,10.5,10.5,10.5,0
2017-11-28,11.020000457763672,11.020000457763672,11.020000457763672,11.020000457763672,11.020000457763672,100
2017-11-29,11.569999694824219,11.569999694824219,11.569999694824219,11.569999694824219,11.569999694824219,500
2017-11-30,11.0,11.5,11.0,11.5,11.5,1841
2017-12-01,12.0,12.0,12.0,12.0,12.0,100
2017-12-04,12.0,12.0,12.0,12.0,12.0,0
2017-12-05,12.0,12.0,12.0,12.0,12.0,0
2017-12-06,12.0,12.0,12.0,12.0,12.0,0
2017-12-07,12.0,12.0,12.0,12.0,12.0,0
2017-12-08,12.0,12.0,12.0,12.0,12.0,0
2017-12-11,12.0,12.0,12.0,12.0,12.0,0
2017-12-12,12.0,12.0,12.0,12.0,12.0,0
2017-12-13,12.0,12.0,12.0,12.0,12.0,0
2017-12-14,12.0,12.0,12.0,12.0,12.0,0
2017-12-15,12.0,12.0,12.0,12.0,12.0,0
2017-12-18,12.0,12.0,12.0,12.0,12.0,0
2017-12-19,12.0,12.0,12.0,12.0,12.0,0
2017-12-20,12.0,12.0,12.0,12.0,12.0,0
2017-12-21,12.0,12.0,12.0,12.0,12.0,0
2017-12-22,12.0,12.0,12.0,12.0,12.0,0
2017-12-26,12.0,12.0,12.0,12.0,12.0,0
2017-12-27,12.0,12.0,12.0,12.0,12.0,0
2017-12-28,12.0,12.0,12.0,12.0,12.0,0
2017-12-29,12.0,12.0,12.0,12.0,12.0,0
2018-01-01,12.0,12.0,12.0,12.0,12.0,0
2018-01-02,12.0,12.0,12.0,12.0,12.0,0
2018-01-03,12.0,12.0,12.0,12.0,12.0,0
2018-01-04,12.0,12.0,12.0,12.0,12.0,0
2018-01-05,12.0,12.0,12.0,12.0,12.0,0
2018-01-08,12.0,12.0,12.0,12.0,12.0,100
2018-01-09,12.0,12.0,12.0,12.0,12.0,0
2018-01-10,12.0,12.0,12.0,12.0,12.0,0
2018-01-11,12.050000190734863,12.600000381469727,12.050000190734863,12.600000381469727,12.600000381469727,600
2018-01-12,13.229999542236328,13.229999542236328,13.229999542236328,13.229999542236328,13.229999542236328,2801
2018-01-15,13.229999542236328,13.229999542236328,13.229999542236328,13.229999542236328,13.229999542236328,0
2018-01-16,13.229999542236328,13.229999542236328,13.229999542236328,13.229999542236328,13.229999542236328,0
2018-01-17,13.229999542236328,13.229999542236328,13.229999542236328,13.229999542236328,13.229999542236328,0
2018-01-18,12.569999694824219,12.569999694824219,12.569999694824219,12.569999694824219,12.569999694824219,300
2018-01-19,12.569999694824219,12.569999694824219,12.569999694824219,12.569999694824219,12.569999694824219,0
2018-01-22,12.569999694824219,12.569999694824219,12.569999694824219,12.569999694824219,12.569999694824219,0
2018-01-23,12.569999694824219,12.569999694824219,12.569999694824219,12.569999694824219,12.569999694824219,0
2018-01-24,12.569999694824219,12.569999694824219,12.569999694824219,12.569999694824219,12.569999694824219,0
2018-01-25,13.1899995803833,13.1899995803833,13.1899995803833,13.1899995803833,13.1899995803833,2156
2018-01-29,13.1899995803833,13.1899995803833,13.1899995803833,13.1899995803833,13.1899995803833,0
2018-01-30,13.1899995803833,13.1899995803833,13.1899995803833,13.1899995803833,13.1899995803833,0
2018-01-31,13.1899995803833,13.1899995803833,13.1899995803833,13.1899995803833,13.1899995803833,0
2018-02-01,13.1899995803833,13.1899995803833,13.1899995803833,13.1899995803833,13.1899995803833,0
2018-02-02,13.1899995803833,13.1899995803833,13.1899995803833,13.1899995803833,13.1899995803833,201
2018-02-05,13.1899995803833,13.1899995803833,13.1899995803833,13.1899995803833,13.1899995803833,0
2018-02-06,13.1899995803833,13.1899995803833,13.1899995803833,13.1899995803833,13.1899995803833,0
2018-02-07,13.1899995803833,13.1899995803833,13.1899995803833,13.1899995803833,13.1899995803833,0
2018-02-08,13.1899995803833,13.1899995803833,13.1899995803833,13.1899995803833,13.1899995803833,0
2018-02-09,13.1899995803833,13.1899995803833,13.1899995803833,13.1899995803833,13.1899995803833,0
2018-02-12,12.539999961853027,13.800000190734863,12.539999961853027,13.800000190734863,13.800000190734863,1011
2018-02-14,13.800000190734863,13.800000190734863,13.800000190734863,13.800000190734863,13.800000190734863,0
2018-02-15,13.800000190734863,13.800000190734863,13.800000190734863,13.800000190734863,13.800000190734863,0
2018-02-16,13.800000190734863,13.800000190734863,13.800000190734863,13.800000190734863,13.800000190734863,0
2018-02-19,13.800000190734863,13.800000190734863,13.800000190734863,13.800000190734863,13.800000190734863,0
2018-02-20,13.800000190734863,13.800000190734863,13.800000190734863,13.800000190734863,13.800000190734863,0
2018-02-21,13.800000190734863,13.800000190734863,13.800000190734863,13.800000190734863,13.800000190734863,0
2018-02-22,13.800000190734863,13.800000190734863,13.800000190734863,13.800000190734863,13.800000190734863,0
2018-02-23,13.800000190734863,13.800000190734863,13.800000190734863,13.800000190734863,13.800000190734863,0
2018-02-26,13.800000190734863,13.800000190734863,13.800000190734863,13.800000190734863,13.800000190734863,0
2018-02-27,13.109999656677246,13.109999656677246,13.109999656677246,13.109999656677246,13.109999656677246,39
2018-02-28,12.460000038146973,12.460000038146973,12.460000038146973,12.460000038146973,12.460000038146973,60
2018-03-01,13.079999923706055,13.079999923706055,13.079999923706055,13.079999923706055,13.079999923706055,1000
2018-03-05,13.079999923706055,13.079999923706055,13.079999923706055,13.079999923706055,13.079999923706055,0
2018-03-06,13.079999923706055,13.079999923706055,13.079999923706055,13.079999923706055,13.079999923706055,0
2018-03-07,13.079999923706055,13.079999923706055,13.079999923706055,13.079999923706055,13.079999923706055,0
2018-03-08,13.079999923706055,13.079999923706055,13.079999923706055,13.079999923706055,13.079999923706055,0
2018-03-09,13.079999923706055,13.079999923706055,13.079999923706055,13.079999923706055,13.079999923706055,0
2018-03-12,13.079999923706055,13.079999923706055,13.079999923706055,13.079999923706055,13.079999923706055,0
2018-03-13,13.079999923706055,13.079999923706055,13.079999923706055,13.079999923706055,13.079999923706055,0
2018-03-14,13.079999923706055,13.079999923706055,13.079999923706055,13.079999923706055,13.079999923706055,0
2018-03-15,13.079999923706055,13.079999923706055,13.079999923706055,13.079999923706055,13.079999923706055,0
2018-03-16,13.079999923706055,13.079999923706055,13.079999923706055,13.079999923706055,13.079999923706055,0
2018-03-19,13.079999923706055,13.079999923706055,13.079999923706055,13.079999923706055,13.079999923706055,0
2018-03-20,13.079999923706055,13.729999542236328,13.079999923706055,13.729999542236328,13.729999542236328,3132
2018-03-21,13.699999809265137,13.699999809265137,13.699999809265137,13.699999809265137,13.699999809265137,201
2018-03-22,13.699999809265137,13.699999809265137,13.699999809265137,13.699999809265137,13.699999809265137,0
2018-03-23,13.699999809265137,13.699999809265137,13.699999809265137,13.699999809265137,13.699999809265137,0
2018-03-26,13.699999809265137,13.699999809265137,13.699999809265137,13.699999809265137,13.699999809265137,1
2018-03-27,13.699999809265137,13.699999809265137,13.699999809265137,13.699999809265137,13.699999809265137,0
2018-03-28,13.699999809265137,13.699999809265137,13.699999809265137,13.699999809265137,13.699999809265137,0
2018-04-02,13.699999809265137,13.699999809265137,13.699999809265137,13.699999809265137,13.699999809265137,0
2018-04-03,13.5,13.5,13.5,13.5,13.5,189
2018-04-04,13.5,13.5,13.5,13.5,13.5,0
2018-04-05,13.5,13.5,13.5,13.5,13.5,0
2018-04-06,13.5,13.5,13.5,13.5,13.5,0
2018-04-09,13.5,13.5,13.5,13.5,13.5,0
2018-04-10,13.5,13.5,13.5,13.5,13.5,0
2018-04-11,12.829999923706055,12.829999923706055,12.829999923706055,12.829999923706055,12.829999923706055,25
2018-04-12,12.1899995803833,12.1899995803833,12.1899995803833,12.1899995803833,12.1899995803833,50
2018-04-13,12.1899995803833,12.1899995803833,12.1899995803833,12.1899995803833,12.1899995803833,0
2018-04-16,12.199999809265137,12.199999809265137,12.199999809265137,12.199999809265137,12.199999809265137,310
2018-04-17,12.199999809265137,12.199999809265137,12.199999809265137,12.199999809265137,12.199999809265137,0
2018-04-18,12.199999809265137,12.199999809265137,12.199999809265137,12.199999809265137,12.199999809265137,0
2018-04-19,12.199999809265137,12.199999809265137,12.199999809265137,12.199999809265137,12.199999809265137,0
2018-04-20,12.199999809265137,12.199999809265137,12.199999809265137,12.199999809265137,12.199999809265137,0
2018-04-23,12.199999809265137,12.199999809265137,12.199999809265137,12.199999809265137,12.199999809265137,0
2018-04-24,12.199999809265137,12.199999809265137,12.199999809265137,12.199999809265137,12.199999809265137,0
2018-04-25,12.199999809265137,12.199999809265137,12.199999809265137,12.199999809265137,12.199999809265137,0
2018-04-26,12.199999809265137,12.199999809265137,12.199999809265137,12.199999809265137,12.199999809265137,0
2018-04-27,12.199999809265137,12.199999809265137,12.199999809265137,12.199999809265137,12.199999809265137,0
2018-04-30,12.199999809265137,12.199999809265137,12.199999809265137,12.199999809265137,12.199999809265137,0
2018-05-02,12.199999809265137,12.199999809265137,12.199999809265137,12.199999809265137,12.199999809265137,0
2018-05-03,12.199999809265137,12.199999809265137,12.199999809265137,12.199999809265137,12.199999809265137,0
2018-05-04,12.199999809265137,12.199999809265137,12.199999809265137,12.199999809265137,12.199999809265137,0
2018-05-07,12.199999809265137,12.199999809265137,12.199999809265137,12.199999809265137,12.199999809265137,0
2018-05-08,12.199999809265137,12.199999809265137,12.199999809265137,12.199999809265137,12.199999809265137,0
2018-05-09,12.199999809265137,12.199999809265137,12.199999809265137,12.199999809265137,12.199999809265137,0
2018-05-10,12.199999809265137,12.199999809265137,12.199999809265137,12.199999809265137,12.199999809265137,0
2018-05-11,12.199999809265137,12.199999809265137,12.199999809265137,12.199999809265137,12.199999809265137,0
2018-05-14,12.199999809265137,12.199999809265137,12.199999809265137,12.199999809265137,12.199999809265137,0
2018-05-15,12.199999809265137,12.199999809265137,12.199999809265137,12.199999809265137,12.199999809265137,0
2018-05-16,12.199999809265137,12.199999809265137,12.199999809265137,12.199999809265137,12.199999809265137,0
2018-05-17,12.199999809265137,12.199999809265137,12.199999809265137,12.199999809265137,12.199999809265137,0
2018-05-18,12.199999809265137,12.199999809265137,12.199999809265137,12.199999809265137,12.199999809265137,0
2018-05-21,12.199999809265137,12.199999809265137,12.199999809265137,12.199999809265137,12.199999809265137,0
2018-05-22,12.199999809265137,12.199999809265137,12.199999809265137,12.199999809265137,12.199999809265137,0
2018-05-23,12.199999809265137,12.199999809265137,12.199999809265137,12.199999809265137,12.199999809265137,0
2018-05-24,12.199999809265137,12.199999809265137,12.199999809265137,12.199999809265137,12.199999809265137,0
2018-05-25,12.199999809265137,12.199999809265137,12.199999809265137,12.199999809265137,12.199999809265137,0
2018-05-28,12.199999809265137,12.199999809265137,12.199999809265137,12.199999809265137,12.199999809265137,0
2018-05-29,12.199999809265137,12.199999809265137,12.199999809265137,12.199999809265137,12.199999809265137,0
2018-05-30,12.199999809265137,12.199999809265137,12.199999809265137,12.199999809265137,12.199999809265137,0
2018-05-31,12.199999809265137,12.199999809265137,12.199999809265137,12.199999809265137,12.199999809265137,0
2018-06-01,12.199999809265137,12.199999809265137,12.199999809265137,12.199999809265137,12.199999809265137,0
2018-06-04,12.199999809265137,12.199999809265137,12.199999809265137,12.199999809265137,12.199999809265137,0
2018-06-05,12.199999809265137,12.199999809265137,12.199999809265137,12.199999809265137,12.199999809265137,0
2018-06-06,12.199999809265137,12.199999809265137,12.199999809265137,12.199999809265137,12.199999809265137,0
2018-06-07,12.199999809265137,12.199999809265137,12.199999809265137,12.199999809265137,12.199999809265137,0
2018-06-08,12.199999809265137,12.199999809265137,12.199999809265137,12.199999809265137,12.199999809265137,0
2018-06-11,12.199999809265137,12.199999809265137,12.199999809265137,12.199999809265137,12.199999809265137,0
2018-06-12,12.199999809265137,12.199999809265137,12.199999809265137,12.199999809265137,12.199999809265137,0
2018-06-13,12.199999809265137,12.199999809265137,12.199999809265137,12.199999809265137,12.199999809265137,0
2018-06-14,12.199999809265137,12.199999809265137,12.199999809265137,12.199999809265137,12.199999809265137,0
2018-06-15,12.199999809265137,12.199999809265137,12.199999809265137,12.199999809265137,12.199999809265137,0
2018-06-18,12.199999809265137,12.199999809265137,12.199999809265137,12.199999809265137,12.199999809265137,0
2018-06-19,12.199999809265137,12.199999809265137,12.199999809265137,12.199999809265137,12.199999809265137,0
2018-06-20,12.199999809265137,12.199999809265137,12.199999809265137,12.199999809265137,12.199999809265137,0
2018-06-21,12.199999809265137,12.199999809265137,12.199999809265137,12.199999809265137,12.199999809265137,0
2018-06-22,12.199999809265137,12.199999809265137,12.199999809265137,12.199999809265137,12.199999809265137,0
2018-06-25,12.199999809265137,12.199999809265137,12.199999809265137,12.199999809265137,12.199999809265137,0
2018-06-26,12.199999809265137,12.199999809265137,12.199999809265137,12.199999809265137,12.199999809265137,0
2018-06-27,12.199999809265137,12.199999809265137,12.199999809265137,12.199999809265137,12.199999809265137,0
2018-06-28,12.199999809265137,12.199999809265137,12.199999809265137,12.199999809265137,12.199999809265137,0
2018-06-29,12.199999809265137,12.199999809265137,12.199999809265137,12.199999809265137,12.199999809265137,0
2018-07-02,12.199999809265137,12.199999809265137,12.199999809265137,12.199999809265137,12.199999809265137,0
2018-07-03,12.199999809265137,12.199999809265137,12.199999809265137,12.199999809265137,12.199999809265137,0
2018-07-04,12.199999809265137,12.199999809265137,12.199999809265137,12.199999809265137,12.199999809265137,0
2018-07-05,12.199999809265137,12.199999809265137,12.199999809265137,12.199999809265137,12.199999809265137,0
2018-07-06,12.199999809265137,12.199999809265137,12.199999809265137,12.199999809265137,12.199999809265137,0
2018-07-09,12.199999809265137,12.199999809265137,12.199999809265137,12.199999809265137,12.199999809265137,0
2018-07-10,12.199999809265137,12.199999809265137,12.199999809265137,12.199999809265137,12.199999809265137,0
2018-07-11,12.199999809265137,12.199999809265137,12.199999809265137,12.199999809265137,12.199999809265137,0
2018-07-12,12.199999809265137,12.199999809265137,12.199999809265137,12.199999809265137,12.199999809265137,0
2018-07-13,12.199999809265137,12.199999809265137,12.199999809265137,12.199999809265137,12.199999809265137,0
2018-07-16,12.199999809265137,12.199999809265137,12.199999809265137,12.199999809265137,12.199999809265137,0
2018-07-17,12.199999809265137,12.199999809265137,12.199999809265137,12.199999809265137,12.199999809265137,0
2018-07-18,12.199999809265137,12.199999809265137,12.199999809265137,12.199999809265137,12.199999809265137,0
2018-07-19,12.199999809265137,12.199999809265137,12.199999809265137,12.199999809265137,12.199999809265137,0
2018-07-20,11.600000381469727,11.600000381469727,11.600000381469727,11.600000381469727,11.600000381469727,100
2018-07-23,11.600000381469727,11.600000381469727,11.600000381469727,11.600000381469727,11.600000381469727,0
2018-07-24,11.600000381469727,11.600000381469727,11.600000381469727,11.600000381469727,11.600000381469727,0
2018-07-25,11.600000381469727,11.600000381469727,11.600000381469727,11.600000381469727,11.600000381469727,0
2018-07-26,11.600000381469727,11.600000381469727,11.600000381469727,11.600000381469727,11.600000381469727,0
2018-07-27,11.600000381469727,11.600000381469727,11.600000381469727,11.600000381469727,11.600000381469727,0
2018-07-30,11.029999732971191,11.029999732971191,11.029999732971191,11.029999732971191,11.029999732971191,35
2018-07-31,10.5,10.5,10.5,10.5,10.5,10
2018-08-01,10.5,10.5,10.5,10.5,10.5,0
2018-08-02,10.0,10.0,10.0,10.0,10.0,10
2018-08-03,9.5,9.5,9.5,9.5,9.5,20
2018-08-06,9.029999732971191,9.029999732971191,9.029999732971191,9.029999732971191,9.029999732971191,20
2018-08-07,9.029999732971191,9.029999732971191,9.029999732971191,9.029999732971191,9.029999732971191,0
2018-08-08,9.029999732971191,9.029999732971191,9.029999732971191,9.029999732971191,9.029999732971191,0
2018-08-09,9.029999732971191,9.029999732971191,9.029999732971191,9.029999732971191,9.029999732971191,0
2018-08-10,9.029999732971191,9.029999732971191,9.029999732971191,9.029999732971191,9.029999732971191,0
2018-08-13,9.029999732971191,9.029999732971191,9.029999732971191,9.029999732971191,9.029999732971191,0
2018-08-14,9.029999732971191,9.029999732971191,9.029999732971191,9.029999732971191,9.029999732971191,0
2018-08-16,8.600000381469727,8.600000381469727,8.600000381469727,8.600000381469727,8.600000381469727,10
2018-08-17,8.600000381469727,8.600000381469727,8.600000381469727,8.600000381469727,8.600000381469727,0
2018-08-20,8.199999809265137,8.199999809265137,8.199999809265137,8.199999809265137,8.199999809265137,20
2018-08-21,8.199999809265137,8.199999809265137,8.199999809265137,8.199999809265137,8.199999809265137,0
2018-08-23,8.199999809265137,8.199999809265137,8.199999809265137,8.199999809265137,8.199999809265137,0
2018-08-24,7.789999961853027,7.789999961853027,7.789999961853027,7.789999961853027,7.789999961853027,40
2018-08-27,7.789999961853027,7.789999961853027,7.789999961853027,7.789999961853027,7.789999961853027,0
2018-08-28,8.0,8.0,8.0,8.0,8.0,1000
2018-08-29,7.599999904632568,7.599999904632568,7.599999904632568,7.599999904632568,7.599999904632568,620
2018-08-30,7.599999904632568,7.599999904632568,7.599999904632568,7.599999904632568,7.599999904632568,0
2018-08-31,7.599999904632568,7.599999904632568,7.599999904632568,7.599999904632568,7.599999904632568,0
2018-09-03,7.599999904632568,7.599999904632568,7.599999904632568,7.599999904632568,7.599999904632568,0
2018-09-04,7.599999904632568,7.599999904632568,7.599999904632568,7.599999904632568,7.599999904632568,0
2018-09-05,7.599999904632568,7.599999904632568,7.599999904632568,7.599999904632568,7.599999904632568,0
2018-09-06,7.599999904632568,7.599999904632568,7.599999904632568,7.599999904632568,7.599999904632568,0
2018-09-07,7.599999904632568,7.599999904632568,7.599999904632568,7.599999904632568,7.599999904632568,0
2018-09-10,7.599999904632568,7.599999904632568,7.599999904632568,7.599999904632568,7.599999904632568,0
2018-09-11,7.599999904632568,7.599999904632568,7.599999904632568,7.599999904632568,7.599999904632568,0
2018-09-12,7.599999904632568,7.599999904632568,7.599999904632568,7.599999904632568,7.599999904632568,0
2018-09-14,7.599999904632568,7.599999904632568,7.599999904632568,7.599999904632568,7.599999904632568,0
2018-09-17,7.599999904632568,7.599999904632568,7.599999904632568,7.599999904632568,7.599999904632568,0
2018-09-18,7.21999979019165,7.21999979019165,7.21999979019165,7.21999979019165,7.21999979019165,465
2018-09-19,7.21999979019165,7.21999979019165,7.21999979019165,7.21999979019165,7.21999979019165,0
2018-09-21,7.21999979019165,7.21999979019165,7.21999979019165,7.21999979019165,7.21999979019165,0
2018-09-24,7.21999979019165,7.21999979019165,7.21999979019165,7.21999979019165,7.21999979019165,0
2018-09-25,7.21999979019165,7.21999979019165,7.21999979019165,7.21999979019165,7.21999979019165,0
2018-09-26,7.21999979019165,7.21999979019165,7.21999979019165,7.21999979019165,7.21999979019165,0
2018-09-27,7.21999979019165,7.21999979019165,7.21999979019165,7.21999979019165,7.21999979019165,0
2018-09-28,7.21999979019165,7.21999979019165,7.21999979019165,7.21999979019165,7.21999979019165,0
2018-10-01,7.21999979019165,7.21999979019165,7.21999979019165,7.21999979019165,7.21999979019165,0
2018-10-03,7.21999979019165,7.21999979019165,7.21999979019165,7.21999979019165,7.21999979019165,0
2018-10-04,7.21999979019165,7.21999979019165,7.21999979019165,7.21999979019165,7.21999979019165,0
2018-10-05,7.21999979019165,7.21999979019165,7.21999979019165,7.21999979019165,7.21999979019165,0
2018-10-08,7.21999979019165,7.21999979019165,7.21999979019165,7.21999979019165,7.21999979019165,0
2018-10-09,7.21999979019165,7.21999979019165,7.21999979019165,7.21999979019165,7.21999979019165,0
2018-10-10,7.21999979019165,7.21999979019165,7.21999979019165,7.21999979019165,7.21999979019165,0
2018-10-11,7.21999979019165,7.21999979019165,7.21999979019165,7.21999979019165,7.21999979019165,0
2018-10-12,7.21999979019165,7.21999979019165,7.21999979019165,7.21999979019165,7.21999979019165,0
2018-10-15,7.21999979019165,7.21999979019165,7.21999979019165,7.21999979019165,7.21999979019165,0
2018-10-16,7.21999979019165,7.21999979019165,7.21999979019165,7.21999979019165,7.21999979019165,0
2018-10-17,7.21999979019165,7.21999979019165,7.21999979019165,7.21999979019165,7.21999979019165,0
2018-10-19,7.21999979019165,7.21999979019165,7.21999979019165,7.21999979019165,7.21999979019165,0
2018-10-22,7.21999979019165,7.21999979019165,7.21999979019165,7.21999979019165,7.21999979019165,0
2018-10-23,7.21999979019165,7.21999979019165,7.21999979019165,7.21999979019165,7.21999979019165,0
2018-10-24,7.21999979019165,7.21999979019165,7.21999979019165,7.21999979019165,7.21999979019165,0
2018-10-25,7.21999979019165,7.21999979019165,7.21999979019165,7.21999979019165,7.21999979019165,0
2018-10-26,7.21999979019165,7.21999979019165,7.21999979019165,7.21999979019165,7.21999979019165,0
2018-10-29,7.21999979019165,7.21999979019165,7.21999979019165,7.21999979019165,7.21999979019165,0
2018-10-30,7.21999979019165,7.21999979019165,7.21999979019165,7.21999979019165,7.21999979019165,0
2018-10-31,7.21999979019165,7.21999979019165,7.21999979019165,7.21999979019165,7.21999979019165,0
2018-11-01,7.21999979019165,7.21999979019165,7.21999979019165,7.21999979019165,7.21999979019165,0
2018-11-02,7.21999979019165,7.21999979019165,7.21999979019165,7.21999979019165,7.21999979019165,0
2018-11-05,7.21999979019165,7.21999979019165,7.21999979019165,7.21999979019165,7.21999979019165,0
2018-11-06,7.21999979019165,7.21999979019165,7.21999979019165,7.21999979019165,7.21999979019165,0
2018-11-07,7.21999979019165,7.21999979019165,7.21999979019165,7.21999979019165,7.21999979019165,0
2018-11-09,7.21999979019165,7.21999979019165,7.21999979019165,7.21999979019165,7.21999979019165,0
2018-11-12,7.21999979019165,7.21999979019165,7.21999979019165,7.21999979019165,7.21999979019165,0
2018-11-13,7.21999979019165,7.21999979019165,7.21999979019165,7.21999979019165,7.21999979019165,0
2018-11-14,7.21999979019165,7.21999979019165,7.21999979019165,7.21999979019165,7.21999979019165,0
2018-11-15,7.21999979019165,7.21999979019165,7.21999979019165,7.21999979019165,7.21999979019165,0
2018-11-16,7.21999979019165,7.21999979019165,7.21999979019165,7.21999979019165,7.21999979019165,0
2018-11-19,7.21999979019165,7.21999979019165,7.21999979019165,7.21999979019165,7.21999979019165,0
2018-11-20,7.21999979019165,7.21999979019165,7.21999979019165,7.21999979019165,7.21999979019165,0
2018-11-21,7.21999979019165,7.21999979019165,7.21999979019165,7.21999979019165,7.21999979019165,0
2018-11-22,7.21999979019165,7.21999979019165,7.21999979019165,7.21999979019165,7.21999979019165,0
2018-11-26,7.21999979019165,7.21999979019165,7.21999979019165,7.21999979019165,7.21999979019165,0
2018-11-27,7.21999979019165,7.21999979019165,7.21999979019165,7.21999979019165,7.21999979019165,0
2018-11-28,7.21999979019165,7.21999979019165,7.21999979019165,7.21999979019165,7.21999979019165,0
2018-11-29,7.21999979019165,7.21999979019165,7.21999979019165,7.21999979019165,7.21999979019165,0
2018-11-30,7.21999979019165,7.21999979019165,7.21999979019165,7.21999979019165,7.21999979019165,0
2018-12-03,7.21999979019165,7.21999979019165,7.21999979019165,7.21999979019165,7.21999979019165,0
2018-12-04,7.21999979019165,7.21999979019165,7.21999979019165,7.21999979019165,7.21999979019165,0
2018-12-05,7.21999979019165,7.21999979019165,7.21999979019165,7.21999979019165,7.21999979019165,0
2018-12-06,7.21999979019165,7.21999979019165,7.21999979019165,7.21999979019165,7.21999979019165,0
2018-12-07,7.21999979019165,7.21999979019165,7.21999979019165,7.21999979019165,7.21999979019165,0
2018-12-10,7.21999979019165,7.21999979019165,7.21999979019165,7.21999979019165,7.21999979019165,0
2018-12-11,7.21999979019165,7.21999979019165,7.21999979019165,7.21999979019165,7.21999979019165,0
2018-12-12,7.21999979019165,7.21999979019165,7.21999979019165,7.21999979019165,7.21999979019165,0
2018-12-13,7.21999979019165,7.21999979019165,7.21999979019165,7.21999979019165,7.21999979019165,0
2018-12-14,7.21999979019165,7.21999979019165,7.21999979019165,7.21999979019165,7.21999979019165,0
2018-12-17,7.21999979019165,7.21999979019165,7.21999979019165,7.21999979019165,7.21999979019165,0
2018-12-18,7.21999979019165,7.21999979019165,7.21999979019165,7.21999979019165,7.21999979019165,0
2018-12-19,7.21999979019165,7.21999979019165,7.21999979019165,7.21999979019165,7.21999979019165,0
2018-12-20,7.21999979019165,7.21999979019165,7.21999979019165,7.21999979019165,7.21999979019165,0
2018-12-21,7.21999979019165,7.21999979019165,7.21999979019165,7.21999979019165,7.21999979019165,0
2018-12-24,7.21999979019165,7.21999979019165,7.21999979019165,7.21999979019165,7.21999979019165,0
2018-12-26,7.21999979019165,7.21999979019165,7.21999979019165,7.21999979019165,7.21999979019165,0
2018-12-27,7.21999979019165,7.21999979019165,7.21999979019165,7.21999979019165,7.21999979019165,0
2018-12-28,7.21999979019165,7.21999979019165,7.21999979019165,7.21999979019165,7.21999979019165,0
2018-12-31,7.21999979019165,7.21999979019165,7.21999979019165,7.21999979019165,7.21999979019165,0
2019-01-01,6.860000133514404,6.860000133514404,6.860000133514404,6.860000133514404,6.860000133514404,10
2019-01-02,6.860000133514404,6.860000133514404,6.860000133514404,6.860000133514404,6.860000133514404,0
2019-01-03,6.860000133514404,6.860000133514404,6.860000133514404,6.860000133514404,6.860000133514404,0
2019-01-04,6.860000133514404,6.860000133514404,6.860000133514404,6.860000133514404,6.860000133514404,0
2019-01-07,6.860000133514404,6.860000133514404,6.860000133514404,6.860000133514404,6.860000133514404,0
2019-01-08,6.860000133514404,6.860000133514404,6.860000133514404,6.860000133514404,6.860000133514404,0
2019-01-09,7.150000095367432,7.150000095367432,7.150000095367432,7.150000095367432,7.150000095367432,300
2019-01-10,7.5,7.5,7.5,7.5,7.5,310
2019-01-11,7.5,7.5,7.5,7.5,7.5,0
2019-01-14,7.5,7.5,7.5,7.5,7.5,0
2019-01-15,7.5,7.5,7.5,7.5,7.5,0
2019-01-16,7.5,7.5,7.5,7.5,7.5,0
2019-01-17,7.5,7.5,7.5,7.5,7.5,0
2019-01-18,7.5,7.5,7.5,7.5,7.5,0
2019-01-21,7.5,7.5,7.5,7.5,7.5,0
2019-01-22,7.5,7.5,7.5,7.5,7.5,0
2019-01-23,7.5,7.5,7.5,7.5,7.5,177
2019-01-24,7.5,7.5,7.5,7.5,7.5,0
2019-01-25,7.489999771118164,7.489999771118164,7.489999771118164,7.489999771118164,7.489999771118164,99
2019-01-28,7.489999771118164,7.489999771118164,7.489999771118164,7.489999771118164,7.489999771118164,0
2019-01-29,7.489999771118164,7.489999771118164,7.489999771118164,7.489999771118164,7.489999771118164,0
2019-01-30,7.489999771118164,7.489999771118164,7.489999771118164,7.489999771118164,7.489999771118164,0
2019-01-31,7.480000019073486,7.480000019073486,7.480000019073486,7.480000019073486,7.480000019073486,100
2019-02-01,7.480000019073486,7.480000019073486,7.480000019073486,7.480000019073486,7.480000019073486,100
2019-02-04,7.480000019073486,7.480000019073486,7.480000019073486,7.480000019073486,7.480000019073486,0
2019-02-05,7.480000019073486,7.480000019073486,7.480000019073486,7.480000019073486,7.480000019073486,0
2019-02-06,7.480000019073486,7.480000019073486,7.480000019073486,7.480000019073486,7.480000019073486,0
2019-02-07,7.480000019073486,7.480000019073486,7.480000019073486,7.480000019073486,7.480000019073486,0
2019-02-08,7.480000019073486,7.480000019073486,7.480000019073486,7.480000019073486,7.480000019073486,16
2019-02-11,7.480000019073486,7.480000019073486,7.480000019073486,7.480000019073486,7.480000019073486,100
2019-02-12,7.480000019073486,7.480000019073486,7.480000019073486,7.480000019073486,7.480000019073486,0
2019-02-14,7.480000019073486,7.480000019073486,7.480000019073486,7.480000019073486,7.480000019073486,100
2019-02-15,7.480000019073486,7.480000019073486,7.480000019073486,7.480000019073486,7.480000019073486,0
2019-02-18,7.480000019073486,7.480000019073486,7.480000019073486,7.480000019073486,7.480000019073486,0
2019-02-19,7.25,7.400000095367432,7.159999847412109,7.400000095367432,7.400000095367432,4276
2019-02-20,7.400000095367432,7.400000095367432,7.400000095367432,7.400000095367432,7.400000095367432,0
2019-02-21,7.400000095367432,7.400000095367432,7.400000095367432,7.400000095367432,7.400000095367432,0
2019-02-22,7.400000095367432,7.400000095367432,7.400000095367432,7.400000095367432,7.400000095367432,0
2019-02-25,7.590000152587891,7.590000152587891,7.400000095367432,7.400000095367432,7.400000095367432,50337
2019-02-26,7.349999904632568,7.769999980926514,7.349999904632568,7.769999980926514,7.769999980926514,80000
2019-02-27,7.769999980926514,7.769999980926514,7.769999980926514,7.769999980926514,7.769999980926514,1350
2019-02-28,7.769999980926514,7.769999980926514,7.769999980926514,7.769999980926514,7.769999980926514,0
2019-03-01,7.769999980926514,7.769999980926514,7.769999980926514,7.769999980926514,7.769999980926514,0
2019-03-05,7.769999980926514,7.769999980926514,7.769999980926514,7.769999980926514,7.769999980926514,0
2019-03-06,7.769999980926514,7.769999980926514,7.769999980926514,7.769999980926514,7.769999980926514,0
2019-03-07,7.769999980926514,7.769999980926514,7.769999980926514,7.769999980926514,7.769999980926514,0
2019-03-08,7.769999980926514,7.769999980926514,7.769999980926514,7.769999980926514,7.769999980926514,0
2019-03-11,7.769999980926514,7.769999980926514,7.769999980926514,7.769999980926514,7.769999980926514,0
2019-03-12,7.769999980926514,7.769999980926514,7.769999980926514,7.769999980926514,7.769999980926514,0
2019-03-13,7.769999980926514,7.769999980926514,7.769999980926514,7.769999980926514,7.769999980926514,0
2019-03-14,7.769999980926514,7.769999980926514,7.769999980926514,7.769999980926514,7.769999980926514,0
2019-03-15,7.769999980926514,7.769999980926514,7.769999980926514,7.769999980926514,7.769999980926514,0
2019-03-18,7.769999980926514,7.769999980926514,7.769999980926514,7.769999980926514,7.769999980926514,0
2019-03-19,7.769999980926514,7.769999980926514,7.769999980926514,7.769999980926514,7.769999980926514,0
2019-03-20,7.769999980926514,7.769999980926514,7.769999980926514,7.769999980926514,7.769999980926514,0
2019-03-22,7.769999980926514,7.769999980926514,7.769999980926514,7.769999980926514,7.769999980926514,0
2019-03-25,7.769999980926514,7.769999980926514,7.769999980926514,7.769999980926514,7.769999980926514,0
2019-03-26,7.769999980926514,7.769999980926514,7.769999980926514,7.769999980926514,7.769999980926514,0
2019-03-27,7.769999980926514,7.769999980926514,7.769999980926514,7.769999980926514,7.769999980926514,0
2019-03-28,7.769999980926514,7.769999980926514,7.769999980926514,7.769999980926514,7.769999980926514,0
2019-04-01,7.389999866485596,7.389999866485596,7.389999866485596,7.389999866485596,7.389999866485596,0
2019-04-02,7.389999866485596,7.389999866485596,7.389999866485596,7.389999866485596,7.389999866485596,0
2019-04-03,7.389999866485596,7.389999866485596,7.389999866485596,7.389999866485596,7.389999866485596,0
2019-04-04,7.389999866485596,7.389999866485596,7.389999866485596,7.389999866485596,7.389999866485596,0
2019-04-05,7.389999866485596,7.389999866485596,7.389999866485596,7.389999866485596,7.389999866485596,0
2019-04-08,7.389999866485596,7.389999866485596,7.389999866485596,7.389999866485596,7.389999866485596,0
2019-04-09,7.389999866485596,7.389999866485596,7.389999866485596,7.389999866485596,7.389999866485596,0
2019-04-10,7.389999866485596,7.389999866485596,7.389999866485596,7.389999866485596,7.389999866485596,0
2019-04-11,7.389999866485596,7.389999866485596,7.389999866485596,7.389999866485596,7.389999866485596,0
2019-04-12,7.389999866485596,7.389999866485596,7.389999866485596,7.389999866485596,7.389999866485596,0
2019-04-15,7.389999866485596,7.389999866485596,7.389999866485596,7.389999866485596,7.389999866485596,0
2019-04-16,7.389999866485596,7.389999866485596,7.389999866485596,7.389999866485596,7.389999866485596,0
2019-04-18,7.389999866485596,7.389999866485596,7.389999866485596,7.389999866485596,7.389999866485596,0
2019-04-22,7.389999866485596,7.389999866485596,7.389999866485596,7.389999866485596,7.389999866485596,0
2019-04-23,7.389999866485596,7.389999866485596,7.389999866485596,7.389999866485596,7.389999866485596,0
2019-04-24,7.389999866485596,7.389999866485596,7.389999866485596,7.389999866485596,7.389999866485596,0
2019-04-25,7.389999866485596,7.389999866485596,7.389999866485596,7.389999866485596,7.389999866485596,0
2019-04-26,7.389999866485596,7.389999866485596,7.389999866485596,7.389999866485596,7.389999866485596,0
2019-04-30,7.389999866485596,7.389999866485596,7.389999866485596,7.389999866485596,7.389999866485596,0
2019-05-02,7.389999866485596,7.389999866485596,7.389999866485596,7.389999866485596,7.389999866485596,0
2019-05-03,7.389999866485596,7.389999866485596,7.389999866485596,7.389999866485596,7.389999866485596,0
2019-05-06,7.389999866485596,7.389999866485596,7.389999866485596,7.389999866485596,7.389999866485596,0
2019-05-07,7.389999866485596,7.389999866485596,7.389999866485596,7.389999866485596,7.389999866485596,0
2019-05-08,7.389999866485596,7.389999866485596,7.389999866485596,7.389999866485596,7.389999866485596,0
2019-05-09,7.389999866485596,7.389999866485596,7.389999866485596,7.389999866485596,7.389999866485596,0
2019-05-10,7.389999866485596,7.389999866485596,7.389999866485596,7.389999866485596,7.389999866485596,0
2019-05-13,7.389999866485596,7.389999866485596,7.389999866485596,7.389999866485596,7.389999866485596,0
2019-05-14,7.389999866485596,7.389999866485596,7.389999866485596,7.389999866485596,7.389999866485596,0
2019-05-15,7.389999866485596,7.389999866485596,7.389999866485596,7.389999866485596,7.389999866485596,0
2019-05-16,7.389999866485596,7.389999866485596,7.389999866485596,7.389999866485596,7.389999866485596,0
2019-05-17,7.389999866485596,7.389999866485596,7.389999866485596,7.389999866485596,7.389999866485596,0
2019-05-20,7.389999866485596,7.389999866485596,7.389999866485596,7.389999866485596,7.389999866485596,0
2019-05-21,7.389999866485596,7.389999866485596,7.389999866485596,7.389999866485596,7.389999866485596,0
2019-05-22,7.389999866485596,7.389999866485596,7.389999866485596,7.389999866485596,7.389999866485596,0
2019-05-23,7.389999866485596,7.389999866485596,7.389999866485596,7.389999866485596,7.389999866485596,0
2019-05-24,7.389999866485596,7.389999866485596,7.389999866485596,7.389999866485596,7.389999866485596,0
2019-05-27,7.389999866485596,7.389999866485596,7.389999866485596,7.389999866485596,7.389999866485596,0
2019-05-28,7.389999866485596,7.389999866485596,7.389999866485596,7.389999866485596,7.389999866485596,0
2019-05-29,7.389999866485596,7.389999866485596,7.389999866485596,7.389999866485596,7.389999866485596,0
2019-05-30,7.389999866485596,7.389999866485596,7.389999866485596,7.389999866485596,7.389999866485596,0
2019-05-31,7.389999866485596,7.389999866485596,7.389999866485596,7.389999866485596,7.389999866485596,0
2019-06-03,7.389999866485596,7.389999866485596,7.389999866485596,7.389999866485596,7.389999866485596,0
2019-06-04,7.389999866485596,7.389999866485596,7.389999866485596,7.389999866485596,7.389999866485596,0
2019-06-06,7.389999866485596,7.389999866485596,7.389999866485596,7.389999866485596,7.389999866485596,0
2019-06-07,7.389999866485596,7.389999866485596,7.389999866485596,7.389999866485596,7.389999866485596,0
2019-06-10,7.389999866485596,7.389999866485596,7.389999866485596,7.389999866485596,7.389999866485596,0
2019-06-11,7.03000020980835,7.03000020980835,7.03000020980835,7.03000020980835,7.03000020980835,10
2019-06-12,7.380000114440918,7.380000114440918,7.380000114440918,7.380000114440918,7.380000114440918,148260
2019-06-13,7.699999809265137,7.699999809265137,7.699999809265137,7.699999809265137,7.699999809265137,310
2019-06-14,7.699999809265137,7.699999809265137,7.699999809265137,7.699999809265137,7.699999809265137,0
2019-06-17,7.699999809265137,7.699999809265137,7.699999809265137,7.699999809265137,7.699999809265137,0
2019-06-18,7.699999809265137,7.699999809265137,7.699999809265137,7.699999809265137,7.699999809265137,0
2019-06-19,7.699999809265137,7.699999809265137,7.699999809265137,7.699999809265137,7.699999809265137,0
2019-06-20,7.699999809265137,7.699999809265137,7.699999809265137,7.699999809265137,7.699999809265137,0
2019-06-21,7.699999809265137,7.699999809265137,7.699999809265137,7.699999809265137,7.699999809265137,50
2019-06-24,7.699999809265137,7.699999809265137,7.699999809265137,7.699999809265137,7.699999809265137,0
2019-06-25,7.699999809265137,7.699999809265137,7.699999809265137,7.699999809265137,7.699999809265137,0
2019-06-26,7.699999809265137,7.699999809265137,7.699999809265137,7.699999809265137,7.699999809265137,0
2019-06-27,7.5,7.5,7.5,7.5,7.5,500
2019-06-28,7.150000095367432,7.150000095367432,7.150000095367432,7.150000095367432,7.150000095367432,450
2019-07-01,7.150000095367432,7.150000095367432,6.800000190734863,6.800000190734863,6.800000190734863,1000
2019-07-02,6.800000190734863,6.800000190734863,6.800000190734863,6.800000190734863,6.800000190734863,0
2019-07-03,6.800000190734863,6.800000190734863,6.800000190734863,6.800000190734863,6.800000190734863,0
2019-07-04,6.800000190734863,6.800000190734863,6.800000190734863,6.800000190734863,6.800000190734863,0
2019-07-05,7.139999866485596,7.139999866485596,7.139999866485596,7.139999866485596,7.139999866485596,1447
2019-07-08,7.139999866485596,7.139999866485596,7.139999866485596,7.139999866485596,7.139999866485596,0
2019-07-09,7.139999866485596,7.139999866485596,7.139999866485596,7.139999866485596,7.139999866485596,0
2019-07-10,7.139999866485596,7.139999866485596,7.139999866485596,7.139999866485596,7.139999866485596,0
2019-07-11,7.139999866485596,7.139999866485596,7.139999866485596,7.139999866485596,7.139999866485596,0
2019-07-12,7.139999866485596,7.139999866485596,7.139999866485596,7.139999866485596,7.139999866485596,0
2019-07-15,7.139999866485596,7.139999866485596,7.139999866485596,7.139999866485596,7.139999866485596,0
2019-07-16,7.489999771118164,7.489999771118164,7.489999771118164,7.489999771118164,7.489999771118164,599
2019-07-17,7.489999771118164,7.489999771118164,7.489999771118164,7.489999771118164,7.489999771118164,0
2019-07-18,7.489999771118164,7.489999771118164,7.489999771118164,7.489999771118164,7.489999771118164,0
2019-07-19,7.489999771118164,7.489999771118164,7.489999771118164,7.489999771118164,7.489999771118164,0
2019-07-22,7.489999771118164,7.489999771118164,7.489999771118164,7.489999771118164,7.489999771118164,0
2019-07-23,7.489999771118164,7.489999771118164,7.489999771118164,7.489999771118164,7.489999771118164,0
2019-07-24,7.489999771118164,7.489999771118164,7.489999771118164,7.489999771118164,7.489999771118164,0
2019-07-25,7.860000133514404,7.860000133514404,7.860000133514404,7.860000133514404,7.860000133514404,310
2019-07-26,7.860000133514404,7.860000133514404,7.860000133514404,7.860000133514404,7.860000133514404,0
2019-07-29,7.860000133514404,7.860000133514404,7.860000133514404,7.860000133514404,7.860000133514404,0
2019-07-30,7.860000133514404,7.860000133514404,7.860000133514404,7.860000133514404,7.860000133514404,0
2019-07-31,7.860000133514404,7.860000133514404,7.860000133514404,7.860000133514404,7.860000133514404,0
2019-08-01,7.860000133514404,7.860000133514404,7.860000133514404,7.860000133514404,7.860000133514404,0
2019-08-02,7.860000133514404,7.860000133514404,7.860000133514404,7.860000133514404,7.860000133514404,0
2019-08-05,8.25,8.25,8.25,8.25,8.25,300
2019-08-06,8.25,8.25,8.25,8.25,8.25,0
2019-08-07,8.65999984741211,8.65999984741211,8.649999618530273,8.649999618530273,8.649999618530273,300
2019-08-08,8.649999618530273,8.649999618530273,8.649999618530273,8.649999618530273,8.649999618530273,0
2019-08-09,8.649999618530273,8.649999618530273,8.649999618530273,8.649999618530273,8.649999618530273,0
2019-08-13,8.649999618530273,8.649999618530273,8.649999618530273,8.649999618530273,8.649999618530273,0
2019-08-14,8.649999618530273,8.649999618530273,8.649999618530273,8.649999618530273,8.649999618530273,0
2019-08-16,8.649999618530273,8.649999618530273,8.649999618530273,8.649999618530273,8.649999618530273,0
2019-08-19,8.649999618530273,8.649999618530273,8.649999618530273,8.649999618530273,8.649999618530273,0
2019-08-20,8.649999618530273,8.649999618530273,8.649999618530273,8.649999618530273,8.649999618530273,0
2019-08-21,8.649999618530273,8.649999618530273,8.649999618530273,8.649999618530273,8.649999618530273,0
2019-08-22,8.649999618530273,8.649999618530273,8.649999618530273,8.649999618530273,8.649999618530273,0
2019-08-23,8.649999618530273,8.649999618530273,8.649999618530273,8.649999618530273,8.649999618530273,0
2019-08-26,8.649999618530273,8.649999618530273,8.649999618530273,8.649999618530273,8.649999618530273,0
2019-08-27,8.649999618530273,8.649999618530273,8.649999618530273,8.649999618530273,8.649999618530273,0
2019-08-28,8.649999618530273,8.649999618530273,8.649999618530273,8.649999618530273,8.649999618530273,0
2019-08-29,8.649999618530273,8.649999618530273,8.649999618530273,8.649999618530273,8.649999618530273,0
2019-08-30,8.649999618530273,8.649999618530273,8.649999618530273,8.649999618530273,8.649999618530273,0
2019-09-03,8.649999618530273,8.649999618530273,8.649999618530273,8.649999618530273,8.649999618530273,0
2019-09-04,8.649999618530273,8.649999618530273,8.649999618530273,8.649999618530273,8.649999618530273,0
2019-09-05,8.649999618530273,8.649999618530273,8.649999618530273,8.649999618530273,8.649999618530273,0
2019-09-06,8.649999618530273,8.649999618530273,8.649999618530273,8.649999618530273,8.649999618530273,0
2019-09-09,8.649999618530273,8.649999618530273,8.649999618530273,8.649999618530273,8.649999618530273,0
2019-09-11,8.649999618530273,8.649999618530273,8.649999618530273,8.649999618530273,8.649999618530273,0
2019-09-12,8.649999618530273,8.649999618530273,8.649999618530273,8.649999618530273,8.649999618530273,0
2019-09-13,8.649999618530273,8.649999618530273,8.649999618530273,8.649999618530273,8.649999618530273,0
2019-09-16,8.649999618530273,8.649999618530273,8.649999618530273,8.649999618530273,8.649999618530273,0
2019-09-17,8.649999618530273,8.649999618530273,8.649999618530273,8.649999618530273,8.649999618530273,0
2019-09-18,8.649999618530273,8.649999618530273,8.649999618530273,8.649999618530273,8.649999618530273,0
2019-09-19,9.079999923706055,9.079999923706055,9.079999923706055,9.079999923706055,9.079999923706055,1797
2019-09-20,9.050000190734863,9.050000190734863,9.050000190734863,9.050000190734863,9.050000190734863,206
2019-09-23,9.050000190734863,9.050000190734863,9.050000190734863,9.050000190734863,9.050000190734863,0
2019-09-24,9.050000190734863,9.050000190734863,9.050000190734863,9.050000190734863,9.050000190734863,0
2019-09-25,9.050000190734863,9.050000190734863,9.050000190734863,9.050000190734863,9.050000190734863,0
2019-09-26,9.050000190734863,9.050000190734863,9.050000190734863,9.050000190734863,9.050000190734863,0
2019-09-27,9.050000190734863,9.050000190734863,9.050000190734863,9.050000190734863,9.050000190734863,0
2019-09-30,9.050000190734863,9.050000190734863,9.050000190734863,9.050000190734863,9.050000190734863,0
2019-10-01,9.050000190734863,9.050000190734863,9.050000190734863,9.050000190734863,9.050000190734863,62
2019-10-03,9.050000190734863,9.050000190734863,9.050000190734863,9.050000190734863,9.050000190734863,0
2019-10-04,9.050000190734863,9.050000190734863,9.050000190734863,9.050000190734863,9.050000190734863,0
2019-10-07,9.050000190734863,9.050000190734863,9.050000190734863,9.050000190734863,9.050000190734863,0
2019-10-09,9.050000190734863,9.050000190734863,9.050000190734863,9.050000190734863,9.050000190734863,0
2019-10-10,9.050000190734863,9.050000190734863,9.050000190734863,9.050000190734863,9.050000190734863,0
2019-10-11,9.5,9.5,9.5,9.5,9.5,40
2019-10-14,9.5,9.5,9.5,9.5,9.5,0
2019-10-15,9.5,9.5,9.5,9.5,9.5,0
2019-10-16,9.5,9.5,9.5,9.5,9.5,0
2019-10-17,9.5,9.5,9.5,9.5,9.5,1
2019-10-18,9.5,9.5,9.5,9.5,9.5,0
2019-10-22,9.5,9.5,9.5,9.5,9.5,0
2019-10-23,9.5,9.5,9.5,9.5,9.5,0
2019-10-24,9.5,9.5,9.5,9.5,9.5,0
2019-10-25,9.5,9.5,9.5,9.5,9.5,0
2019-10-29,9.5,9.5,9.5,9.5,9.5,0
2019-10-30,9.5,9.5,9.5,9.5,9.5,0
2019-10-31,9.5,9.5,9.5,9.5,9.5,0
2019-11-01,9.5,9.5,9.5,9.5,9.5,0
2019-11-04,9.5,9.5,9.5,9.5,9.5,186
2019-11-05,9.5,9.5,9.5,9.5,9.5,0
2019-11-06,9.5,9.5,9.5,9.5,9.5,0
2019-11-07,9.5,9.5,9.5,9.5,9.5,0
2019-11-08,9.5,9.5,9.5,9.5,9.5,0
2019-11-11,9.5,9.5,9.5,9.5,9.5,0
2019-11-13,9.5,9.5,9.5,9.5,9.5,0
2019-11-14,9.5,9.5,9.5,9.5,9.5,0
2019-11-15,9.5,9.5,9.5,9.5,9.5,0
2019-11-18,9.5,9.5,9.5,9.5,9.5,0
2019-11-19,9.5,9.5,9.5,9.5,9.5,0
2019-11-20,9.5,9.5,9.5,9.5,9.5,0
2019-11-21,9.5,9.5,9.5,9.5,9.5,0
2019-11-22,9.5,9.5,9.5,9.5,9.5,0
2019-11-25,9.5,9.5,9.5,9.5,9.5,0
2019-11-26,9.5,9.5,9.5,9.5,9.5,0
2019-11-27,9.5,9.5,9.5,9.5,9.5,0
2019-11-28,9.5,9.5,9.5,9.5,9.5,0
2019-11-29,9.5,9.5,9.5,9.5,9.5,0
2019-12-02,9.5,9.5,9.5,9.5,9.5,0
2019-12-03,9.5,9.5,9.5,9.5,9.5,0
2019-12-04,9.5,9.5,9.5,9.5,9.5,0
2019-12-05,9.5,9.5,9.5,9.5,9.5,0
2019-12-06,9.5,9.5,9.5,9.5,9.5,0
2019-12-09,9.5,9.5,9.5,9.5,9.5,0
2019-12-10,9.5,9.5,9.5,9.5,9.5,0
2019-12-11,9.5,9.5,9.5,9.5,9.5,0
2019-12-12,9.5,9.5,9.5,9.5,9.5,0
2019-12-13,9.5,9.5,9.5,9.5,9.5,0
2019-12-16,9.5,9.5,9.5,9.5,9.5,0
2019-12-17,9.5,9.5,9.5,9.5,9.5,0
2019-12-18,9.5,9.5,9.5,9.5,9.5,0
2019-12-19,9.5,9.5,9.5,9.5,9.5,0
2019-12-20,9.5,9.5,9.5,9.5,9.5,0
2019-12-23,9.5,9.5,9.5,9.5,9.5,0
2019-12-24,9.5,9.5,9.5,9.5,9.5,0
2019-12-26,9.5,9.5,9.5,9.5,9.5,0
2019-12-27,9.5,9.5,9.5,9.5,9.5,0
2019-12-30,9.5,9.5,9.5,9.5,9.5,0
2019-12-31,9.5,9.5,9.5,9.5,9.5,0
2020-01-01,9.5,9.5,9.5,9.5,9.5,0
2020-01-02,9.5,9.5,9.5,9.5,9.5,0
2020-01-03,9.5,9.5,9.5,9.5,9.5,0
2020-01-06,9.5,9.5,9.5,9.5,9.5,0
2020-01-07,9.5,9.5,9.5,9.5,9.5,0
2020-01-08,9.5,9.5,9.5,9.5,9.5,0
2020-01-09,9.5,9.5,9.5,9.5,9.5,0
2020-01-10,9.5,9.5,9.5,9.5,9.5,0
2020-01-13,9.5,9.5,9.5,9.5,9.5,0
2020-01-14,9.5,9.5,9.5,9.5,9.5,0
2020-01-15,9.5,9.5,9.5,9.5,9.5,0
2020-01-16,9.5,9.5,9.5,9.5,9.5,0
2020-01-17,9.5,9.5,9.5,9.5,9.5,0
2020-01-20,9.5,9.5,9.5,9.5,9.5,0
2020-01-21,9.5,9.5,9.5,9.5,9.5,0
2020-01-22,9.5,9.5,9.5,9.5,9.5,0
2020-01-23,9.5,9.5,9.5,9.5,9.5,0
2020-01-24,9.5,9.5,9.5,9.5,9.5,0
2020-01-27,9.5,9.5,9.5,9.5,9.5,0
2020-01-28,9.5,9.5,9.5,9.5,9.5,0
2020-01-29,9.5,9.5,9.5,9.5,9.5,0
2020-01-30,9.5,9.5,9.5,9.5,9.5,0
2020-01-31,9.5,9.5,9.5,9.5,9.5,0
2020-02-03,9.5,9.5,9.5,9.5,9.5,0
2020-02-04,9.5,9.5,9.5,9.5,9.5,0
2020-02-05,9.5,9.5,9.5,9.5,9.5,0
2020-02-06,9.5,9.5,9.5,9.5,9.5,0
2020-02-07,9.5,9.5,9.5,9.5,9.5,0
2020-02-10,9.5,9.5,9.5,9.5,9.5,0
2020-02-11,9.5,9.5,9.5,9.5,9.5,0
2020-02-12,9.5,9.5,9.5,9.5,9.5,0
2020-02-13,9.5,9.5,9.5,9.5,9.5,0
2020-02-14,9.5,9.5,9.5,9.5,9.5,0
2020-02-17,9.5,9.5,9.5,9.5,9.5,0
2020-02-18,9.5,9.5,9.5,9.5,9.5,0
2020-02-19,9.5,9.5,9.5,9.5,9.5,0
2020-02-20,9.5,9.5,9.5,9.5,9.5,0
2020-02-24,9.5,9.5,9.5,9.5,9.5,0
2020-02-25,9.5,9.5,9.5,9.5,9.5,0
2020-02-26,9.5,9.5,9.5,9.5,9.5,0
2020-02-27,9.5,9.5,9.5,9.5,9.5,0
2020-02-28,9.5,9.5,9.5,9.5,9.5,0
2020-03-02,9.5,9.5,9.5,9.5,9.5,0
2020-03-03,9.5,9.5,9.5,9.5,9.5,0
2020-03-04,9.5,9.5,9.5,9.5,9.5,0
2020-03-05,9.5,9.5,9.5,9.5,9.5,0
2020-03-06,9.5,9.5,9.5,9.5,9.5,0
2020-03-09,9.5,9.5,9.5,9.5,9.5,0
2020-03-11,9.5,9.5,9.5,9.5,9.5,0
2020-03-12,9.5,9.5,9.5,9.5,9.5,0
2020-03-13,9.5,9.5,9.5,9.5,9.5,0
2020-03-16,9.5,9.5,9.5,9.5,9.5,0
2020-03-17,9.5,9.5,9.5,9.5,9.5,0
2020-03-18,9.5,9.5,9.5,9.5,9.5,0
2020-03-19,9.5,9.5,9.5,9.5,9.5,0
2020-03-20,9.5,9.5,9.5,9.5,9.5,0
2020-03-23,9.5,9.5,9.5,9.5,9.5,0
2020-03-24,9.5,9.5,9.5,9.5,9.5,0
2020-03-25,9.5,9.5,9.5,9.5,9.5,0
2020-03-26,9.5,9.5,9.5,9.5,9.5,0
2020-03-27,9.5,9.5,9.5,9.5,9.5,0
2020-03-30,9.5,9.5,9.5,9.5,9.5,0
2020-03-31,9.5,9.5,9.5,9.5,9.5,0
2020-04-01,9.5,9.5,9.5,9.5,9.5,0
2020-04-03,9.5,9.5,9.5,9.5,9.5,0
2020-04-07,9.5,9.5,9.5,9.5,9.5,0
2020-04-08,9.5,9.5,9.5,9.5,9.5,0
2020-04-09,9.5,9.5,9.5,9.5,9.5,0
2020-04-13,9.5,9.5,9.5,9.5,9.5,0
2020-04-15,9.5,9.5,9.5,9.5,9.5,0
2020-04-16,9.5,9.5,9.5,9.5,9.5,0
2020-04-17,9.5,9.5,9.5,9.5,9.5,0
2020-04-20,9.5,9.5,9.5,9.5,9.5,0
2020-04-21,9.5,9.5,9.5,9.5,9.5,0
2020-04-22,9.5,9.5,9.5,9.5,9.5,0
2020-04-23,9.5,9.5,9.5,9.5,9.5,0
2020-04-24,9.5,9.5,9.5,9.5,9.5,0
2020-04-27,9.5,9.5,9.5,9.5,9.5,0
2020-04-28,9.5,9.5,9.5,9.5,9.5,0
2020-04-29,9.5,9.5,9.5,9.5,9.5,0
2020-04-30,9.5,9.5,9.5,9.5,9.5,0
2020-05-04,9.5,9.5,9.5,9.5,9.5,0
2020-05-05,9.5,9.5,9.5,9.5,9.5,0
2020-05-06,9.5,9.5,9.5,9.5,9.5,0
2020-05-07,9.5,9.5,9.5,9.5,9.5,0
2020-05-08,9.5,9.5,9.5,9.5,9.5,0
2020-05-11,9.5,9.5,9.5,9.5,9.5,0
2020-05-12,9.5,9.5,9.5,9.5,9.5,0
2020-05-13,9.5,9.5,9.5,9.5,9.5,0
2020-05-14,9.5,9.5,9.5,9.5,9.5,0
2020-05-15,9.970000267028809,9.970000267028809,9.970000267028809,9.970000267028809,9.970000267028809,1
2020-05-18,9.970000267028809,9.970000267028809,9.970000267028809,9.970000267028809,9.970000267028809,0
2020-05-19,9.970000267028809,9.970000267028809,9.970000267028809,9.970000267028809,9.970000267028809,0
2020-05-20,9.970000267028809,9.970000267028809,9.970000267028809,9.970000267028809,9.970000267028809,0
2020-05-21,9.970000267028809,9.970000267028809,9.970000267028809,9.970000267028809,9.970000267028809,0
2020-05-22,9.970000267028809,9.970000267028809,9.970000267028809,9.970000267028809,9.970000267028809,0
2020-05-26,9.970000267028809,9.970000267028809,9.970000267028809,9.970000267028809,9.970000267028809,0
2020-05-27,9.5,9.5,9.5,9.5,9.5,9
2020-05-28,9.5,9.5,9.5,9.5,9.5,0
2020-05-29,9.5,9.5,9.5,9.5,9.5,0
2020-06-01,9.5,9.5,9.5,9.5,9.5,0
2020-06-02,9.949999809265137,9.949999809265137,9.949999809265137,9.949999809265137,9.949999809265137,2
2020-06-03,10.4399995803833,10.4399995803833,10.40999984741211,10.40999984741211,10.40999984741211,2
2020-06-04,10.40999984741211,10.40999984741211,10.40999984741211,10.40999984741211,10.40999984741211,0
2020-06-05,10.930000305175781,10.930000305175781,9.890000343322754,9.890000343322754,9.890000343322754,39
